BENG07.TXT
48
80
40 12
1	1	9	2	
2	1	11	5	
3	1	10	4	
4	1	1	5	
5	1	1	3	
6	1	11	6	
7	1	11	8	
8	3	8	4	3	3	8	7	
9	1	8	3	
10	1	6	5	
11	2	10	3	10	4	
12	1	1	1	
13	1	8	3	
14	1	6	2	
15	1	5	4	
16	1	11	3	
17	1	5	6	
18	2	12	8	7	2	
19	1	12	7	
20	6	9	8	10	3	3	8	11	5	7	7	5	2	
21	2	3	8	8	6	
22	3	3	6	12	3	7	6	
23	2	1	2	3	1	
24	1	2	7	
25	1	12	6	
26	4	1	7	8	5	11	7	10	4	
27	1	7	8	
28	2	4	1	4	7	
29	1	10	3	
30	2	3	2	5	4	
31	3	2	8	3	4	2	6	
32	1	4	7	
33	1	7	3	
34	1	11	4	
35	4	11	5	12	7	10	7	8	8	
36	3	11	1	12	7	2	3	
37	4	11	3	8	8	4	8	9	2	
38	1	8	4	
39	1	11	4	
40	1	2	4	
41	1	8	6	
42	3	1	3	5	4	11	2	
43	2	4	3	7	3	
44	1	10	5	
45	2	9	1	11	4	
46	1	8	1	
47	1	9	1	
48	1	12	6	
