BENG10.TXT
120
200
40 12
1	2	10	3	3	1	
2	3	7	3	3	8	6	8	
3	1	11	7	
4	1	7	2	
5	1	9	1	
6	2	5	4	9	6	
7	1	1	5	
8	2	3	8	2	1	
9	3	2	7	9	2	10	5	
10	2	3	4	8	1	
11	2	11	8	6	5	
12	1	2	3	
13	3	9	2	7	8	1	1	
14	1	9	5	
15	2	8	6	7	7	
16	4	9	8	2	6	4	2	3	5	
17	1	8	6	
18	1	8	2	
19	1	3	1	
20	1	6	5	
21	1	1	7	
22	3	12	7	1	6	5	5	
23	3	10	5	1	6	5	4	
24	1	11	4	
25	2	8	8	7	7	
26	3	11	8	10	7	9	1	
27	1	8	7	
28	3	5	6	7	3	11	8	
29	5	2	8	1	2	4	7	7	6	6	3	
30	1	12	4	
31	2	4	3	12	3	
32	3	1	4	11	3	11	2	
33	2	10	7	12	6	
34	1	8	1	
35	2	1	3	3	1	
36	3	7	6	6	7	2	3	
37	1	11	4	
38	2	4	7	10	5	
39	4	7	8	11	3	10	4	1	5	
40	3	6	2	1	1	9	6	
41	2	2	4	2	1	
42	1	10	3	
43	4	3	2	11	8	12	7	9	5	
44	1	5	2	
45	1	1	6	
46	2	4	6	8	1	
47	3	3	8	6	3	8	8	
48	3	12	7	5	6	2	4	
49	2	8	4	11	4	
50	1	6	1	
51	1	7	7	
52	2	8	5	5	5	
53	1	1	8	
54	1	3	6	
55	1	9	7	
56	1	1	1	
57	1	3	3	
58	2	10	8	8	5	
59	1	10	4	
60	2	4	7	3	6	
61	1	11	5	
62	1	12	6	
63	1	9	5	
64	1	5	5	
65	1	7	8	
66	3	11	5	8	3	4	5	
67	3	1	1	1	8	6	6	
68	2	8	6	5	4	
69	1	5	2	
70	1	12	1	
71	1	7	2	
72	2	12	7	9	5	
73	1	11	5	
74	1	11	2	
75	1	4	1	
76	1	1	3	
77	1	5	2	
78	1	7	6	
79	1	10	5	
80	1	1	5	
81	1	8	1	
82	1	11	3	
83	1	3	3	
84	1	11	6	
85	1	9	1	
86	1	2	4	
87	1	7	1	
88	1	11	4	
89	3	11	6	7	7	10	6	
90	1	5	4	
91	1	1	6	
92	4	11	3	8	3	2	4	12	8	
93	1	4	7	
94	1	8	4	
95	2	11	1	11	5	
96	1	3	8	
97	1	4	3	
98	1	12	8	
99	1	8	8	
100	1	9	3	
101	1	1	3	
102	1	3	4	
103	1	1	1	
104	1	3	8	
105	1	9	1	
106	1	10	8	
107	1	8	6	
108	2	7	3	2	3	
109	3	11	4	10	1	2	5	
110	1	7	4	
111	2	2	6	11	7	
112	2	11	1	5	5	
113	2	4	2	1	5	
114	2	12	3	3	4	
115	4	8	3	4	7	8	3	12	4	
116	2	12	6	8	4	
117	1	10	4	
118	1	10	8	
119	2	4	2	6	4	
120	3	10	3	4	8	2	6	
