GCUT12.TXT
30
50
1000 746
1	4	594	264	579	426	269	599	596	746	
2	5	433	446	352	268	520	321	590	465	526	273	
3	3	640	482	566	349	278	656	
4	1	323	382	
5	1	465	644	
6	1	422	745	
7	1	426	277	
8	1	532	483	
9	1	679	467	
10	1	320	486	
11	1	506	668	
12	1	491	392	
13	1	665	572	
14	1	685	254	
15	1	590	546	
16	1	519	604	
17	1	414	678	
18	2	549	554	585	614	
19	1	622	434	
20	1	616	734	
21	1	568	625	
22	2	605	290	606	479	
23	2	596	634	290	543	
24	3	528	459	640	716	300	417	
25	1	512	324	
26	1	421	583	
27	4	635	405	400	542	723	729	327	446	
28	3	660	276	355	537	405	339	
29	1	696	497	
30	2	359	728	281	439	
