c6-p2(Hopper).txt
19
97
80 55
1	9	39	6	8	2	24	4	5	1	4	4	19	9	12	55	9	11	10	8	
2	4	7	6	23	9	2	6	3	1	
3	2	4	3	22	7	
4	2	1	6	2	3	
5	3	3	3	4	13	4	22	
6	5	11	13	36	6	5	13	3	2	5	15	
7	6	5	2	2	9	19	5	9	2	10	2	3	11	
8	6	3	6	2	6	15	26	1	1	8	2	3	3	
9	4	4	5	8	45	12	6	3	2	
10	3	10	29	2	3	5	11	
11	9	3	4	2	2	2	2	26	5	7	3	4	14	16	8	5	20	15	5	
12	5	8	33	26	11	29	8	4	25	6	9	
13	7	2	1	9	2	10	33	1	1	10	4	6	23	6	5	
14	3	20	7	26	8	2	10	
15	7	5	5	9	15	9	17	28	6	11	50	7	18	9	13	
16	6	3	5	1	1	4	4	6	2	6	20	3	2	
17	5	6	4	30	5	24	30	6	5	17	5	
18	7	5	30	16	7	15	3	5	2	4	4	7	9	2	11	
19	4	7	39	5	3	11	2	4	26	
