nice24.50.txt
20
50
100 40
1	2	25.301720	7.894730	19.106990	5.586479	
2	3	10.307120	39.807110	17.770330	12.970550	10.515910	8.595230	
3	4	11.963670	27.698520	14.994600	13.986760	16.356660	7.360703	13.798890	8.295008	
4	3	13.167410	23.562930	10.385830	21.135480	14.605980	12.788570	
5	5	29.338470	10.545400	19.016120	13.871190	19.106990	6.941357	14.804220	7.680034	13.382130	6.986473	
6	3	14.804220	19.649150	17.410640	11.562270	12.981800	7.360703	
7	4	10.515910	15.147490	11.927830	11.562270	11.448610	10.282840	19.106990	5.903885	
8	1	10.385830	17.202820	
9	1	8.591077	12.597110	
10	2	25.301720	6.451183	9.796212	9.640665	
11	2	19.106990	6.564106	8.591077	11.145610	
12	6	29.338470	13.028440	19.016120	13.827330	14.994600	12.062590	15.539580	8.295008	13.382130	7.741498	14.804220	6.634002	
13	3	18.648690	19.147770	18.648690	8.550744	5.939581	23.562930	
14	2	6.717666	21.509660	14.994600	6.736334	
15	2	36.989390	14.727970	14.605980	8.721089	
16	1	25.301720	8.507792	
17	2	15.866990	38.338290	8.014824	21.509660	
18	1	32.601190	12.970550	
19	1	11.448610	23.680350	
20	2	15.505510	9.640665	14.994600	7.021425	
