nice16.50.txt
20
50
100 38
1	3	9.392398	29.563530	8.654623	18.616570	18.060250	8.871256	
2	2	9.460646	16.000160	15.712120	8.028642	
3	4	22.790700	9.233443	9.465774	21.268120	7.141866	16.000160	11.034250	7.164083	
4	2	16.514860	12.230870	12.110460	9.010922	
5	6	15.014620	22.824550	14.374970	15.556210	20.536520	9.726135	15.712120	9.312026	11.034250	8.208183	7.525957	11.136020	
6	4	14.747140	22.824550	9.240098	29.563530	12.752920	15.827520	11.034250	14.274960	
7	1	8.855021	29.563530	
8	2	20.365010	11.020790	13.866870	9.726135	
9	6	10.092090	37.095640	16.514860	16.058510	12.110460	12.257200	6.971059	17.675200	12.306030	9.383197	11.034250	7.448417	
10	1	10.885010	16.000160	
11	2	11.775400	17.340670	18.060250	6.956268	
12	2	14.038380	27.369510	16.514860	15.998410	
13	1	20.365010	16.348720	
14	1	11.860900	15.556210	
15	2	21.329210	22.404610	9.236932	9.181409	
16	3	9.946013	37.964950	22.790700	8.441754	9.236932	12.086710	
17	2	16.289850	28.957590	7.525957	12.675750	
18	2	7.860238	18.616570	6.131147	23.811760	
19	1	8.432547	22.404610	
20	3	13.657100	13.283880	16.289850	9.007358	13.929840	9.383197	
