nice19.200.txt
80
200
100 26
1	2	6.199719	8.238605	4.073857	11.476530	
2	2	7.979899	5.013816	7.102427	4.392162	
3	2	5.263423	10.443000	6.558480	7.439518	
4	5	5.871423	9.349003	6.934880	7.519334	7.915508	6.398424	7.227297	5.628493	6.637270	5.405357	
5	4	5.251132	8.549905	10.488690	4.153265	10.465410	4.110264	8.120750	4.351354	
6	3	12.272220	4.491292	5.162424	8.622638	7.218472	4.781808	
7	3	7.397979	9.043348	7.235097	8.576126	5.416842	9.245951	
8	5	4.785681	16.053630	7.235097	7.949289	3.995600	12.889030	8.107635	4.819027	7.204253	4.351354	
9	2	5.248050	6.858617	7.218472	4.322061	
10	2	4.974430	11.252050	3.903558	12.197370	
11	3	10.873110	9.288034	10.368860	4.234480	7.570561	4.354079	
12	3	3.970956	10.853610	6.345852	6.503060	4.288363	8.365745	
13	4	10.194630	5.588221	6.516463	7.148391	5.819781	7.469386	3.437358	9.174726	
14	1	7.201331	6.462372	
15	1	7.102223	4.740865	
16	4	10.194630	5.005253	7.102223	5.852608	5.559197	7.439518	8.215224	4.818388	
17	2	5.538693	10.853610	5.875890	9.115627	
18	4	15.881020	4.375322	5.416842	9.367495	6.796390	7.409789	3.958827	9.174726	
19	3	6.194002	9.810852	14.142530	4.249513	3.522011	9.288034	
20	2	7.819653	7.318020	6.194002	7.152346	
21	4	16.451460	4.245746	5.527668	9.461418	4.211574	8.197100	3.684660	8.666060	
22	1	7.091141	6.215591	
23	4	9.301342	8.403584	4.155601	12.889030	5.819781	7.920931	10.368860	4.169105	
24	2	14.142530	5.211905	4.288363	8.597453	
25	1	4.906810	12.889030	
26	1	15.004670	4.130711	
27	2	6.345852	6.385965	11.970910	3.063562	
28	1	9.799230	7.381968	
29	5	8.969592	4.910328	5.457059	8.030654	7.590598	5.663045	5.562232	6.445683	3.408439	9.288034	
30	2	5.727789	8.481379	3.950483	11.365030	
31	3	8.489655	7.409789	10.488690	4.203673	7.557960	4.276083	
32	3	5.786604	12.889030	6.434501	8.666060	4.283918	10.593470	
33	3	6.175557	9.103868	4.488365	9.115627	11.970910	3.046694	
34	2	9.573020	3.532595	3.756246	8.666060	
35	2	10.465410	4.246675	3.783921	11.365030	
36	2	12.061140	6.398424	5.364414	8.270638	
37	2	5.163192	8.709803	8.817194	4.542289	
38	1	8.339123	4.391254	
39	3	4.929104	16.963200	5.606006	10.519700	4.596878	9.833880	
40	3	7.078692	8.666060	5.438317	9.878607	5.457059	8.494761	
41	2	11.720560	6.050770	5.009648	12.889030	
42	3	8.828805	7.542709	4.921790	9.115627	4.722642	9.254933	
43	2	8.828805	7.847608	4.203222	12.889030	
44	4	8.175192	6.462372	12.117680	3.812531	11.970910	3.768351	7.611847	5.602523	
45	5	7.070798	16.963200	7.181612	8.426115	5.501789	9.725606	3.487326	12.889030	7.268870	5.618962	
46	1	3.573501	9.515068	
47	4	5.251132	8.413293	4.356630	9.833880	8.236232	4.818388	5.248050	6.030409	
48	2	7.018131	11.279100	3.391219	12.889030	
49	1	13.333110	3.461145	
50	1	4.737022	16.963200	
51	2	5.263423	9.665545	3.914546	9.288034	
52	3	25.689890	8.426115	8.817194	7.932992	5.832918	9.515068	
53	1	4.704256	12.889030	
54	2	6.637270	5.188116	7.205324	4.532375	
55	3	5.606006	9.213727	9.655266	4.451826	8.222575	4.392162	
56	3	5.968615	13.064270	8.488205	7.148391	3.891599	12.197370	
57	1	7.205324	4.642351	
58	3	9.904450	9.103868	3.780720	14.472050	7.904315	4.276083	
59	3	5.162424	11.110790	7.510368	6.215591	4.510718	9.839746	
60	3	5.193832	8.634735	4.787007	9.254933	3.894297	9.515068	
61	1	6.199719	8.286810	
62	2	5.193832	7.890680	5.562232	5.576492	
63	2	4.886790	16.963200	4.014438	14.472050	
64	2	14.917320	3.896106	7.556870	7.318020	
65	3	6.934880	8.534296	5.163192	9.903643	7.590598	5.701980	
66	3	5.364414	8.254777	7.648450	5.618962	4.520467	8.481379	
67	2	3.778723	13.064270	8.969592	4.815278	
68	3	11.720560	4.565017	9.655266	4.504552	3.783758	11.476530	
69	3	4.442791	9.839746	7.227297	5.650608	8.107635	4.282386	
70	1	6.970948	4.574374	
71	3	9.573020	5.571274	4.142974	11.476530	8.817194	4.487918	
72	2	5.809072	7.838055	6.970948	4.713661	
73	1	5.198822	9.725606	
74	3	5.522139	11.252050	7.850427	5.602523	4.045705	10.632010	
75	2	5.871423	9.264442	5.809072	8.687361	
76	2	5.562232	8.086367	5.213870	8.481379	
77	7	6.796190	8.956378	12.272220	4.552056	4.684093	11.252050	3.585768	13.064270	4.061930	10.632010	4.265650	8.481379	7.541894	4.391254	
78	3	7.789016	8.197100	4.182447	9.288034	7.570561	4.127300	
79	1	7.901117	5.013816	
80	1	10.177420	7.381968	
