nice47.50.txt
20
50
100 41
1	2	10.109870	23.977030	18.574780	7.703868	
2	3	9.605405	20.861960	8.314242	23.977030	5.822031	20.861960	
3	1	9.169609	18.169360	
4	3	30.518670	7.690110	14.656060	9.058210	13.864980	8.310192	
5	3	11.773040	14.464360	8.764090	19.019080	13.977070	9.058210	
6	2	39.271130	10.177430	8.914009	16.439830	
7	2	18.424120	10.386600	17.216340	4.345917	
8	2	16.731430	25.104520	18.574780	10.361370	
9	2	28.633130	11.386900	16.731430	17.148580	
10	5	17.216340	28.223990	39.271130	10.267680	9.212809	22.242700	16.919620	10.364060	8.997304	15.055260	
11	1	40.472730	10.497890	
12	1	16.131920	9.209185	
13	1	7.817421	16.439830	
14	4	13.671620	20.445110	14.386740	14.789220	10.023450	18.280870	16.653690	8.310192	
15	2	18.424120	6.943430	17.216340	6.160743	
16	2	23.553110	10.364060	14.386740	13.439050	
17	3	17.216340	12.390650	7.789169	18.169360	17.216340	7.571633	
18	6	18.574780	16.152170	18.745630	14.464360	9.900418	20.861960	7.367835	19.019080	6.098070	20.861960	7.745969	12.349390	
19	3	9.677224	20.861960	9.577477	15.055260	7.745969	9.893309	
20	2	18.574780	9.420255	6.935330	18.280870	
