nice26.100.txt
40
100
100 38
1	1	13.602670	13.770280	
2	2	9.747597	12.765140	9.623289	12.396080	
3	1	6.999075	14.669660	
4	2	6.797894	9.534731	11.017980	4.811173	
5	1	9.079472	6.608401	
6	2	5.625283	11.076890	7.375011	7.193866	
7	2	24.949060	11.980850	13.267920	5.471212	
8	4	8.704857	14.401680	4.708033	15.272400	5.633562	11.980850	15.145290	3.790284	
9	2	9.581398	13.801100	13.572480	8.155111	
10	3	10.503010	7.244093	5.392702	11.076890	7.472198	7.293598	
11	5	37.070850	9.449186	9.458914	15.277190	15.181620	7.601946	13.027580	6.933660	11.017980	4.831293	
12	2	6.797894	16.805900	8.686214	11.980850	
13	1	9.879706	13.770280	
14	3	5.465204	19.096540	9.349252	7.405926	7.277552	8.415619	
15	3	13.267920	9.882189	4.574907	12.542570	6.227908	8.607937	
16	5	20.811750	9.379735	8.692051	20.719360	17.105620	6.867440	9.079472	7.189659	11.832970	4.521526	
17	2	15.258850	14.359780	8.704857	8.978384	
18	5	13.438470	15.353400	13.572480	7.634550	5.724874	16.423610	9.349252	6.364357	7.371001	7.907137	
19	1	5.024709	13.801100	
20	2	7.506139	8.607937	6.751042	8.187716	
21	2	7.371001	7.851707	7.375011	7.183910	
22	3	8.756602	13.770280	7.284688	9.721704	4.504564	12.542570	
23	2	9.747597	15.980890	10.139180	8.413855	
24	1	15.145290	3.811662	
25	1	16.935380	8.187716	
26	3	11.549430	15.758840	13.007120	10.458760	6.781911	9.736474	
27	3	19.963340	7.184725	6.556537	13.770280	4.267423	15.789660	
28	3	5.617186	20.719360	9.623289	10.983980	5.671860	15.789660	
29	4	10.168440	8.574120	10.339020	6.867440	6.892347	9.379735	7.472198	7.596106	
30	4	10.531410	9.917014	7.075776	11.998560	10.139180	6.858543	6.640486	8.187716	
31	5	37.070850	9.917105	12.625380	15.353400	7.472198	13.937330	5.037803	19.096540	4.806534	16.423610	
32	1	5.693906	13.770280	
33	2	7.284688	16.618930	7.075776	14.342070	
34	1	10.275940	14.359780	
35	4	14.417060	6.933660	4.110577	13.801100	7.375011	7.289979	11.832970	4.503349	
36	6	8.660825	15.353400	9.366753	9.379735	9.794903	8.574120	13.734050	5.751846	13.007120	4.364030	7.277552	7.343225	
37	2	11.832970	6.328525	7.375011	7.159276	
38	2	6.999075	8.710403	6.225209	9.736474	
39	1	9.458914	11.063440	
40	1	13.007120	4.186760	
