nice16.100.txt
40
100
100 38
1	8	16.514860	6.380361	11.775400	8.621237	6.063107	16.000160	7.111918	11.146060	14.374970	5.392064	4.821900	16.000160	6.354364	11.258550	7.141866	7.713886	
2	2	9.240098	9.198386	7.242316	9.312026	
3	1	13.657100	5.353932	
4	3	9.345195	8.441754	4.395747	16.000160	10.262970	5.633062	
5	2	16.514860	12.230870	9.236932	12.086710	
6	4	13.445500	8.441754	8.432547	11.234070	6.131147	12.168610	8.309301	7.772653	
7	2	9.691157	9.233443	8.309301	8.054871	
8	3	9.946013	37.964950	8.432547	11.170540	14.217290	4.378107	
9	2	9.240098	20.365140	9.126163	9.618050	
10	4	7.860238	18.616570	8.855021	8.835829	6.971059	8.663837	4.456898	12.868330	
11	2	8.344445	14.276260	6.892010	9.233443	
12	1	10.263190	8.871256	
13	3	9.236932	9.181409	11.034250	7.448417	6.971059	9.011360	
14	2	16.514860	16.058510	9.465774	5.857863	
15	2	5.064899	16.000160	10.102040	5.633062	
16	3	8.654623	10.522530	8.855021	10.190430	7.945403	9.436958	
17	1	7.829416	22.824550	
18	2	8.946898	11.258550	9.082497	6.452342	
19	2	12.110460	9.010922	6.949052	9.956217	
20	1	20.365010	5.387727	
21	2	7.945403	11.538200	7.900350	9.383197	
22	4	7.945403	7.982435	4.696683	12.868330	9.465774	6.152503	6.029485	9.383197	
23	2	7.525957	12.675750	12.306030	4.571778	
24	2	11.034250	7.164083	7.798092	9.956217	
25	1	8.161699	9.896375	
26	2	9.392398	29.563530	8.855021	10.537260	
27	4	15.712120	8.028642	10.233710	9.726135	11.034250	6.679825	7.141866	8.286278	
28	1	8.344445	14.681330	
29	1	8.325012	6.956268	
30	4	11.282510	6.452342	4.443616	15.827520	7.797058	8.871256	9.735233	6.956268	
31	3	11.775400	8.719431	7.388697	9.618050	8.654623	8.094044	
32	3	11.860900	15.556210	11.034250	8.208183	8.581463	9.007358	
33	3	7.525957	11.136020	6.027950	11.258550	12.306030	4.811419	
34	5	14.038380	27.369510	14.374970	10.164140	13.866870	9.726135	13.657100	7.929945	5.593562	12.868330	
35	3	10.302810	9.726135	14.217290	6.767949	6.131147	11.643150	
36	2	12.110460	12.257200	7.708385	9.007358	
37	1	7.185199	11.990880	
38	1	7.185199	10.833670	
39	2	8.469807	9.312026	6.207532	9.233443	
40	4	10.092090	37.095640	12.203310	9.896375	9.465774	9.257752	11.034250	7.595136	
