nice49.25.txt
10
25
100 59
1	1	20.694120	32.707980	
2	1	25.563740	16.089940	
3	4	15.475850	32.707980	12.432500	31.002450	21.365760	10.968800	27.667850	8.181910	
4	3	58.364330	15.198690	20.403030	15.803750	8.507663	20.872730	
5	3	37.961290	15.803750	22.711730	9.808793	8.484777	21.739170	
6	3	32.633520	21.739170	27.667850	21.019860	10.280020	20.872730	
7	1	46.768410	15.416850	
8	4	13.792600	31.002450	14.705060	20.872730	13.275670	20.872730	19.752540	10.968800	
9	4	22.711730	22.899190	25.563740	20.199630	15.410580	15.247860	27.667850	7.087804	
10	1	15.410580	15.754590	
