nice33.50.txt
20
50
100 38
1	1	7.843907	29.073130	
2	4	15.133280	19.321990	5.436135	21.447450	14.187040	7.966346	13.480390	7.966346	
3	4	10.782080	21.447450	13.255520	16.031580	7.516338	19.561180	10.571040	10.381050	
4	1	12.144350	9.146056	
5	1	30.318710	11.856770	
6	1	9.791145	29.073130	
7	4	16.273690	12.301390	18.913760	8.551682	12.081060	12.727560	8.590259	12.176640	
8	2	14.163960	16.697530	10.571040	11.047950	
9	4	8.201743	26.501460	10.285940	19.561180	15.454670	9.236194	15.454670	7.897073	
10	4	14.937510	13.773900	22.328780	9.146056	16.471860	7.704407	13.535060	8.065232	
11	2	37.715050	16.697530	14.194330	9.420148	
12	2	17.959800	6.926498	8.590259	14.324820	
13	2	30.161190	13.167920	13.846860	7.704407	
14	3	37.746870	19.321990	29.649010	9.368197	17.635050	11.696300	
15	3	16.636280	13.773900	18.913760	10.770300	14.132370	8.065232	
16	2	14.999100	10.360950	17.959800	6.241425	
17	3	10.571040	19.340430	10.956060	16.031580	21.985200	7.555732	
18	4	19.492730	12.727560	18.199440	12.301390	6.103473	21.447450	14.194330	7.713119	
19	2	21.985200	13.276230	21.985200	5.669498	
20	1	14.999100	11.086500	
