nice43.200.txt
80
200
100 19
1	2	4.236971	11.334330	4.141179	9.739379	
2	6	6.181964	9.518898	3.900086	12.081960	5.374326	8.711333	9.064317	5.082946	3.209251	11.695830	3.231751	10.602680	
3	2	8.404360	7.253571	6.613509	7.753696	
4	4	13.536150	3.831832	4.113561	12.081960	7.092330	6.277970	8.307228	4.146709	
5	1	8.102599	4.034319	
6	3	14.357550	3.734272	7.849735	3.734458	7.025037	4.146709	
7	4	12.362270	3.636674	3.269083	12.453230	5.973106	5.221801	8.102599	3.597275	
8	3	4.673149	10.360440	7.190878	6.591603	12.334090	3.822253	
9	2	6.845814	5.201293	5.973106	5.001819	
10	4	15.332260	4.724159	4.567129	15.798350	8.296726	5.384930	6.591068	5.287911	
11	3	4.740658	10.223620	4.787426	8.833498	3.225848	12.453230	
12	2	3.087124	12.333230	4.787426	6.964849	
13	4	4.146096	11.308990	3.966679	9.148785	5.723121	6.313428	5.406494	5.621345	
14	1	3.209474	8.940664	
15	4	14.357550	3.978148	3.532351	13.957520	3.930193	11.334330	6.219295	5.038768	
16	4	8.404360	6.703953	8.626127	5.681722	4.925222	9.518898	7.849735	4.069808	
17	1	5.249645	10.602680	
18	1	3.363100	11.695830	
19	2	5.996790	8.521389	11.855820	3.963204	
20	2	9.347138	8.812554	4.768807	11.875180	
21	4	9.070642	6.591603	4.979852	10.997600	10.090800	5.044236	4.150575	11.875180	
22	1	4.193699	16.637140	
23	1	9.371497	3.252186	
24	3	8.214118	6.453596	9.371497	5.033416	11.109110	4.228553	
25	3	9.253113	5.863310	8.378999	5.559878	3.801712	11.695830	
26	5	5.740992	11.876180	7.763810	7.804266	4.543381	10.868020	3.138152	12.333230	5.263200	5.499148	
27	1	6.099548	5.329156	
28	3	3.442678	13.191200	5.399896	6.197927	4.367681	6.774262	
29	1	7.122806	12.432310	
30	1	6.219295	6.779034	
31	3	9.371497	5.818610	12.362270	3.994920	8.626127	5.652606	
32	2	6.939389	6.978631	12.334090	3.624866	
33	1	11.737520	7.512968	
34	2	7.862222	9.486097	4.681241	9.518898	
35	2	7.180548	11.334330	5.977711	8.033717	
36	1	4.270541	13.035310	
37	1	4.698348	10.360440	
38	5	11.852110	9.148785	11.359380	6.199143	6.843318	9.446790	7.265224	6.277970	5.015364	5.457676	
39	1	5.756017	5.283812	
40	4	4.078990	11.127420	8.489553	5.283812	5.374326	7.108794	4.460365	6.896995	
41	3	10.713760	4.805750	4.676438	9.518898	9.371497	3.001194	
42	6	8.288968	9.811079	14.184120	3.593010	4.105271	11.574030	3.603184	13.035310	8.296726	5.483090	12.334090	3.682777	
43	2	8.091142	5.747140	13.348230	3.359937	
44	4	13.610560	3.492005	10.090800	4.441704	8.847255	4.219406	4.460365	6.138319	
45	1	15.332260	4.899820	
46	3	8.091142	10.859260	4.662220	9.839873	11.855820	3.790493	
47	1	8.091142	5.565287	
48	1	7.436598	5.329156	
49	3	6.030310	9.811079	6.219295	7.496560	6.702115	6.932451	
50	1	5.977711	7.764629	
51	3	7.925532	5.679573	5.969203	4.975100	5.015364	5.669741	
52	1	15.332260	5.181633	
53	1	6.195179	7.279310	
54	1	9.371497	6.040167	
55	3	14.245570	4.921598	11.109110	4.133764	4.185299	6.523185	
56	3	10.797060	8.812554	6.217508	7.297979	5.486246	5.201293	
57	1	11.328340	7.753696	
58	2	7.006370	6.978631	4.590892	9.839873	
59	4	7.570714	6.625513	4.169410	11.334330	6.387077	7.263906	5.399896	5.677250	
60	4	9.911060	8.276184	11.109110	4.532903	4.185299	10.113960	4.701005	5.983073	
61	5	10.233140	8.276184	5.723121	9.642195	5.339438	10.035920	4.232903	11.308990	5.374326	5.089167	
62	2	13.348230	3.572514	4.552107	5.983073	
63	6	12.334090	3.636060	7.925532	5.654755	6.114552	7.297979	6.591068	6.588272	8.847255	4.721258	5.263200	5.628269	
64	1	6.494932	9.718457	
65	1	7.505968	6.932451	
66	2	6.136881	7.279310	5.429830	5.082946	
67	3	6.379528	10.997600	12.332060	3.686331	3.723876	12.081960	
68	2	5.339438	10.873370	12.334090	3.942049	
69	5	15.818790	10.446150	14.245570	4.133852	6.225276	9.353030	4.367681	9.181362	6.925566	5.621345	
70	3	5.054749	10.602680	11.109110	4.342145	4.204792	8.940664	
71	1	7.831440	5.856438	
72	1	6.786840	6.625513	
73	1	5.996790	5.521254	
74	5	11.359380	7.835511	14.184120	4.211256	13.610560	3.486625	7.831440	5.717588	11.109110	3.988493	
75	1	11.109110	4.305690	
76	2	11.359380	9.718409	8.047402	6.453596	
77	3	9.874443	7.263906	10.713760	5.023777	10.090800	4.587574	
78	2	5.673924	9.486097	5.650054	5.082946	
79	2	5.996790	8.595350	3.400639	13.191200	
80	4	10.374060	18.333310	5.784299	11.334330	8.276367	4.975100	2.981627	9.739379	
