nice49.200.txt
80
200
100 21
1	4	8.518240	11.410570	5.282753	16.089940	5.858904	9.669239	6.436960	8.018610	
2	1	6.684425	7.161100	
3	2	4.185225	12.973760	6.413002	7.191163	
4	1	13.792600	3.530571	
5	3	5.993790	8.037594	7.912282	5.531298	8.082497	5.107693	
6	3	6.581701	9.285608	6.161445	8.181910	8.287428	3.931170	
7	3	10.594530	7.775926	5.702100	6.352948	4.791180	6.990030	
8	2	8.066233	7.295912	4.782061	6.656894	
9	1	6.110356	8.105547	
10	5	6.731183	7.265124	7.912282	5.349371	3.485561	9.808793	7.409620	4.270298	2.882556	10.880670	
11	2	10.693310	7.225876	10.280020	6.212858	
12	2	10.280020	4.336825	3.911763	10.880670	
13	2	7.411509	7.711692	8.351727	5.983126	
14	2	5.387764	9.808793	4.462053	7.087804	
15	3	13.792600	3.711625	4.177683	11.047380	3.537701	12.510030	
16	3	6.731183	8.538627	4.960518	10.880670	8.082497	4.747965	
17	2	8.761888	4.216394	3.639683	8.092058	
18	3	7.296581	10.930980	4.987846	7.109253	3.525177	7.267105	
19	1	6.409824	7.520478	
20	2	6.830064	9.864828	5.374774	7.971438	
21	6	6.618789	8.499588	6.319246	7.751750	7.487619	6.097407	6.944244	6.213931	11.228540	3.013699	7.697357	3.810204	
22	2	8.645788	14.364680	5.374774	8.118505	
23	1	9.300221	15.247860	
24	2	9.864074	6.097407	6.217946	6.303862	
25	3	5.507175	9.783881	3.861092	9.808793	5.360038	6.097407	
26	4	6.351255	13.437880	4.578751	7.568972	3.177533	10.614570	3.870403	7.161100	
27	2	3.914256	11.410570	4.782061	6.582035	
28	1	6.944244	8.984763	
29	1	8.351727	4.947854	
30	2	6.409824	8.283274	11.211890	3.812444	
31	2	8.136905	10.179470	10.857760	6.041859	
32	5	5.005449	12.505470	5.610929	9.808793	6.955096	7.087804	7.037148	6.902627	4.578751	9.951969	
33	3	6.203828	15.754590	7.697357	7.206177	7.650435	5.211719	
34	1	3.881392	9.388207	
35	4	11.211890	4.369465	6.437357	6.990030	6.217946	6.915335	4.393741	7.985500	
36	4	4.425422	12.847940	7.040182	6.415544	4.701102	7.581982	7.409620	4.684530	
37	4	6.733534	12.034040	6.623491	6.339600	4.256948	7.109253	2.778267	9.388469	
38	2	6.622559	6.368191	8.082497	4.370636	
39	2	6.622559	10.250550	7.203086	3.815202	
40	3	7.057724	7.397043	4.631352	9.388469	8.761888	3.365587	
41	1	6.319246	7.446945	
42	1	6.622559	4.253982	
43	1	6.964237	3.721145	
44	3	5.307244	10.614570	14.906220	3.775153	3.888549	11.047380	
45	4	13.596810	5.623221	3.485822	12.510030	9.051762	4.523335	7.697357	4.400470	
46	3	6.280231	15.803750	5.331361	12.847940	5.887330	7.398241	
47	3	7.084190	9.669239	6.467619	9.669239	6.730396	6.352948	
48	3	6.111145	9.761892	3.600918	9.388207	3.532547	7.267105	
49	2	4.061072	8.037594	3.771825	8.092058	
50	1	6.110356	7.142310	
51	1	4.983286	10.323040	
52	1	7.051939	6.415544	
53	1	6.830064	4.499854	
54	1	6.636908	5.089029	
55	2	13.520490	7.398241	10.594530	3.032269	
56	1	10.088060	13.437880	
57	4	10.087150	4.972144	9.173433	4.005061	4.393741	7.769088	5.506960	5.921108	
58	5	4.813009	15.754590	6.581701	6.518143	4.091087	10.020160	8.287428	4.568418	6.828362	3.721145	
59	8	8.314498	7.398241	6.733534	8.165590	6.660290	8.018610	7.057724	6.208579	7.768944	5.623221	6.775663	5.996660	4.045817	10.020160	5.031428	7.581982	
60	3	15.415500	10.808190	4.618834	12.510030	5.291408	8.018610	
61	1	6.264660	5.345583	
62	2	10.197110	5.921108	4.366386	9.808793	
63	1	7.740419	5.411442	
64	4	11.228540	3.434152	9.173433	3.576921	6.081627	5.345583	5.724670	5.632970	
65	3	5.296731	10.323040	9.019468	5.345583	5.624062	5.632970	
66	2	19.410710	5.529455	3.250908	12.973760	
67	3	4.473011	17.520940	4.035817	12.847940	7.740419	5.519537	
68	3	11.642360	7.692472	4.443448	8.037594	7.379597	3.531528	
69	2	6.609811	9.388207	7.367353	7.087804	
70	1	9.051762	3.571424	
71	1	8.507663	20.872730	
72	3	7.650435	8.027210	4.746613	9.761892	9.244795	3.821727	
73	3	8.484777	5.459287	3.257171	12.973760	4.154667	8.037594	
74	4	9.051762	7.092278	7.007664	5.921108	4.555788	8.018610	4.347572	7.087804	
75	2	8.484777	5.665316	6.217946	7.653530	
76	2	4.777871	8.018610	4.535776	7.087804	
77	2	7.037148	8.296068	6.623491	4.468594	
78	3	9.665389	4.972144	7.703132	3.815202	7.379597	3.659635	
79	1	8.098149	7.161100	
80	7	10.294520	8.181910	5.841557	9.783881	8.082497	6.646432	6.636908	7.416442	7.511197	5.996660	3.044612	10.880670	5.465683	5.996660	
