nice21.50.txt
20
50
100 29
1	6	18.140570	21.398380	11.590280	19.431330	9.584613	18.313680	17.792690	8.044244	14.686760	7.719759	10.783030	9.172511	
2	6	24.728860	16.329140	25.065800	11.567560	14.561720	9.334783	13.566220	9.597795	18.140570	6.699154	14.946650	7.897424	
3	1	12.240690	14.359250	
4	1	11.781870	18.135310	
5	1	21.552890	12.241520	
6	1	13.566220	8.715886	
7	1	11.419130	9.334783	
8	1	21.552890	7.515013	
9	1	14.946650	10.785830	
10	3	11.826010	18.153540	19.451080	9.943996	21.552890	8.020390	
11	1	17.792690	9.784076	
12	1	21.211750	16.592840	
13	5	18.355780	9.943996	10.542800	16.298890	8.334801	16.329140	14.215870	8.818755	9.008298	13.699880	
14	3	23.497210	19.431330	25.065800	6.746123	14.054320	8.239801	
15	3	11.781870	16.507500	12.213380	9.919199	12.814160	8.817078	
16	3	10.783030	28.087140	13.706490	8.239801	11.764980	8.818755	
17	5	24.501470	28.097530	28.659640	7.909121	21.552890	9.482723	16.446260	9.919199	10.542800	11.798650	
18	4	12.240690	20.283570	15.152970	16.329140	11.364850	19.431330	9.008298	14.397650	
19	1	12.814160	9.866180	
20	2	21.211750	20.666810	13.074050	7.719759	
