nice47.100.txt
40
100
100 29
1	3	14.925680	10.177430	6.869795	14.789220	9.212809	8.223962	
2	2	18.574780	4.759349	4.805689	14.018740	
3	1	16.919620	10.364060	
4	2	9.677224	14.409190	6.819256	10.497890	
5	3	4.603551	18.169360	9.677224	6.452765	3.943769	15.055260	
6	3	10.109870	23.977030	7.789169	18.169360	7.954770	10.946230	
7	4	5.530857	15.055260	17.216340	4.807312	7.868303	7.583333	14.386740	3.786577	
8	2	11.773040	7.893524	8.984867	7.571633	
9	1	5.264968	10.361370	
10	2	7.954770	9.149549	6.935330	8.891644	
11	3	16.731430	12.387260	9.261575	7.292815	4.188384	12.516800	
12	1	9.473356	17.148580	
13	5	9.900418	20.861960	11.171420	7.690110	17.216340	4.345917	7.255147	9.209185	13.864980	3.502192	
14	4	9.617077	6.943430	8.231478	7.571633	6.827431	8.632908	4.125859	12.516800	
15	1	13.671620	11.812200	
16	4	9.605405	20.861960	7.516945	14.789220	9.934552	10.386600	7.596397	10.177430	
17	2	28.633130	11.386900	13.926380	10.497890	
18	2	11.951710	12.717250	4.897154	10.361370	
19	1	10.796930	7.690110	
20	2	16.653690	8.310192	6.098070	10.372420	
21	3	9.261575	20.931180	10.023450	9.614285	9.348042	7.583333	
22	3	4.566058	18.169360	6.397509	10.497890	8.460743	7.703868	
23	3	13.329590	10.497890	11.773040	6.570840	4.178292	16.439830	
24	2	8.764090	9.639986	8.807039	6.943430	
25	1	6.686814	9.058210	
26	5	26.431690	10.267680	5.015568	14.464360	6.935330	9.389228	4.046621	15.055260	4.779722	12.717250	
27	1	7.745969	12.349390	
28	4	23.553110	10.364060	8.489564	10.386600	6.559662	10.177430	6.844193	8.632908	
29	1	14.386740	3.942350	
30	1	7.745969	9.893309	
31	2	8.314242	11.460240	4.407120	14.018740	
32	3	13.730060	14.464360	7.969251	9.058210	7.954770	8.128210	
33	3	7.258074	17.148580	8.412660	10.361370	7.367835	9.679302	
34	3	12.839440	10.267680	4.735717	16.439830	6.956693	9.058210	
35	3	18.574780	4.660905	8.550312	7.690110	6.098070	10.489540	
36	4	18.574780	16.152170	5.822031	20.861960	10.189380	10.177430	13.864980	4.808001	
37	5	7.817421	16.439830	8.764090	9.379095	10.114040	7.703868	5.053535	15.055260	7.020375	9.058210	
38	1	17.216340	6.160743	
39	2	10.023450	8.666588	7.367835	9.339779	
40	2	14.386740	5.710123	8.876776	9.209185	
