nice14.100.txt
40
100
100 30
1	6	14.306270	7.932528	11.451990	9.096560	14.378000	6.991556	6.124175	13.048450	10.599040	6.807495	6.567018	9.947125	
2	4	10.095710	12.290910	10.447210	7.053827	6.452961	9.947125	5.277667	12.079050	
3	1	16.185400	6.468721	
4	1	13.774320	10.264430	
5	1	19.884830	5.130699	
6	1	15.058750	4.256587	
7	1	6.804819	13.734480	
8	2	13.149050	6.954549	13.462150	6.096756	
9	2	21.082910	5.538260	8.339759	7.827563	
10	2	14.177570	10.181370	14.172070	6.456994	
11	2	7.335435	10.707180	13.798640	5.421557	
12	3	7.307011	14.589390	8.758801	11.774080	9.428066	7.103092	
13	4	15.404340	7.817822	10.276530	9.947125	5.427715	12.079050	8.758801	7.394356	
14	1	12.394250	6.922847	
15	1	7.687707	13.048450	
16	4	25.479500	6.485258	11.897010	6.922847	12.843750	6.324802	13.774320	5.147361	
17	1	12.843750	5.072563	
18	2	29.997280	14.799280	15.402880	6.084470	
19	3	14.385270	7.932528	8.980558	12.079050	8.758801	7.289098	
20	2	8.184780	13.871060	16.274260	4.998788	
21	1	11.203320	10.899670	
22	2	11.806010	7.234647	11.307430	6.456994	
23	3	13.462150	7.774303	8.607338	11.142770	15.058750	5.044725	
24	3	12.843750	20.562890	10.309170	6.523727	9.450607	6.948354	
25	2	11.071210	10.181370	8.035379	11.142770	
26	5	11.706050	13.947440	11.451990	7.343947	6.558807	11.844810	11.203320	6.141978	9.428066	6.873582	
27	4	16.642720	7.487204	13.774320	8.256767	8.458321	11.844810	6.038930	13.734480	
28	2	11.203320	6.626911	7.277948	9.301312	
29	4	7.954423	13.611500	11.451990	7.228048	13.798640	5.285628	4.883096	14.126290	
30	2	22.336700	7.445614	8.244498	7.923464	
31	4	21.082910	7.379316	10.231650	11.844810	10.434220	6.948354	7.307011	9.079160	
32	3	7.954423	14.236230	21.082910	5.308856	15.170330	6.523727	
33	4	10.630650	13.947440	8.278465	13.976670	13.844050	7.053827	8.244498	9.931244	
34	2	22.336700	8.045823	10.331730	12.331240	
35	1	16.274260	4.948338	
36	2	7.557467	10.707180	5.448633	14.126290	
37	2	8.244498	9.993025	11.101510	6.991556	
38	1	15.402880	7.786589	
39	3	21.082910	5.442123	11.806010	6.742027	10.599040	7.063563	
40	6	10.095710	14.166620	16.185400	6.579730	13.287200	7.817822	6.154951	13.871060	8.302958	7.827563	9.187651	6.954549	
