nice20.200.txt
80
200
100 19
1	2	14.204640	3.574641	9.558455	2.948144	
2	2	5.907340	6.417453	4.669738	7.575914	
3	2	15.423990	6.045698	6.967949	5.651332	
4	3	17.842260	4.848055	7.917022	5.117015	7.987190	4.189445	
5	3	11.078700	4.997625	7.437651	6.147384	7.987190	4.885096	
6	3	4.728446	9.981354	4.599170	8.409681	4.903373	5.982385	
7	4	5.217936	9.493636	4.606447	8.931546	4.276079	7.424887	7.134467	4.329566	
8	2	8.730145	4.127743	5.822072	5.358839	
9	3	6.108230	15.484390	5.554628	8.107392	8.782451	4.229885	
10	5	4.677751	18.361050	4.081660	16.246520	11.306250	5.027663	7.624394	6.586410	6.390883	5.747249	
11	2	5.077383	7.728357	8.222900	3.733086	
12	4	5.906511	16.289190	4.695080	10.807880	3.494018	11.499300	4.107925	7.500047	
13	1	12.088040	8.693349	
14	1	4.797395	13.346910	
15	2	5.188584	9.310332	4.299965	8.961064	
16	2	6.181991	8.779809	4.289979	9.495515	
17	1	8.146891	3.491578	
18	1	7.410293	12.535450	
19	3	4.684807	9.130367	4.251786	9.130367	6.600399	4.822834	
20	3	5.393150	18.596670	14.150530	5.351479	4.606447	7.314971	
21	3	15.423990	12.163510	12.877610	8.107392	7.437651	6.499734	
22	2	7.917022	9.876381	4.754992	5.992726	
23	1	5.703108	5.351479	
24	2	4.212281	10.868810	6.470271	6.365702	
25	2	7.277101	6.856299	7.410293	5.825603	
26	2	12.046000	9.432617	7.345160	6.054278	
27	6	5.474414	10.715470	8.222900	6.248268	5.922974	7.065094	6.860943	4.689338	3.758726	7.575914	9.025150	3.108404	
28	2	4.223858	14.310730	3.386463	9.753867	
29	1	4.320001	7.893663	
30	1	8.782451	3.665969	
31	2	3.873250	11.995050	11.078700	3.782184	
32	2	13.464960	13.583860	10.894840	5.400909	
33	1	3.295697	9.130367	
34	3	9.760314	6.052816	5.188584	10.690980	7.437651	7.354192	
35	4	4.206285	11.499300	4.075191	7.305150	3.629709	7.500047	6.995300	3.890842	
36	4	11.380930	12.436570	6.061400	6.330132	3.572857	9.493636	7.070175	4.329566	
37	6	18.783290	5.302101	9.039708	4.712485	5.003390	7.893663	9.981174	3.510352	5.745726	5.140633	3.751193	7.424887	
38	2	7.446834	8.409681	4.075191	7.625220	
39	3	11.083170	6.330132	6.546108	5.741426	5.635199	5.140633	
40	1	7.893286	7.784431	
41	2	5.784429	5.054737	9.025150	3.085763	
42	1	3.560894	13.638150	
43	1	7.618412	5.480075	
44	6	11.013870	9.493636	4.108382	14.930370	5.822072	7.988075	8.823592	4.822834	4.820025	7.893663	5.511721	5.099563	
45	1	10.901500	4.450012	
46	1	11.306250	10.858230	
47	1	7.429003	5.480075	
48	1	6.860943	5.073963	
49	3	14.204640	8.601112	7.212497	3.890842	4.754992	5.868712	
50	4	9.981174	11.462160	13.703280	4.485990	4.731233	9.036134	9.558455	2.810300	
51	2	3.864276	11.995050	7.312878	5.741426	
52	3	6.470271	5.629351	4.903373	6.231962	5.307057	5.099563	
53	1	4.120453	7.424887	
54	1	3.191701	9.130367	
55	3	4.605141	15.484390	8.625900	7.728357	5.474414	5.573724	
56	1	8.362121	7.895854	
57	1	15.423990	5.877988	
58	3	6.423854	5.316730	5.210442	6.417453	7.834272	4.163188	
59	1	3.704741	10.868810	
60	4	10.803960	5.398877	6.340611	5.398877	6.233348	5.480075	9.520177	3.263258	
61	2	6.390883	8.310408	4.944819	7.575914	
62	3	8.873789	5.758444	9.981174	4.544655	8.146891	3.364721	
63	2	9.034863	5.099563	7.421777	5.741426	
64	3	3.400337	8.961064	5.922974	4.716786	5.618230	4.876659	
65	1	4.020068	8.779809	
66	2	8.802552	4.712485	4.332392	7.342355	
67	5	9.025150	4.915346	7.888449	5.400909	3.809700	7.613489	3.809700	7.513001	5.784429	4.926617	
68	5	7.966853	10.735720	3.959714	14.310730	10.901500	4.165308	3.818653	9.493636	3.643291	7.500047	
69	1	4.639874	7.893663	
70	1	9.469957	9.036134	
71	2	8.119421	5.336563	7.987190	4.272373	
72	5	4.322488	14.057660	11.380930	3.530255	4.417285	7.424887	5.922974	4.723439	4.332392	6.295800	
73	3	7.983058	9.075060	7.893286	8.119456	8.730145	3.294785	
74	3	3.730595	13.583860	3.993027	10.807880	3.771288	7.575914	
75	5	12.501630	6.417453	10.946780	4.876659	4.157154	8.382215	4.289979	7.009805	4.157154	6.744275	
76	3	11.464290	5.651332	6.423854	8.267127	4.754992	6.735236	
77	2	7.700302	8.780730	2.906355	9.493636	
78	4	7.983058	10.926250	4.673220	16.505320	3.641070	9.036134	9.520177	3.323152	
79	4	8.730145	10.419770	16.565010	4.203773	7.834272	4.452133	3.474480	9.753867	
80	4	9.760314	9.833078	8.744686	9.493636	12.508480	6.054278	8.119421	5.772950	
