nice19.50.txt
20
50
100 33
1	3	15.881020	13.780390	11.656780	16.525420	20.954100	8.666060	
2	2	15.325000	11.365030	15.462270	9.878607	
3	3	18.876070	19.733430	8.953508	19.673630	15.376520	6.462372	
4	2	19.976650	7.381968	19.976650	6.398424	
5	4	32.871500	8.426115	11.080790	16.963200	19.670200	8.403584	5.562232	20.108540	
6	2	14.648590	15.390320	10.558250	16.525420	
7	4	12.000590	19.673630	15.004670	11.279100	12.784430	8.481379	5.263423	20.108540	
8	2	15.286050	16.525420	19.670200	9.461418	
9	1	27.298340	11.252050	
10	4	7.795157	26.669420	11.720560	16.053630	14.245430	11.279100	15.376520	7.318020	
11	1	16.451460	8.956378	
12	2	20.652450	12.889030	19.670200	9.725606	
13	1	28.218040	20.108540	
14	4	14.468600	16.963200	14.601510	15.390320	13.333110	16.525420	13.044170	16.525420	
15	3	32.871500	18.391900	15.081230	12.889030	8.817194	16.963200	
16	1	11.034610	18.613450	
17	1	11.807820	16.963200	
18	1	14.513910	8.481379	
19	3	15.500510	12.889030	17.409220	9.878607	15.325000	8.743516	
20	6	9.509649	20.108540	19.670200	9.043348	20.954100	8.356938	16.451460	9.064134	11.720560	10.615790	5.416842	18.613450	
