nice11.100.txt
40
100
100 28
1	2	6.558843	12.459030	8.956676	9.117794	
2	1	10.167490	6.967303	
3	4	13.465510	7.200966	12.049220	7.817230	7.282315	12.543900	10.264340	8.385219	
4	4	12.865900	5.852767	9.620132	7.517587	8.796562	7.090229	9.620132	5.881400	
5	5	21.503750	9.271690	12.282400	7.615591	9.228272	8.318915	8.167819	9.338126	10.403910	6.967303	
6	2	16.856880	11.141990	11.196060	5.093409	
7	4	7.171661	13.398990	4.688781	15.653820	7.162401	9.491309	12.999190	4.930442	
8	1	13.465510	5.346240	
9	2	12.580830	5.503527	5.929391	7.750969	
10	2	7.379999	27.475080	12.339260	7.352983	
11	1	12.865900	8.031195	
12	3	9.807041	9.342072	10.720620	7.108793	5.462070	12.890110	
13	4	19.993420	7.454827	23.928110	6.038430	12.911180	7.360557	5.683521	15.662540	
14	4	10.155650	10.960940	4.756643	15.662540	9.850769	7.108793	10.264340	5.498743	
15	1	11.131020	13.398990	
16	3	12.540830	8.691324	11.016930	7.360557	10.057800	5.896314	
17	1	6.640553	12.890110	
18	5	12.540830	6.597851	10.057800	7.344249	10.057800	7.288931	10.057800	6.945589	4.599327	13.883960	
19	2	21.503750	8.007067	8.396347	11.234640	
20	2	13.841160	11.795550	6.902599	11.540530	
21	2	19.592400	14.399410	12.282400	8.038231	
22	2	11.597440	14.076100	12.580830	7.053668	
23	2	7.389765	27.475080	11.196060	8.236817	
24	1	19.592400	11.442490	
25	1	8.796562	8.563593	
26	1	16.441260	12.547210	
27	3	8.741380	9.338126	11.196060	6.921628	8.310528	6.452168	
28	2	19.993420	5.092379	4.381908	15.662540	
29	1	13.186910	12.557190	
30	1	8.023209	11.141990	
31	1	7.991323	9.117794	
32	1	6.558843	10.298640	
33	2	16.276590	8.764938	8.396347	9.017211	
34	3	9.207251	27.475080	12.999190	16.659190	4.472878	15.662540	
35	5	12.339260	7.936192	4.642975	17.541100	6.938559	11.540530	7.282315	10.213770	4.826984	13.883960	
36	4	8.504561	21.589640	4.496323	17.541100	8.310528	8.143026	10.155650	6.580167	
37	4	8.310528	11.835970	10.979810	7.750969	5.294415	13.883960	7.102157	9.342072	
38	2	7.162401	17.983770	10.453820	8.318915	
39	1	11.229340	7.225359	
40	8	19.682090	5.757180	6.951857	14.816450	7.192327	12.890110	6.951857	12.658630	9.491147	8.764938	8.819742	9.117794	10.274410	7.225359	12.049220	6.066732	
