nice3.200.txt
80
200
100 22
1	3	6.240113	8.973465	4.464437	9.565293	5.973977	5.978345	
2	2	10.012430	4.275861	7.666518	5.037039	
3	2	5.597172	9.963960	8.065516	4.549183	
4	2	7.378188	9.910716	6.716806	5.778644	
5	1	7.158854	7.707457	
6	1	3.436177	12.860860	
7	1	10.216680	6.589316	
8	3	14.381460	4.019911	12.565720	3.399144	10.376800	3.674322	
9	4	7.901892	7.817967	11.850760	4.521896	8.752037	5.163251	9.335219	4.667972	
10	5	11.490150	6.204877	5.403405	12.007780	10.026520	4.549183	7.165533	5.722038	6.240113	5.828480	
11	3	7.901892	8.271219	6.810494	8.214659	5.534413	9.776610	
12	3	16.237220	4.128452	8.309026	7.785120	9.172092	5.800788	
13	5	10.425520	5.037039	9.221847	4.763336	6.859963	5.655759	5.308199	7.075265	7.776871	3.674508	
14	1	4.038336	15.632750	
15	1	4.579174	9.143034	
16	4	10.369540	5.722038	9.335219	6.147457	9.172092	5.270133	3.570056	10.915280	
17	2	7.623152	5.634451	6.859963	5.399704	
18	1	7.974573	6.198311	
19	3	14.851200	3.718333	3.880024	12.289130	8.804619	4.472700	
20	3	5.401152	9.350600	7.145257	6.549865	12.394070	3.344513	
21	2	14.653080	3.917130	5.879335	8.003837	
22	3	6.107175	20.592040	7.407651	6.661309	7.018224	5.838709	
23	1	11.971950	3.127062	
24	2	6.782100	8.363796	7.432432	6.969256	
25	2	4.607933	9.350600	10.282730	3.644451	
26	2	7.327227	5.181230	8.274775	4.405185	
27	2	4.654424	9.910716	4.106390	11.055460	
28	1	6.372274	8.660305	
29	5	14.381460	4.800569	8.476177	7.223784	5.562170	9.080864	5.403405	8.282611	8.476177	5.065350	
30	3	12.626980	5.525938	12.831040	3.231250	3.650704	7.075265	
31	5	9.298801	4.194964	10.282730	3.722993	6.372274	5.946497	3.800807	9.776610	4.471927	5.838709	
32	6	5.265718	12.043590	6.309711	9.143034	9.340000	5.163251	8.450573	5.223909	6.240113	7.022794	8.730450	4.472700	
33	4	6.588540	9.164680	6.469872	8.326654	3.545420	12.289130	4.615746	7.019039	
34	3	5.192828	11.601550	5.506800	9.676755	6.973804	6.661309	
35	2	6.193061	7.075265	2.940073	7.075265	
36	3	11.361520	5.425608	11.404870	4.686918	12.831040	3.358066	
37	1	10.874180	3.757151	
38	4	5.502896	12.289130	5.044419	11.070920	6.237166	8.326654	4.780205	8.326654	
39	2	12.876310	11.241440	6.767118	7.768642	
40	1	5.973977	6.065241	
41	4	6.534860	10.330090	3.999243	15.632750	11.404870	4.663682	6.630205	7.367445	
42	2	9.283911	4.650134	11.361520	3.286800	
43	2	13.171660	7.088722	9.291607	5.180199	
44	1	5.625367	7.809838	
45	5	9.911917	5.634451	5.221255	7.707457	4.636145	8.423076	6.968430	5.181230	3.250159	11.055460	
46	1	10.690170	7.264403	
47	1	6.782100	7.519515	
48	1	5.164430	9.350600	
49	1	7.668430	4.650134	
50	2	6.838251	7.879262	7.064814	5.656351	
51	3	16.237220	4.086206	8.694468	5.004564	4.655462	8.598217	
52	3	7.432432	8.663492	4.636145	8.221465	7.064814	3.424513	
53	2	10.376800	5.181416	5.625367	6.429047	
54	2	3.858144	12.289130	5.001858	7.785120	
55	4	4.197361	15.379470	8.977768	6.198311	5.265814	9.910716	5.879335	7.879474	
56	3	6.716806	9.270880	14.851200	3.718197	5.192828	8.990485	
57	4	5.969829	20.592040	12.565720	4.738696	3.961016	9.676755	2.702155	7.785120	
58	1	7.279052	8.855738	
59	3	9.072077	5.438281	9.483080	3.778052	3.025265	6.916764	
60	2	11.971950	3.961660	7.927531	4.763336	
61	4	8.694468	7.284570	4.400466	9.164680	7.518161	5.034865	3.548892	6.916764	
62	2	5.358001	7.367445	5.322865	7.264403	
63	2	14.653080	5.993587	6.715949	8.963884	
64	2	4.620059	9.565293	5.995217	6.342950	
65	2	8.813107	4.910923	8.874603	4.405185	
66	2	5.897760	10.915280	9.699305	6.549865	
67	1	10.874180	5.407529	
68	5	8.002941	8.326654	5.597172	10.628080	5.208516	11.241440	7.901892	5.735553	8.450573	4.341384	
69	1	3.279772	12.860860	
70	1	12.565720	3.205198	
71	1	12.394070	4.424129	
72	2	8.386238	6.342950	10.012430	3.736251	
73	5	10.696820	7.879262	9.434180	5.034865	5.982427	7.768642	4.655462	8.046324	6.518785	3.674508	
74	1	6.646183	9.143034	
75	2	21.863190	5.605863	11.361520	3.576726	
76	5	7.545759	8.307499	12.565720	4.289709	4.446496	11.241440	7.378290	6.283860	4.047055	11.241440	
77	1	6.461322	8.326654	
78	3	7.419729	7.436531	9.298801	4.112535	9.483080	3.929405	
79	4	7.378290	9.348887	8.077301	5.438281	5.625367	7.585855	4.615746	8.360432	
80	3	6.574157	8.715984	11.850760	3.490215	6.534860	5.553223	
