nice12.100.txt
40
100
100 31
1	3	7.604425	12.540530	6.326922	11.405730	11.308300	5.474030	
2	1	9.932415	6.454763	
3	3	16.522760	9.474191	15.684280	8.194872	4.694365	18.164470	
4	1	13.715920	5.308002	
5	1	5.931944	11.763420	
6	4	13.746960	8.194872	9.619030	7.179473	5.888374	11.405730	6.312914	10.608990	
7	5	12.819210	9.874556	13.503580	6.861563	8.553185	10.000520	9.594378	8.687119	8.065494	10.178910	
8	1	5.902383	10.608990	
9	6	19.213410	6.360365	7.880593	13.354550	14.491130	6.366983	4.700447	17.650730	7.688973	9.349977	7.298754	9.006449	
10	3	10.616800	11.790600	9.594378	9.819757	6.864497	11.559970	
11	3	24.374050	11.643090	7.261069	11.241320	6.888474	9.022221	
12	3	8.010834	22.014720	5.554172	19.533740	15.343020	4.811000	
13	1	14.344970	11.643090	
14	1	9.619030	9.362569	
15	2	14.514170	11.409640	13.936060	4.806878	
16	5	7.880593	15.939270	8.054801	11.429620	13.428220	6.328200	13.428220	5.948328	13.503580	5.618031	
17	1	8.918333	12.540530	
18	1	4.736497	17.650730	
19	2	10.616800	9.545573	7.688973	10.319430	
20	3	15.343020	7.211462	4.743086	17.650730	7.298754	8.644281	
21	1	9.932415	9.419323	
22	5	11.970850	14.652900	8.380097	16.437380	12.819210	7.305078	5.954718	11.559970	15.343020	4.074732	
23	1	5.238050	18.164470	
24	1	6.013512	14.652900	
25	3	9.619030	12.296760	12.819210	7.928019	14.491130	5.909545	
26	3	6.645474	16.097190	7.688973	9.624411	6.374078	11.241320	
27	3	8.380097	12.856450	6.702972	12.423220	6.982244	10.352390	
28	7	13.503580	9.135744	8.065494	13.567260	13.715920	7.888627	6.354291	14.652900	9.594378	9.199652	6.793996	11.409640	4.726020	16.097190	
29	2	12.998590	7.479864	6.800613	12.423220	
30	3	8.209718	30.793550	8.553185	9.533216	7.001050	10.352390	
31	2	7.709144	14.652900	13.936060	5.545507	
32	2	8.054801	9.527479	4.701095	14.652900	
33	1	16.264520	5.874067	
34	2	8.246208	11.241320	8.054801	9.836450	
35	3	9.594378	10.665260	17.240240	5.887306	6.611189	11.409640	
36	4	29.431230	14.602360	6.888474	14.723950	12.998590	5.716766	11.308300	6.289394	
37	3	9.391436	12.921450	9.619030	9.532981	10.616800	7.957645	
38	1	5.106050	19.533740	
39	1	19.213410	6.440292	
40	2	7.549877	11.241320	5.562531	12.921450	
