nice49.100.txt
40
100
100 33
1	1	10.554830	7.161100	
2	6	11.642360	20.197940	14.201830	7.398241	6.280231	15.803750	6.203828	15.754590	9.051762	7.092278	6.161445	8.181910	
3	3	7.057724	20.872730	8.136905	10.020160	8.598115	8.037594	
4	3	8.507663	20.872730	8.351727	10.930980	8.136905	10.179470	
5	4	32.633520	10.808190	16.439310	13.437880	6.731183	15.803750	11.348730	5.632970	
6	3	7.037148	15.198690	6.581701	15.803750	13.792600	7.242196	
7	4	8.082497	20.872730	8.066233	11.047380	7.023523	12.510030	5.374774	16.089940	
8	4	9.754149	9.808793	4.393741	15.754590	8.883348	7.087804	4.425422	12.847940	
9	1	6.110356	15.247860	
10	4	8.005130	10.880670	7.740419	10.930980	6.622559	10.622170	7.409620	9.388469	
11	1	6.794319	10.880670	
12	1	6.319246	15.198690	
13	1	5.296731	10.323040	
14	1	15.475850	14.364680	
15	1	7.411509	15.803750	
16	2	10.069280	8.018610	4.983286	10.323040	
17	1	19.410710	15.198690	
18	2	11.417150	7.087804	4.813009	15.754590	
19	2	14.092120	9.388207	4.578751	17.520940	
20	2	10.294520	8.181910	7.409620	8.954827	
21	5	21.365760	5.623221	10.857760	9.761892	13.520490	7.398241	12.432500	6.352948	5.331361	12.847940	
22	3	16.541380	10.930980	14.906220	8.499588	10.054860	8.037594	
23	4	9.300221	15.247860	6.217946	20.872730	14.092120	6.415544	5.282753	16.089940	
24	6	27.667850	7.581982	10.693310	12.973760	11.211890	8.181910	8.484777	10.614570	4.035817	12.847940	6.436960	8.018610	
25	6	6.733534	20.199630	13.792600	7.191163	4.473011	17.520940	7.697357	8.210674	10.197110	5.921108	13.792600	3.721145	
26	1	8.484777	11.124600	
27	1	11.216080	8.018610	
28	1	10.693310	7.225876	
29	2	7.697357	7.206177	5.610929	9.808793	
30	4	19.752540	5.996660	11.348730	9.783881	7.912282	10.880670	8.066233	7.295912	
31	3	14.906220	7.590355	7.650435	13.238930	7.367353	7.087804	
32	2	12.432500	11.410570	22.711730	6.097407	
33	2	10.857760	6.041859	8.098149	7.161100	
34	2	10.280020	10.549680	11.228540	6.447851	
35	2	12.514620	5.921108	9.051762	8.094759	
36	1	11.228540	6.990030	
37	1	6.622559	10.250550	
38	3	6.944244	15.198690	6.409824	15.803750	19.752540	4.972144	
39	1	7.346653	9.808793	
40	3	21.365760	5.345583	4.782061	13.238930	4.618834	12.510030	
