nice3.100.txt
40
100
100 26
1	5	22.270930	7.436531	10.874180	5.407529	14.295660	3.674508	7.407651	6.661309	9.072077	5.438281	
2	2	6.715949	21.824740	12.749550	7.768642	
3	4	18.092040	9.712435	14.381460	8.820480	11.490150	6.204877	7.974573	6.198311	
4	2	10.376800	8.855738	8.077301	5.438281	
5	4	5.192828	20.592040	9.335219	10.815430	5.879335	15.883310	5.897760	10.915280	
6	3	9.291607	21.824740	8.813107	20.290390	17.149380	9.168521	
7	3	7.378290	15.632750	17.535070	5.634451	12.565720	7.494907	
8	1	6.716806	15.049520	
9	1	18.092040	7.075265	
10	1	21.863190	7.707457	
11	1	8.977768	6.198311	
12	1	11.850760	8.012112	
13	3	13.070630	9.565293	8.694468	12.289130	5.265718	12.043590	
14	1	21.863190	5.605863	
15	4	17.535070	7.879262	12.394070	7.768642	6.372274	14.606800	5.973977	6.065241	
16	1	6.574157	15.632750	
17	1	5.625367	21.824740	
18	1	7.518161	5.034865	
19	2	16.013040	7.785120	9.361040	12.289130	
20	1	23.047720	6.589316	
21	1	6.973804	6.661309	
22	4	16.844560	8.307499	6.240113	21.824740	8.037580	15.632750	5.403405	20.290390	
23	1	11.404870	9.350600	
24	3	7.432432	15.632750	5.597172	10.628080	5.597172	9.963960	
25	2	13.702070	11.241440	12.876310	11.241440	
26	1	11.225360	9.143034	
27	1	11.241530	8.326654	
28	4	11.361520	5.425608	6.588540	9.164680	3.570056	10.915280	5.995217	6.342950	
29	3	7.425444	12.289130	6.534860	10.330090	10.369540	5.722038	
30	3	10.012430	8.012112	6.782100	8.363796	3.961016	9.676755	
31	6	9.920238	9.910716	9.335219	9.776610	6.309711	9.143034	5.506800	9.676755	8.386238	6.342950	4.464437	9.565293	
32	3	20.709980	8.326654	14.216510	11.070920	11.490150	5.838709	
33	4	25.143610	7.088722	8.476177	12.289130	18.092040	5.037039	9.434180	5.034865	
34	4	12.077000	20.592040	16.013040	7.264403	16.844560	6.549865	5.973977	5.978345	
35	5	22.031270	9.910716	17.535070	4.472700	11.361520	6.863526	6.782100	7.519515	6.534860	5.553223	
36	3	7.901892	21.824740	7.165533	5.722038	10.874180	3.757151	
37	3	23.047720	8.214659	22.270930	7.367445	15.173510	9.350600	
38	1	12.565720	8.137840	
39	5	12.626980	14.606800	14.216510	11.055460	16.952340	4.650134	14.295660	5.181230	7.279052	8.855738	
40	1	4.400466	9.164680	
