nice34.200.txt
80
200
100 24
1	3	6.602640	10.373160	10.846450	3.965299	5.294878	7.665133	
2	4	9.603523	15.264560	8.579675	8.833786	13.415890	5.088083	2.928509	8.888598	
3	2	5.905924	8.859281	5.626248	5.212013	
4	1	4.404329	11.185940	
5	3	13.835460	3.756859	5.540858	7.632470	8.954473	4.611469	
6	2	7.281878	7.646099	4.362249	9.909882	
7	1	3.882438	8.823669	
8	3	23.128930	5.996128	16.528300	4.443377	10.280900	4.443625	
9	5	9.023288	6.013727	9.650391	5.494081	11.190290	4.445107	5.817874	7.153087	4.236926	6.028589	
10	1	9.216146	5.010138	
11	2	8.318362	5.010138	5.644392	7.153087	
12	1	4.877772	8.823669	
13	4	13.415890	3.769626	5.276305	9.100946	3.654729	11.785900	6.412144	6.343121	
14	1	8.511220	6.013727	
15	4	5.527830	11.892950	6.602640	9.064582	3.760104	10.902350	3.404176	11.892950	
16	1	8.463033	8.823669	
17	2	6.323611	12.106230	11.541230	3.531800	
18	3	6.233609	7.416215	8.549415	4.927437	8.614801	4.742994	
19	1	3.121996	8.634604	
20	1	23.128930	5.870323	
21	3	6.694090	7.226401	5.801057	7.354469	5.746630	5.197177	
22	3	4.539670	11.892950	11.241320	4.795618	6.402647	7.246302	
23	3	4.578195	8.735873	5.822348	4.698061	3.903444	6.743897	
24	5	13.415890	3.823726	10.121160	4.742994	6.744903	6.485009	12.147700	3.273032	2.932598	8.634604	
25	1	4.694677	8.415951	
26	3	11.241320	4.451045	5.254126	8.823669	2.803927	9.100946	
27	1	10.583920	4.091245	
28	1	3.943473	10.902350	
29	1	10.583920	7.393218	
30	1	6.374083	4.630805	
31	3	6.166877	11.892950	6.143580	8.634604	7.299308	6.334966	
32	5	11.190290	7.026732	8.760435	5.820151	5.139927	8.860885	4.079015	10.902350	6.233609	6.468400	
33	2	10.372150	5.236630	3.225524	12.400550	
34	1	11.970100	6.435073	
35	1	10.854760	4.243722	
36	2	10.854760	3.820150	9.379299	4.390826	
37	1	6.800156	6.952628	
38	1	3.445944	12.106230	
39	3	15.969650	5.365793	5.880790	7.153087	3.864114	7.780231	
40	4	9.953627	6.046005	13.205400	3.683920	11.541230	4.114298	7.773090	5.212013	
41	6	9.061131	7.779830	10.186550	4.927437	3.852499	11.185940	4.685641	8.415951	3.913888	8.890282	6.292561	4.698061	
42	3	13.901700	3.776900	4.217426	9.909882	5.423770	5.212013	
43	3	7.514864	6.282787	7.882095	5.369948	6.775789	6.150780	
44	1	12.437680	4.648662	
45	2	9.750027	5.040614	6.233609	6.688169	
46	1	9.870289	4.583886	
47	1	6.119845	7.409067	
48	2	5.540858	7.990795	4.031415	10.149660	
49	1	7.209211	5.820151	
50	1	3.110057	9.100946	
51	5	13.205400	4.765175	9.865238	5.706138	6.675407	6.579628	4.660254	8.890282	3.903444	8.027044	
52	1	3.186620	12.400550	
53	1	5.456218	14.100210	
54	2	7.240022	6.334966	7.882095	5.054173	
55	3	6.974982	8.860885	8.541761	6.629820	10.182980	5.378734	
56	5	6.953372	10.902350	14.062290	3.928183	6.005728	8.735873	8.792861	4.611469	4.200907	6.215755	
57	2	13.835460	4.659091	6.802751	6.302607	
58	1	13.415890	4.781245	
59	3	13.901700	3.536121	6.119845	7.361875	2.941926	8.888598	
60	2	5.801057	13.218320	6.778275	5.040614	
61	1	14.062290	4.851367	
62	6	10.232470	6.282787	5.214383	11.892950	9.870289	5.565774	12.437680	4.210618	8.783256	5.769636	10.154220	4.630805	
63	4	9.865238	4.717983	3.864114	7.484329	4.236926	6.077638	8.783256	2.927633	
64	3	9.010127	6.215755	7.900191	6.957771	5.306958	7.692614	
65	3	6.802751	8.163391	12.114910	3.680674	3.086998	8.859281	
66	2	10.854760	4.060307	9.379299	4.183257	
67	2	7.793707	6.046005	10.846450	2.943751	
68	3	9.394007	8.216019	6.172152	9.676543	10.280900	4.130457	
69	3	6.962757	8.415951	7.317390	6.485009	12.147700	3.306597	
70	3	10.023290	17.668290	5.313897	8.148811	5.099824	5.197177	
71	2	8.116133	5.636163	3.422334	8.859281	
72	3	8.465890	18.743670	5.100221	8.888598	7.070944	5.636163	
73	4	8.689545	8.888598	6.675222	7.665133	6.883418	7.153087	5.276965	7.692614	
74	6	8.574142	8.349339	6.800156	7.147578	8.783256	5.417527	13.205400	3.373363	8.096943	5.494081	10.290220	2.705019	
75	2	4.067969	15.264560	4.245462	11.785900	
76	4	6.994867	8.216019	10.290220	3.924801	5.313897	7.474453	10.182980	3.867928	
77	3	6.172152	9.761197	6.694090	6.888394	5.478200	7.779830	
78	4	15.187080	4.472901	10.854760	5.111020	10.583920	4.526286	8.459838	5.236630	
79	4	6.402647	7.219696	5.035433	8.216019	4.323473	6.215755	2.988902	8.634604	
80	2	7.701171	8.823669	6.429609	6.150780	
