nice44.25.txt
10
25
100 47
1	2	34.430930	16.252960	10.005920	15.840250	
2	1	12.907290	16.541820	
3	1	18.052640	25.499130	
4	2	12.382640	21.810480	9.462811	16.541820	
5	2	13.386320	21.228630	7.456320	25.499130	
6	6	46.084960	18.350930	19.411450	41.706090	13.147910	32.794780	9.414154	25.499130	10.005920	16.954530	13.386320	11.566150	
7	2	22.120950	41.706090	8.848135	32.794780	
8	4	42.063190	13.040650	46.084960	11.563140	12.382640	19.895600	23.013690	9.450696	
9	2	20.180770	32.794780	42.063190	12.458480	
10	3	46.084960	11.792020	23.013690	16.048440	12.060830	16.541820	
