nice27.100.txt
40
100
100 28
1	5	13.046910	9.270926	18.171550	4.704860	8.734851	7.838566	9.569339	6.395401	5.981272	9.159024	
2	1	10.287950	10.614230	
3	4	13.615190	6.522656	9.664159	8.378499	8.061880	9.465666	10.773450	6.537412	
4	1	6.495754	10.843850	
5	2	8.033370	10.410530	12.603670	5.358934	
6	6	14.745560	9.653905	8.388893	10.843850	18.171550	4.975991	4.970567	17.350370	9.796186	7.907168	8.165664	9.270843	
7	4	14.417950	8.369642	9.560538	9.029254	4.328487	16.289350	6.790776	8.250524	
8	2	13.722980	10.843850	10.262560	10.641160	
9	2	7.066876	12.291770	5.142108	10.616030	
10	3	13.046910	4.783605	9.569339	6.128122	6.796723	8.250524	
11	1	7.167623	10.802120	
12	3	11.225510	9.518572	5.981272	9.653575	9.085050	6.335947	
13	3	7.405466	22.577350	4.505736	15.838290	13.377180	5.011828	
14	4	5.170168	19.449640	11.416120	8.378499	9.874168	8.569699	9.436704	7.838566	
15	2	16.109710	17.350370	9.569339	7.224005	
16	3	9.874168	19.111860	9.084283	8.250524	7.167623	8.010478	
17	1	7.906740	10.403340	
18	3	13.615190	5.769110	7.906740	9.891721	9.796186	7.931123	
19	1	13.916640	15.838290	
20	1	7.703102	10.150700	
21	1	14.160900	10.787970	
22	2	4.937588	19.449640	6.264114	15.007730	
23	2	13.345680	22.577350	10.412590	9.716548	
24	2	19.361540	5.125261	6.371224	10.616030	
25	4	12.248260	9.465666	5.493052	20.295060	13.377180	5.138867	10.434350	6.255683	
26	2	9.522886	18.812600	13.046910	7.609003	
27	1	13.523840	4.897022	
28	2	8.510880	10.787970	9.583847	5.920905	
29	1	8.120663	9.653905	
30	4	13.988710	27.299500	22.671780	13.619150	13.960290	9.518572	9.560538	10.433300	
31	6	9.874168	10.140960	10.661800	8.901721	10.412590	8.872088	10.107760	8.506278	8.165664	8.248574	12.603670	5.282222	
32	4	9.560538	12.580460	6.084098	16.289350	14.417950	6.638092	7.658387	10.843850	
33	1	19.630470	5.540304	
34	1	8.033370	11.253000	
35	1	13.523840	4.883060	
36	1	12.813380	9.780082	
37	5	11.158450	10.616030	10.418480	8.901721	5.705901	15.130460	10.046620	5.920905	3.863437	15.130460	
38	1	11.080210	9.518572	
39	4	5.954329	22.577350	10.773450	9.300879	10.645930	6.255683	10.276490	6.335947	
40	3	12.383830	10.614230	10.107760	9.866599	6.395339	9.465666	
