nice22.200.txt
80
200
100 19
1	2	6.832218	6.220657	4.561927	7.393523	
2	2	7.822127	8.451190	4.277091	6.565027	
3	2	8.920166	4.163237	5.816987	4.882076	
4	3	12.880810	3.659669	6.608111	6.817053	5.499141	6.215901	
5	3	10.787420	3.581115	6.142831	5.668946	8.347255	3.237633	
6	4	7.079026	7.489296	8.210483	5.983053	7.140668	5.878820	4.321144	7.398314	
7	3	4.054480	9.828126	7.566803	4.217658	6.892416	3.969761	
8	5	7.053151	8.653530	13.917070	4.327682	8.347255	4.227667	10.260940	3.314036	6.969299	4.243280	
9	4	12.693390	7.490685	9.445496	5.561198	9.445496	5.284222	6.372373	6.399037	
10	2	5.852643	7.811537	5.301542	7.812021	
11	1	5.131145	15.023770	
12	1	6.912329	4.331170	
13	1	2.923886	9.334593	
14	1	4.383092	6.501745	
15	1	5.379049	5.028637	
16	3	5.853834	8.526194	4.068738	8.140019	5.108176	5.381347	
17	2	4.068738	7.911361	6.505544	4.272711	
18	1	6.865069	6.025898	
19	2	6.592888	4.251764	5.816987	4.652699	
20	6	11.058170	6.759756	14.381760	3.655955	6.638455	6.215901	5.540327	6.768580	11.058170	2.782801	10.260940	2.901865	
21	2	7.626740	8.759308	2.854959	9.541676	
22	2	12.880810	4.294181	7.566803	4.233532	
23	1	10.787420	2.983912	
24	2	7.391788	4.793105	11.058170	2.772993	
25	3	11.297530	5.079419	5.516126	9.204432	4.066347	8.450813	
26	1	11.312070	4.627234	
27	1	12.362010	3.764634	
28	1	5.143030	15.023770	
29	3	12.333500	3.303589	3.892824	8.653530	6.787691	4.515216	
30	1	4.772948	7.311109	
31	2	7.303692	9.234327	6.969299	4.022495	
32	4	10.725830	9.730536	14.517000	5.066920	5.488702	10.711450	5.540327	7.070775	
33	2	5.017045	8.276228	5.108176	5.330106	
34	2	7.064721	8.451190	5.663201	8.368395	
35	4	7.832019	12.502990	5.623723	8.974061	8.210483	5.331092	6.451345	4.793105	
36	4	8.114197	11.497950	7.791306	8.653530	8.522943	6.033433	5.605079	6.571464	
37	1	6.912329	4.892962	
38	1	5.852643	8.239843	
39	3	8.114197	6.939443	4.683873	7.398314	5.379049	5.795527	
40	3	6.865069	11.834320	12.333500	3.198157	6.592888	5.082829	
41	2	8.353570	6.542904	6.505544	4.380819	
42	2	12.362010	4.189216	4.410669	9.755158	
43	1	7.464129	18.093900	
44	2	7.084823	9.234327	5.266376	7.214961	
45	2	10.975470	9.083703	11.843370	2.964814	
46	2	7.334018	6.565027	5.379049	7.269737	
47	1	4.519642	9.257468	
48	2	7.006871	13.486480	7.010916	6.220657	
49	6	8.324697	18.093900	5.605079	11.522440	13.843130	4.010008	4.881813	8.759308	8.522943	4.678019	8.920166	4.235543	
50	5	5.915647	10.142700	5.276371	9.534775	6.731161	6.501745	5.017045	7.775153	5.720543	6.084219	
51	1	4.176238	6.714181	
52	2	12.693390	3.823461	6.842000	6.089304	
53	3	5.254091	11.128390	8.475260	6.679529	3.788965	13.486480	
54	3	4.066347	7.600566	6.468565	4.410581	2.948675	9.257468	
55	7	9.005016	11.872260	6.787691	10.508550	3.854671	13.486480	7.468317	5.798171	5.623723	7.077319	9.028637	3.151290	2.991779	9.334593	
56	2	7.663267	6.576814	6.912329	4.626189	
57	1	6.664546	4.673122	
58	6	5.526744	9.534775	14.051280	3.610585	5.419364	9.204432	5.371421	8.889469	7.832019	5.590908	9.028637	3.247747	
59	2	5.011525	10.186880	7.627393	4.410581	
60	1	14.972490	6.679529	
61	1	4.264921	10.845420	
62	6	18.622860	7.772017	8.920166	9.669089	11.606260	6.320019	3.972356	13.486480	5.254091	8.142188	5.517846	6.884352	
63	3	7.550294	13.362060	6.281046	8.451190	7.737744	6.576814	
64	4	14.517000	4.663615	5.142526	10.142700	5.266376	7.808809	4.483930	8.601410	
65	1	7.468317	6.761889	
66	1	5.942149	4.717398	
67	3	7.079026	10.578570	4.176238	9.337199	4.483930	7.449970	
68	4	6.246988	18.093900	10.520340	7.812021	5.663201	10.069000	8.223176	4.662428	
69	2	7.468317	6.668057	11.843370	3.124490	
70	4	8.353570	16.096620	6.881672	18.067870	4.076349	9.755158	6.142831	4.517930	
71	1	4.762385	6.089304	
72	2	6.892416	7.912045	4.561927	7.630248	
73	2	5.942149	4.817377	6.912329	4.009894	
74	1	8.487018	9.515420	
75	8	15.024280	10.845420	7.850717	13.362060	11.606260	4.994126	5.517846	6.955002	3.477292	10.711450	7.431411	4.673122	3.034824	10.711450	6.892416	4.169575	
76	4	5.564068	8.889469	7.325334	5.079419	5.591531	6.084219	2.914819	9.828126	
77	1	8.353570	5.846065	
78	1	4.772948	8.740272	
79	2	13.917070	5.859193	7.241092	5.878820	
80	4	8.223176	6.651717	14.051280	3.854715	7.780404	6.817053	2.998875	9.541676	
