nice11.25.txt
10
25
100 50
1	2	35.179460	13.883960	24.880090	15.289180	
2	2	19.294950	15.662540	10.057800	27.475080	
3	3	16.909200	26.431170	24.880090	11.141990	14.720730	13.883960	
4	6	25.767740	30.439930	23.928110	13.398990	19.592400	14.399410	8.310528	26.431170	12.282400	15.653820	11.131020	13.398990	
5	1	13.485340	15.653820	
6	2	19.592400	31.694340	16.791790	13.398990	
7	1	21.721620	27.475080	
8	1	16.369650	27.475080	
9	2	49.900180	12.547210	13.841160	23.336090	
10	5	21.503750	46.093750	19.294950	30.431210	31.279530	14.076100	13.841160	22.757660	20.571390	14.076100	
