nice8.100.txt
40
100
100 26
1	5	17.135150	6.184920	9.871950	10.115060	17.135150	4.360065	7.158175	6.278588	3.324792	12.428190	
2	3	12.828390	22.139120	6.548477	11.851460	7.158175	6.483303	
3	1	9.019852	24.352880	
4	3	8.410740	7.697015	6.056826	9.315706	5.193521	10.367920	
5	1	7.805029	18.531860	
6	3	19.416840	8.287258	11.740470	7.697015	5.484467	10.655940	
7	4	14.903600	17.082280	9.871950	12.581080	9.829510	11.594140	5.193521	7.957552	
8	1	9.365062	9.120324	
9	7	12.119270	10.655940	8.386549	13.093080	7.305641	11.594140	7.133811	11.427200	5.642084	13.919080	6.351503	10.655940	4.911873	8.478271	
10	3	7.377314	11.924690	13.977720	4.506623	10.345630	4.146005	
11	1	11.122320	6.414051	
12	3	20.151210	12.421860	10.564520	18.531860	11.122320	6.347839	
13	1	8.256763	7.506639	
14	2	15.124690	11.239040	7.498868	12.761890	
15	3	7.800103	22.557720	12.309660	11.558300	23.353270	5.935259	
16	5	20.984240	10.793970	18.477620	11.558300	7.429241	25.711380	10.166220	8.457514	6.001742	8.208320	
17	2	9.805582	8.239538	8.030483	5.271656	
18	6	13.242640	10.793970	3.836644	13.919080	4.485520	11.558300	8.955946	5.095410	6.530111	6.824112	10.345630	4.093534	
19	3	14.433710	10.267910	5.755388	22.557720	6.548477	13.859920	
20	1	14.433710	6.973491	
21	1	11.000150	5.478396	
22	1	5.199864	13.230060	
23	1	19.644950	10.433810	
24	5	8.961877	12.761890	9.778357	5.478396	4.052522	12.428190	6.762423	6.824112	4.911873	8.270284	
25	1	8.428038	8.266462	
26	4	5.970112	22.139120	6.056826	14.224320	6.001742	10.117150	4.584992	10.655940	
27	1	8.643618	16.748550	
28	1	13.977720	3.728286	
29	2	13.903400	10.655940	8.386549	5.438779	
30	2	14.810050	13.558910	7.392015	7.270599	
31	3	19.680540	11.239040	14.925240	8.266462	7.702388	6.470748	
32	2	9.871950	16.610130	7.170838	11.558300	
33	1	11.386350	5.271656	
34	3	8.770575	23.540030	14.026730	10.900080	14.827400	6.325014	
35	4	8.553724	10.906850	13.977720	5.359990	6.570638	7.506639	7.702388	6.291142	
36	2	8.553724	7.625008	7.511583	7.270599	
37	3	7.133811	7.104656	5.462338	9.120324	6.858675	6.824112	
38	2	14.433710	4.897722	10.166220	5.461562	
39	1	14.051890	14.201720	
40	2	20.778500	5.421683	3.756082	13.230060	
