nice31.200.txt
80
200
100 21
1	2	7.670299	9.036918	12.546560	3.854838	
2	3	12.546560	3.289149	10.199100	3.469978	2.734179	8.477842	
3	2	4.408894	9.085841	4.823784	5.009699	
4	1	5.539004	10.248450	
5	1	5.095062	12.969220	
6	2	11.252880	3.311831	5.192901	6.319578	
7	4	10.651860	7.889239	5.749370	11.431610	8.460954	7.557553	3.006170	7.753237	
8	2	11.748230	9.335696	10.509090	8.930394	
9	3	7.670299	5.713967	5.889844	7.310587	5.930575	4.182754	
10	1	12.356380	5.009699	
11	1	2.535891	8.477842	
12	1	7.722348	2.774039	
13	4	6.890357	15.050980	5.625853	10.622560	4.326489	8.054670	4.326489	5.569307	
14	2	3.961391	8.457219	4.408894	5.144467	
15	6	12.873060	8.695670	4.744111	9.986090	10.227090	3.861397	3.410440	9.649763	4.479730	7.141676	3.662415	7.141676	
16	3	9.598581	7.169762	5.466137	11.251010	10.118160	4.169306	
17	2	14.841830	4.335009	4.403284	13.164400	
18	4	9.230882	6.902563	7.396838	6.902563	3.140232	7.490942	4.609109	4.616446	
19	2	10.467250	5.775883	5.368763	6.299182	
20	3	3.831877	15.050980	7.425067	5.095800	6.301741	3.510721	
21	3	12.546560	9.092168	7.028092	6.739863	4.744111	8.127874	
22	3	11.748230	5.704015	5.360101	4.290788	5.312957	4.113552	
23	5	4.458484	14.230310	7.941463	4.897217	5.255315	4.400699	3.617010	5.926578	2.884445	7.359504	
24	1	8.460954	7.022800	
25	4	5.749370	6.682353	7.416760	5.095800	5.255913	4.190227	5.210185	4.020923	
26	3	17.397120	5.930361	5.889844	11.659350	4.968319	8.988669	
27	2	2.778191	10.588630	3.403303	7.560034	
28	5	5.111644	20.442140	3.522929	13.431550	8.460954	5.101925	5.380841	7.313332	4.056794	7.359504	
29	2	10.199100	6.660586	4.189650	14.230310	
30	2	8.076763	7.141676	6.915547	7.141676	
31	3	6.349144	9.746727	8.166766	7.363417	10.261380	5.486368	
32	4	9.238705	4.897217	10.209830	3.790145	7.670299	5.002321	7.970008	3.948586	
33	5	10.651860	5.425412	4.281821	11.171300	7.409840	5.656423	7.722348	5.314989	5.255315	5.030110	
34	2	3.078277	11.678050	5.617984	4.616446	
35	5	6.414352	9.746727	4.234225	9.715075	5.380841	7.088668	3.199322	8.511813	5.210410	4.290788	
36	2	8.166766	10.808250	5.376621	14.887480	
37	3	4.362431	13.623980	3.488122	9.715075	9.598581	2.649329	
38	1	7.062011	5.951637	
39	4	5.458867	20.442140	8.491248	6.405050	5.255913	6.929722	2.895703	10.845360	
40	2	5.893459	14.230310	5.930575	6.574012	
41	2	5.446817	10.622560	7.062011	4.218539	
42	2	8.688920	13.083650	3.695575	7.560034	
43	3	9.041641	7.165406	6.686687	8.893771	4.690559	11.171300	
44	2	5.475449	12.969220	5.696036	5.010631	
45	3	3.993562	14.729250	6.052189	5.010631	6.301741	3.559674	
46	1	9.598581	3.675249	
47	3	6.686687	9.220193	5.253176	6.756889	7.722348	3.066908	
48	4	7.858831	9.746727	11.270180	4.245399	4.509351	8.477842	5.380841	5.351207	
49	1	4.421082	14.230310	
50	1	6.086693	9.484441	
51	1	8.460954	8.367183	
52	2	7.357350	9.532207	5.257064	4.020923	
53	7	9.043899	9.532207	7.729829	9.746727	5.185722	11.251010	4.536674	10.756770	3.887118	9.746727	10.467250	2.687496	3.792830	5.926578	
54	3	11.252880	4.365831	5.376621	4.865723	4.968319	4.442879	
55	2	14.279830	7.680973	4.139764	14.729250	
56	5	17.397120	5.652639	10.246960	8.511813	5.352679	11.044420	13.521530	4.371150	5.192901	5.263422	
57	1	5.533666	10.248450	
58	3	5.523803	4.425979	2.381282	9.430809	8.460954	2.534893	
59	1	10.166190	7.070395	
60	1	2.745611	10.588630	
61	4	8.253861	7.359504	10.209830	3.963092	4.188604	9.430809	3.077677	11.678050	
62	1	3.958647	7.490942	
63	1	4.436201	15.050980	
64	1	7.955418	7.680973	
65	4	13.521530	4.324520	10.199100	3.679695	5.368763	5.344073	6.532892	3.684424	
66	3	11.252880	5.816679	4.638358	13.164400	5.253176	4.363060	
67	2	10.651860	8.634733	10.118160	6.000870	
68	1	5.211760	7.753237	
69	2	6.532892	5.941823	5.523803	3.955328	
70	2	12.546560	4.634855	2.745513	9.649763	
71	1	7.764608	7.680973	
72	1	8.166766	12.412690	
73	2	4.854922	13.494340	6.532892	3.868094	
74	2	18.427760	7.927272	3.190990	10.845360	
75	2	8.491248	6.871028	6.690469	8.457219	
76	2	16.627720	4.170698	5.131073	4.245399	
77	1	5.312957	10.615700	
78	7	18.427760	6.223900	8.972380	10.156520	7.970008	10.281720	6.044883	11.643260	6.060968	11.044420	10.570510	3.955472	3.260138	7.141676	
79	1	9.439842	6.739863	
80	2	4.811415	7.359504	6.139864	5.486368	
