nice35.25.txt
10
25
100 41
1	2	24.549430	17.427670	30.261630	13.237390	
2	1	30.261630	13.572350	
3	3	11.007860	30.868230	24.685730	10.806650	12.336650	19.249500	
4	3	40.298550	12.034150	19.508770	21.191230	9.098157	21.711150	
5	5	30.261630	30.287880	16.954040	30.868230	16.628900	27.901880	24.549430	13.176700	12.358320	11.601970	
6	3	28.560050	29.058490	24.685730	10.551700	12.327410	11.601970	
7	2	28.560050	28.039140	24.685730	9.942051	
8	1	15.506960	26.763880	
9	2	24.549430	26.493250	12.336650	11.618720	
10	3	16.628900	29.195740	15.506960	16.138500	10.410610	21.711150	
