nice4.50.txt
20
50
100 39
1	3	21.917840	9.611538	13.965630	14.439770	19.051400	7.497951	
2	2	13.619880	15.980660	21.016370	6.282017	
3	2	16.520670	10.692510	9.380420	14.370280	
4	4	8.008059	27.993100	18.556260	11.945220	17.487590	9.923332	12.633610	8.807929	
5	2	12.293450	15.584120	10.794810	15.357070	
6	2	18.190320	13.622820	22.863060	8.187973	
7	2	21.917840	6.436337	11.814990	11.822580	
8	2	14.601670	15.584120	11.004330	15.584120	
9	1	37.812990	10.505710	
10	3	7.890882	27.993100	24.287560	8.783281	13.619880	12.017780	
11	4	11.534780	17.990190	13.965630	13.553330	9.481586	17.990190	6.694475	21.416220	
12	3	20.019750	38.690950	13.069130	11.289210	12.581000	8.807929	
13	1	6.529006	21.416220	
14	3	23.391820	10.692510	25.214610	8.923905	11.814990	16.170520	
15	3	14.109340	17.731830	22.863060	9.543861	8.809903	14.370280	
16	2	24.287560	6.800841	21.016370	7.023330	
17	1	21.573850	11.945220	
18	2	18.212280	7.944510	8.256595	15.357070	
19	3	20.325400	9.923332	19.051400	8.553255	21.016370	7.395413	
20	5	37.812990	12.886910	26.292610	6.582219	18.212280	8.103365	19.051400	7.282673	13.069130	10.127010	
