nice25.50.txt
20
50
100 36
1	4	17.876670	23.125340	9.511507	17.643020	19.266600	7.194969	14.374920	7.676895	
2	1	14.128710	11.398760	
3	2	5.903285	22.260980	13.540730	8.756468	
4	4	34.620030	20.448580	11.162190	25.984410	7.312743	28.281600	9.884349	18.862220	
5	2	14.558920	10.267450	19.020430	6.541310	
6	3	6.891303	25.984410	6.514719	25.984410	13.540730	11.828190	
7	2	11.936850	15.404970	10.020580	15.450010	
8	3	28.677100	13.637610	9.660868	22.403540	19.020430	6.684212	
9	2	7.805941	25.984410	13.614300	8.261440	
10	1	14.558920	11.993530	
11	3	12.482090	18.862220	8.214905	22.260980	14.374920	7.773117	
12	2	15.819220	8.368821	9.984826	11.398760	
13	2	17.041140	13.492720	15.819220	9.664545	
14	1	20.853480	9.835405	
15	1	17.761100	13.225520	
16	4	17.436260	35.898590	19.266600	11.060600	10.874030	15.713470	10.224540	15.450010	
17	4	17.876670	14.991670	9.755089	17.643020	22.366440	7.122183	15.819220	7.951039	
18	1	11.936850	10.579430	
19	2	10.789010	25.984410	13.614300	7.452028	
20	6	19.740390	13.492720	8.375064	22.403540	6.714318	25.984410	6.452391	22.403540	12.667990	11.398760	13.540730	7.696943	
