nice50.200.txt
80
200
100 22
1	4	9.007571	7.493088	14.216390	3.747643	9.025578	4.214654	3.976767	9.301371	
2	1	5.358713	10.749050	
3	2	5.492232	8.549347	5.334669	7.009889	
4	2	7.712714	4.597264	7.524770	4.501557	
5	2	11.271860	5.845955	9.423101	3.966498	
6	6	12.697430	8.733745	14.216390	3.666667	4.530981	10.895540	3.673628	11.651340	5.893644	6.456613	7.482028	4.956420	
7	4	13.073520	9.715305	5.585008	9.814999	7.609172	4.956420	3.815860	9.273624	
8	3	6.968566	12.577600	12.715050	6.737129	13.102350	3.510619	
9	1	6.778228	5.930049	
10	1	9.025578	4.790395	
11	1	5.620359	6.083846	
12	2	10.732140	4.711546	6.155755	6.596156	
13	1	6.053786	5.876142	
14	1	10.732140	5.581304	
15	1	5.002736	8.493768	
16	2	5.039396	9.339866	5.743809	5.298285	
17	1	6.350683	6.300913	
18	1	12.473210	9.715305	
19	2	5.184865	9.497395	6.457625	7.092395	
20	3	11.077240	11.025650	6.289292	7.332716	12.360480	3.622964	
21	3	7.169986	11.651340	6.654501	4.786300	2.844576	10.713930	
22	5	4.301484	10.349000	7.892157	5.221035	7.218545	5.704510	6.997846	5.704510	10.693250	2.719614	
23	4	15.139110	11.744720	12.939730	3.788112	7.516041	5.724139	10.693250	3.332363	
24	2	8.935446	5.967678	7.313259	6.299240	
25	5	5.378341	8.973472	5.685036	8.375032	3.680189	10.154440	5.820771	6.332413	4.430862	6.345553	
26	4	8.707226	5.914056	4.559724	8.848639	5.334669	6.718751	5.875643	5.091285	
27	3	15.091200	4.343840	3.667477	9.273624	5.564770	5.966852	
28	1	4.626375	10.154440	
29	2	3.726957	10.154440	5.509165	5.914056	
30	2	7.769674	5.118510	6.532772	5.673552	
31	3	9.020902	7.400127	10.804390	5.661702	3.456941	8.375032	
32	2	12.514550	6.894304	9.286401	4.110707	
33	2	10.732140	6.351727	14.351030	3.628953	
34	5	9.007571	7.795062	4.008897	14.858280	13.024010	3.511054	4.843302	8.848639	6.700349	5.724139	
35	3	5.820771	11.974010	5.508386	10.370120	2.693189	10.349000	
36	5	6.469272	8.506954	6.245782	8.506954	7.735540	5.661702	5.184865	8.153017	3.960376	8.375032	
37	4	6.734716	13.401600	12.360480	6.966278	6.968566	10.818460	7.769674	5.035931	
38	2	6.289292	6.068888	8.935446	3.488014	
39	4	9.787376	4.548254	5.479596	7.992266	4.191567	9.293432	7.638794	4.980618	
40	3	5.372260	21.169740	5.048255	7.703091	7.638794	4.844645	
41	3	12.939730	3.639615	7.199043	5.221035	10.732140	3.019935	
42	2	7.342903	9.005049	11.077240	3.432695	
43	3	7.321084	9.339866	4.431728	14.858280	3.871809	11.651340	
44	3	12.014110	6.669773	6.155755	7.273365	4.430862	8.898530	
45	3	6.970223	5.876142	3.981620	9.293432	3.620983	8.848639	
46	5	9.519031	7.400127	4.167603	13.728640	7.777941	6.299240	3.499223	11.876310	5.620359	5.660871	
47	5	7.199006	8.733745	5.479596	7.251818	10.732140	3.431473	3.300145	8.973472	9.423101	3.125897	
48	4	8.416746	5.562915	3.535556	11.744720	6.589046	6.300913	8.436699	4.786300	
49	3	13.102350	3.358433	3.415759	11.651340	6.899679	5.358022	
50	1	5.650290	8.733745	
51	1	5.683888	7.703091	
52	1	5.585008	6.204498	
53	1	4.689222	9.005049	
54	4	9.666001	7.092395	11.079940	5.966852	5.343463	7.609347	3.565546	10.895540	
55	2	8.096527	8.720056	4.721685	9.825263	
56	3	10.732140	5.034194	6.525821	6.669773	7.669804	5.091285	
57	3	14.351030	4.476853	9.787376	4.753117	3.026306	10.154440	
58	4	4.647420	10.154440	5.492232	7.470150	8.935446	4.413828	4.160091	9.005049	
59	3	12.514550	8.349779	11.077240	7.270377	5.799644	5.562915	
60	3	11.170140	5.845955	4.673965	11.876310	4.885512	9.005049	
61	4	11.230310	5.809844	14.351030	3.666501	7.309621	5.809844	6.826264	4.501557	
62	4	12.360480	5.855394	5.343463	7.678803	9.251565	4.045175	6.638320	4.597264	
63	2	13.024010	3.340563	5.508386	7.280296	
64	1	5.334538	10.749050	
65	2	4.050851	9.301371	11.077240	3.159828	
66	1	6.126940	7.592491	
67	3	7.483337	9.032795	7.316712	5.358022	4.799606	6.456613	
68	3	4.936775	14.858280	4.866962	8.973472	3.786674	10.154440	
69	1	5.797288	5.966852	
70	2	7.012676	5.673552	7.079956	5.230098	
71	2	14.351030	4.748772	4.110849	9.005049	
72	1	6.245780	5.930049	
73	2	5.402790	15.244080	9.251565	6.637992	
74	2	6.163847	11.651340	3.282364	10.713930	
75	3	10.732140	5.074780	9.286401	5.190663	5.002736	6.364511	
76	1	6.994672	9.266596	
77	1	9.128572	10.683170	
78	1	7.112759	9.301371	
79	1	7.136435	5.230098	
80	1	6.616670	5.298285	
