nice45.25.txt
10
25
100 51
1	1	11.915560	20.034700	
2	2	46.892400	25.073420	38.487340	18.563700	
3	1	21.591840	16.513140	
4	3	27.532970	13.826720	13.252730	25.073420	16.562000	13.965080	
5	4	22.488930	12.499010	12.387870	18.563700	8.759666	22.066780	27.532970	6.928403	
6	3	21.591840	13.358320	11.033560	22.066780	7.739738	22.066780	
7	1	18.839710	13.965080	
8	1	28.214490	12.521410	
9	4	39.854880	25.073420	50.875200	17.377380	14.770690	25.020420	9.676273	20.034700	
10	5	35.355320	25.020420	27.385060	12.499010	21.659510	12.521410	15.473500	13.965080	27.532970	7.084252	
