nice37.100.txt
40
100
100 25
1	6	11.624990	14.210090	8.383491	10.031880	13.641450	4.522544	3.606675	14.001680	5.022739	9.173794	6.771338	6.698243	
2	1	8.093021	7.880141	
3	5	17.964540	9.570939	15.982080	7.709174	4.436630	15.295360	10.682330	6.231256	5.229016	11.306630	
4	4	16.022730	10.434040	10.449880	9.809836	4.246075	16.765580	10.682330	5.735294	
5	3	15.982080	11.789460	14.288670	6.533010	3.986018	14.782810	
6	1	5.061246	16.765580	
7	2	6.222373	14.001680	13.641450	5.122431	
8	2	9.614791	18.926840	7.756885	7.626933	
9	3	7.756885	7.668426	5.811872	8.868130	4.949145	8.900119	
10	3	7.929707	21.762370	18.043890	4.634464	5.003278	14.782810	
11	2	6.874021	24.658310	8.093021	8.364134	
12	1	12.645420	4.904745	
13	2	16.664930	13.601370	6.866189	11.022440	
14	1	8.383491	6.023788	
15	2	10.449880	10.268060	8.587560	5.212996	
16	2	21.770180	6.924655	6.923879	9.070753	
17	1	6.771338	11.893010	
18	3	12.343810	11.022440	11.268270	8.927943	6.393075	10.258690	
19	1	9.307321	16.734730	
20	1	21.770180	6.344909	
21	2	10.207430	11.001870	8.383491	10.724280	
22	1	7.431989	17.595700	
23	3	17.224970	6.664796	13.096700	3.529411	6.161692	7.231530	
24	1	12.286120	9.070753	
25	4	11.856620	11.966550	18.043890	5.010511	4.646842	17.595700	5.022739	9.753044	
26	5	6.097380	14.001680	4.423454	17.413590	13.336470	4.543809	5.811872	9.124598	4.949145	9.691138	
27	6	8.146387	15.794650	8.440177	14.001680	5.456401	17.992730	13.336470	5.988081	9.369283	7.138937	8.383491	6.720361	
28	3	21.625820	14.225390	16.664930	11.056940	14.833420	6.253091	
29	3	17.964540	9.355899	10.723120	10.531890	5.278739	14.600700	
30	1	11.720480	13.605150	
31	2	9.207208	5.212996	6.436173	7.231530	
32	3	13.204470	19.498630	6.393075	8.668149	13.096700	3.609527	
33	4	17.224970	6.604768	17.794770	5.318894	8.146387	8.863660	6.800092	7.111063	
34	3	17.358270	11.001870	12.645420	10.274280	12.597870	6.978563	
35	6	19.315410	11.966550	14.833420	13.840100	22.465980	7.071155	4.565842	17.413590	14.288670	4.468861	12.645420	4.914169	
36	1	6.800092	7.489637	
37	1	12.193510	16.901040	
38	1	11.268270	6.579642	
39	3	5.946921	20.077900	5.229016	8.771266	8.093021	5.518090	
40	1	4.819942	14.001680	
