nice30.100.txt
40
100
100 22
1	2	18.113940	18.563870	8.737117	5.608158	
2	2	10.530590	14.647000	10.256950	9.303273	
3	1	7.354623	11.681410	
4	1	15.986160	4.003595	
5	1	14.221630	8.492016	
6	4	20.575600	5.204156	11.420280	8.875235	7.354623	6.870058	9.335163	5.216843	
7	3	20.575600	6.613599	6.408975	10.431500	3.958039	14.676890	
8	4	9.981453	17.862310	7.414385	21.307280	8.935225	6.293673	6.614487	7.307372	
9	4	7.463688	15.296200	10.530590	9.564590	6.408975	9.742056	5.169014	10.674090	
10	1	3.971166	13.879880	
11	5	8.925533	14.264730	17.998210	6.527132	8.925533	12.635750	6.480196	14.676890	5.720011	11.992010	
12	4	7.441701	19.685200	18.787920	6.138845	15.477770	4.371596	8.135521	6.535450	
13	1	17.998210	8.149758	
14	3	11.650350	8.875235	10.385060	9.078411	8.612959	9.071400	
15	1	10.705540	4.574483	
16	4	11.775580	11.193190	10.256950	9.397944	10.530590	9.029172	6.482976	9.027561	
17	5	14.197190	8.794705	8.180797	14.069910	17.542220	5.846750	5.540627	14.676890	5.997104	8.946836	
18	1	18.787920	5.007145	
19	1	10.221820	5.605019	
20	4	5.590398	20.173550	6.095194	17.862310	4.968231	19.685200	6.416230	8.635830	
21	1	6.356468	12.859280	
22	3	8.673627	20.454030	20.907290	8.225416	6.126531	8.794705	
23	1	12.304940	9.027561	
24	4	21.976420	8.946836	20.907290	6.683056	4.964060	13.879880	11.727550	4.317395	
25	1	15.986160	4.027526	
26	1	8.805104	5.608158	
27	3	13.189930	11.992010	15.986160	5.374783	6.416230	9.915642	
28	1	13.206980	9.078411	
29	2	8.180797	12.830580	5.968677	8.946836	
30	3	9.702147	14.908470	10.889640	8.492016	7.850639	6.535450	
31	6	15.863130	18.563870	11.727550	13.004280	10.256950	14.539550	20.575600	5.362819	15.477770	6.518900	8.612959	6.224804	
32	2	11.818280	11.992010	6.495701	11.992010	
33	2	8.673627	12.786740	17.153520	5.569373	
34	1	15.986160	4.103655	
35	1	13.335690	11.193190	
36	4	20.575600	5.238328	17.153520	5.321124	11.240430	5.216843	5.169014	9.499463	
37	3	17.542220	8.718643	12.307570	8.794705	6.356468	8.448002	
38	2	7.718745	20.173550	11.727550	9.578811	
39	4	16.076650	6.700238	10.871570	8.875235	10.350160	9.078411	6.614487	7.601100	
40	3	10.353780	5.605019	10.705540	4.621273	5.280620	9.195756	
