nice5.200.txt
80
200
100 23
1	2	10.674100	4.442232	6.554648	3.871848	
2	5	9.998356	5.213970	11.459390	4.433459	7.914891	5.936771	7.102267	4.383727	7.257457	4.094267	
3	4	6.472989	8.051909	5.235217	8.758963	3.633690	12.294940	4.937375	6.688717	
4	2	4.693686	17.803110	9.672423	7.950421	
5	1	7.257457	7.073170	
6	4	7.914891	8.611089	8.974535	6.545508	3.836542	11.701900	6.234256	4.152283	
7	3	10.888630	6.518277	11.480890	4.709432	9.376666	4.567321	
8	1	9.669531	5.899158	
9	1	7.352096	3.929412	
10	2	14.587190	4.366707	3.649211	13.973630	
11	4	21.090460	6.100774	9.197190	4.733947	11.608360	3.331273	8.188889	4.114321	
12	4	6.234256	8.741265	11.608360	3.307312	8.408159	4.345461	6.554648	4.948596	
13	2	9.338100	5.121268	7.608488	6.005812	
14	2	7.150248	9.255860	9.338100	4.962595	
15	2	22.396740	5.600463	4.073231	11.039550	
16	1	15.139290	5.004518	
17	1	10.975010	4.561159	
18	2	4.398289	10.695120	6.246165	4.354835	
19	4	12.737080	4.311083	7.324855	5.848838	8.004962	4.274194	7.608418	3.572637	
20	3	5.960926	12.397980	7.699371	6.186677	3.042575	8.954596	
21	2	10.022770	7.604736	6.142597	10.842800	
22	3	11.722640	4.716823	6.916768	5.865065	5.259818	5.088458	
23	2	8.231520	9.153228	5.259818	7.383626	
24	5	10.674100	6.048140	3.501037	13.973630	7.257457	5.225085	6.566847	5.500539	4.937375	5.470489	
25	2	8.957198	7.604736	3.649715	12.294940	
26	1	7.883525	5.687040	
27	1	4.078283	6.240311	
28	2	8.357730	9.552405	7.611310	5.899158	
29	4	7.307859	9.426229	9.640114	5.829688	7.962154	5.847526	2.968429	9.426229	
30	1	7.480630	5.713439	
31	1	3.809680	8.758963	
32	3	5.771242	9.012889	8.697508	5.781801	11.608360	4.116325	
33	2	20.051030	8.820444	5.452661	5.991487	
34	3	6.915186	10.703180	5.465765	8.940155	5.065871	8.938293	
35	1	15.348470	8.389210	
36	2	7.889632	5.682703	6.813473	6.518277	
37	1	10.365660	5.954181	
38	2	8.004962	6.720685	5.049382	8.758963	
39	2	5.447776	11.475750	5.452661	5.048059	
40	2	8.112851	6.581501	8.004962	3.511743	
41	3	5.039827	12.300080	7.324855	6.446102	8.188889	3.293519	
42	1	8.083652	4.733947	
43	4	8.974535	5.316711	7.439914	6.186677	9.781343	4.667428	7.257457	6.018456	
44	3	5.960926	8.613682	4.626019	10.851670	5.424439	8.938293	
45	4	10.975010	5.000282	4.461343	10.203070	3.313321	8.758963	3.521488	8.098307	
46	2	7.352096	6.238120	4.407483	10.203070	
47	2	7.822890	4.373995	5.140929	5.213970	
48	1	3.049148	8.938293	
49	2	7.102267	11.200840	4.483957	12.611880	
50	2	4.848562	12.300080	6.770614	4.447879	
51	3	5.465765	9.591642	4.448959	10.851670	7.962154	5.680070	
52	1	8.358392	9.552405	
53	1	6.886330	12.300080	
54	1	14.587190	4.517991	
55	1	4.332141	8.758963	
56	3	4.110677	10.695120	7.608418	4.377784	6.246165	4.437901	
57	3	12.207090	8.275044	8.508966	5.580075	6.911054	4.345461	
58	2	7.143103	8.051909	5.484387	8.960403	
59	4	5.177966	12.113720	7.039268	6.581501	7.530797	6.005812	6.011619	5.559562	
60	1	7.671488	5.713439	
61	3	6.246165	12.218930	6.694149	8.098307	4.979289	8.954596	
62	4	11.480890	7.174392	6.650481	8.954596	8.974535	5.742096	4.705000	5.421476	
63	2	6.142597	7.688999	4.733580	9.774771	
64	5	11.722640	5.773549	9.004595	5.781801	7.914891	6.288339	6.011619	6.370850	4.078283	6.231773	
65	4	11.480890	5.202834	10.365660	4.749000	4.882926	6.142835	4.892547	5.500539	
66	2	8.188889	4.442518	7.569100	4.487519	
67	1	6.011619	8.052419	
68	4	4.453095	12.113720	6.597968	6.142835	8.188889	4.824468	5.966466	4.447879	
69	6	9.338100	6.730761	6.234256	7.942651	7.889632	6.019196	5.447776	8.507079	7.883525	5.840556	5.295679	8.537323	
70	1	21.090460	8.078487	
71	3	15.961080	8.051909	9.339857	5.829688	5.944286	5.865065	
72	1	3.239405	8.098307	
73	2	5.930929	4.345622	4.705000	5.430193	
74	3	7.871142	8.820444	4.396057	9.426229	7.102267	5.251634	
75	4	5.199993	10.851670	4.135246	9.774771	8.508966	4.560999	4.937375	5.643904	
76	2	7.103245	4.487519	6.764296	4.373995	
77	2	10.975010	4.945181	3.704931	12.611880	
78	8	14.672350	4.422145	14.672350	4.086971	7.048275	8.389210	6.440825	9.153228	4.119506	11.701900	5.524929	8.098307	7.352096	5.470146	9.376666	3.970002	
79	3	14.672350	4.040965	4.013566	11.039550	8.656257	4.345622	
80	4	12.861050	3.687340	5.484387	8.643911	7.352096	4.340160	5.537871	4.667428	
