nice38.200.txt
80
200
100 20
1	1	6.837002	8.693377	
2	1	9.978230	4.444891	
3	1	11.046310	3.332839	
4	2	4.107685	13.878310	7.026622	5.757744	
5	1	7.814628	11.488180	
6	1	4.714583	6.675889	
7	1	14.590000	7.156949	
8	3	9.594264	6.131124	9.409706	3.465450	9.811434	2.797977	
9	2	7.354550	12.523310	8.886319	4.945133	
10	1	12.060190	4.066759	
11	2	4.626340	12.028580	9.915231	2.694888	
12	3	11.046310	7.936723	12.457580	4.997013	5.233151	9.721823	
13	1	5.729424	12.415760	
14	3	11.586910	6.957218	6.257142	6.763805	11.586910	3.633847	
15	2	12.191620	7.429870	10.569180	4.099077	
16	1	7.075859	6.675889	
17	5	12.457580	6.602167	9.757664	6.000188	9.409706	6.053869	4.016818	9.497663	9.757664	2.725010	
18	3	9.439127	7.806311	6.937974	6.240195	5.474193	6.959915	
19	2	5.670497	11.413760	7.247725	3.698158	
20	5	7.659084	9.188807	5.704653	9.721823	4.552320	11.018820	2.812481	9.497663	6.937974	3.801705	
21	1	4.514642	11.397130	
22	2	5.527134	11.293120	5.884397	4.618004	
23	4	6.775370	10.343190	4.795341	7.429870	6.621076	4.909154	3.439919	7.916772	
24	4	5.460919	11.397130	4.135176	7.236912	8.968246	3.296535	4.457839	6.009750	
25	3	11.147770	8.309544	12.106140	3.029597	3.023090	11.118090	
26	1	9.757664	2.671930	
27	2	3.144133	10.888870	3.992771	6.729019	
28	3	10.769750	4.945133	5.079513	5.757744	2.805197	9.369325	
29	3	13.190250	7.806311	12.457580	5.042764	10.281750	2.744475	
30	7	11.046310	8.289869	8.095497	9.369325	6.197359	9.972136	11.945420	4.663468	10.569180	3.569321	11.046310	3.171607	5.099471	5.766040	
31	3	11.569460	5.369103	7.071731	5.397905	12.106140	3.031264	
32	4	10.386680	3.883639	8.801635	4.393243	5.632017	6.451144	5.242549	6.388712	
33	4	11.830910	8.570022	8.043239	6.324941	6.125844	8.231791	2.990457	9.188807	
34	1	6.814840	5.354947	
35	3	4.055531	12.415760	3.646446	10.888870	2.813115	9.901750	
36	3	5.792550	6.763805	6.200521	5.834935	6.034794	5.697288	
37	2	9.409706	10.281270	3.174268	11.118090	
38	2	18.626260	5.558127	9.609570	7.129117	
39	2	6.757151	19.772320	9.594264	3.739444	
40	1	5.525622	6.260264	
41	1	8.274936	6.729019	
42	1	4.407438	6.675889	
43	1	4.626340	5.700870	
44	6	5.099815	11.403570	4.058087	13.648430	3.939230	9.901750	7.224818	5.044323	9.978230	3.471881	7.401915	3.611230	
45	1	4.623216	9.082610	
46	1	12.457580	5.001606	
47	4	10.670940	4.655925	6.221739	6.544193	5.598378	6.264749	3.593334	7.916772	
48	2	5.292422	10.570630	3.526938	11.562720	
49	3	11.879830	6.063753	11.879830	5.270158	5.598378	6.735635	
50	4	10.174480	8.693377	4.368504	11.554020	6.221739	4.613676	4.135176	6.411517	
51	5	18.626260	4.844866	11.051450	6.026118	11.147770	4.518231	4.039983	11.562720	4.343796	6.009750	
52	1	6.995894	11.413760	
53	3	3.570047	9.082610	9.811434	2.953386	7.401915	3.517886	
54	1	8.918200	4.522628	
55	5	7.814628	7.043713	6.790578	8.072359	6.112713	6.959915	10.386680	3.747998	5.755633	6.148550	
56	1	19.656060	5.415623	
57	1	7.165158	10.570630	
58	3	11.401930	4.909154	14.590000	3.782223	6.297548	8.231791	
59	3	5.260076	9.721823	5.081686	9.536201	3.336527	8.188705	
60	1	12.571680	5.498976	
61	1	5.863400	5.151019	
62	6	11.051450	5.307793	6.371158	5.834935	5.996377	6.148550	5.406992	6.388712	5.632017	5.102876	2.841919	9.901750	
63	1	9.655369	5.015424	
64	4	11.830910	4.430363	4.470770	11.397130	5.099815	8.368751	10.649540	3.142650	
65	4	9.247462	12.523310	5.579648	17.729450	7.620556	4.846697	5.773337	6.260264	
66	2	11.569460	5.924021	9.409706	3.175887	
67	4	10.877370	6.148550	5.755298	6.729019	7.386454	4.822406	7.247725	3.933478	
68	4	5.594092	9.497663	12.060190	3.984299	4.326606	9.369325	3.438843	8.188705	
69	2	5.200092	13.000380	5.910623	5.697288	
70	3	12.060190	4.760885	5.884397	6.539865	5.099471	5.796677	
71	4	9.811434	8.047974	11.298960	5.136864	7.386454	5.466774	5.863400	5.251975	
72	2	9.145794	4.522628	9.915231	2.703017	
73	1	6.340545	4.655925	
74	3	5.071126	10.289180	3.544339	13.878310	6.937974	3.836412	
75	3	14.590000	3.786508	9.871775	5.044323	10.649540	2.972226	
76	1	7.226530	12.415760	
77	2	6.542511	5.015424	10.281750	2.610472	
78	4	17.634410	5.196139	10.569180	5.143545	9.811434	5.161896	8.968246	3.028405	
79	4	11.586910	5.425495	12.049690	4.255010	10.443440	4.846697	4.918835	9.536201	
80	1	18.023000	10.054220	
