nice41.100.txt
40
100
100 33
1	3	12.112540	8.078444	8.232285	10.110510	5.380343	14.183070	
2	1	7.039063	11.565270	
3	7	14.488060	8.899857	5.486923	16.675530	11.655270	7.563818	17.487900	4.590788	5.002748	15.524520	7.945016	9.638695	4.251977	15.994940	
4	4	13.514160	14.183070	14.351090	9.683962	19.630650	5.900077	13.477800	6.147492	
5	7	11.108080	9.550926	18.416280	5.159873	13.949410	6.531097	10.718650	8.078444	11.655270	7.273568	6.997541	9.710051	4.151797	15.994940	
6	4	7.940604	25.694850	13.425690	7.916496	10.870740	9.533995	7.545545	9.533995	
7	1	12.108860	10.057620	
8	1	11.655270	5.841684	
9	3	14.413310	32.200050	19.630650	5.258445	7.945016	10.328330	
10	1	17.518510	4.646774	
11	2	11.655270	8.278234	11.655270	6.885044	
12	2	10.329610	9.031942	5.576788	12.642130	
13	3	17.386180	7.077208	13.768570	7.173166	11.655270	6.262755	
14	4	10.184000	12.851100	15.788560	8.065149	15.595720	6.284889	11.630180	6.464829	
15	3	10.184000	9.921253	10.827800	9.174108	10.125780	9.550926	
16	1	9.334432	16.205110	
17	2	8.598181	9.710051	12.861340	6.464829	
18	5	10.406280	12.847110	9.020832	14.261160	13.940830	7.173166	11.770340	6.087183	5.227626	13.052720	
19	1	6.072110	19.967030	
20	3	8.232285	12.661840	7.097378	13.630360	9.020832	10.424390	
21	1	17.386180	7.105857	
22	1	5.835521	15.294240	
23	3	7.097378	12.064490	11.437910	6.331733	10.797110	6.147492	
24	3	24.491520	6.155742	10.609820	9.838895	11.725630	6.456631	
25	3	10.609820	14.846660	8.328876	11.761620	5.397011	12.642130	
26	2	18.416280	4.638885	11.613890	6.331733	
27	1	11.281460	6.087183	
28	3	10.656340	10.400620	8.328876	10.754460	8.873131	9.031942	
29	5	8.506662	9.031942	4.820823	15.294240	11.326170	6.456631	6.978064	10.296600	5.382274	12.847110	
30	2	5.746173	13.052720	10.542110	6.531097	
31	1	12.576800	6.819304	
32	1	7.039063	10.572800	
33	1	6.022212	22.516080	
34	1	12.166060	10.057620	
35	2	18.762170	9.197003	17.487900	4.583319	
36	2	24.491520	6.543183	4.429926	16.675530	
37	3	14.488060	7.095083	4.914102	15.524520	9.405507	7.916496	
38	3	15.046820	9.550926	17.518510	4.550229	10.475000	6.819304	
39	1	15.788560	4.782588	
40	3	19.630650	6.261023	6.978064	11.841470	7.964985	9.174108	
