nice15.100.txt
40
100
100 26
1	3	21.998590	7.239287	11.003020	12.069510	4.000723	13.701830	
2	7	17.392870	6.618296	13.403080	6.478885	9.715874	7.922730	7.541589	9.388592	6.632270	9.901085	7.124572	8.210834	6.504421	7.920548	
3	5	13.440530	8.881429	5.607499	14.865700	7.733924	9.388592	4.558755	14.047630	3.804875	14.154580	
4	1	11.009890	6.311871	
5	3	19.252490	10.160670	6.632270	8.289860	9.269011	5.778273	
6	1	7.748487	7.876022	
7	1	4.520065	17.670060	
8	2	16.051120	22.021600	9.939917	9.114314	
9	7	16.997890	14.154580	6.174679	14.018430	4.497376	17.796550	4.458476	17.670060	9.715874	7.062286	13.403080	4.978162	5.646538	9.308102	
10	1	4.429871	14.865700	
11	4	13.396720	5.253330	13.428030	5.150003	4.124955	15.982900	5.898177	9.883387	
12	1	7.447721	9.024551	
13	1	15.761640	11.475480	
14	4	12.518450	13.529730	4.481164	17.796550	10.192590	7.637086	5.898177	12.053360	
15	2	5.495808	15.982900	5.062007	14.047630	
16	2	15.243100	6.142410	4.263243	14.154580	
17	3	13.428030	22.568030	8.057736	14.876370	7.494614	7.876022	
18	4	9.722066	9.024551	8.142749	7.334430	12.127920	4.427370	3.850141	13.445020	
19	1	11.529540	17.275670	
20	1	9.942967	25.169160	
21	2	9.699109	13.529730	4.866136	10.469420	
22	1	7.170222	13.445020	
23	3	23.280980	14.865700	15.700150	7.087708	8.545657	9.024551	
24	2	7.124572	10.523300	7.599191	9.024551	
25	4	11.003020	16.825290	11.837370	13.701830	15.761640	10.084900	5.254997	14.865700	
26	3	5.589849	18.403540	9.939917	6.636777	9.939917	6.185655	
27	2	4.897269	18.190940	10.158240	5.128763	
28	3	11.236390	17.063080	7.222834	11.279510	11.207670	6.311871	
29	1	13.440530	6.103587	
30	3	9.269011	21.522910	14.288110	6.230478	5.076831	10.469420	
31	3	12.127920	14.306770	22.217560	6.408384	8.226359	14.876370	
32	1	6.284506	11.279510	
33	1	10.158240	9.856253	
34	1	15.700150	7.788665	
35	5	9.269011	8.165431	5.030761	13.445020	7.618890	7.334430	6.923614	7.920548	14.288110	3.735498	
36	2	11.806000	7.637086	5.646538	9.095436	
37	2	6.514834	11.457050	7.673140	6.618296	
38	3	18.276960	14.018430	6.900509	9.493362	6.606831	9.493362	
39	3	13.396720	6.203718	14.288110	4.052457	9.620763	5.436085	
40	1	6.942042	9.388592	
