nice44.100.txt
40
100
100 26
1	2	7.456320	25.499130	15.385280	6.265891	
2	4	14.765960	9.782548	9.873129	9.159669	6.390096	11.019260	7.317953	5.912181	
3	1	8.022109	9.450696	
4	3	19.411450	14.130180	18.052640	7.935580	6.542465	11.563140	
5	2	10.005920	15.840250	18.052640	7.367910	
6	1	7.488530	5.624283	
7	2	5.937297	21.810480	5.489563	14.783570	
8	3	10.431690	11.563140	9.414154	12.365720	5.827024	9.159669	
9	3	6.445343	21.810480	11.496170	11.792020	9.526964	6.007945	
10	1	5.995519	20.092940	
11	2	19.078220	6.099991	9.962688	7.849916	
12	2	15.275420	9.191262	7.898947	4.993882	
13	2	13.147910	7.842412	8.999393	4.910476	
14	4	13.148740	9.159669	9.462811	8.672393	10.218090	7.289028	14.991590	4.874465	
15	4	13.386320	10.001400	7.735721	9.616270	13.386320	5.442276	14.991590	4.576231	
16	2	7.898947	11.259080	9.053247	4.910476	
17	2	12.533030	12.458480	5.992544	19.895600	
18	3	7.763134	13.040650	7.317953	7.128468	7.628416	6.265891	
19	3	10.005920	16.954530	9.281466	16.252960	9.192015	13.040650	
20	2	8.848135	15.103310	6.161197	9.191262	
21	1	8.389713	9.633457	
22	3	7.439115	16.541820	4.715256	18.368610	7.488530	5.938852	
23	2	10.896320	11.563140	5.502831	7.604972	
24	5	5.585654	17.147510	18.052640	5.285167	10.218090	7.137138	10.768910	6.714842	7.709107	9.159669	
25	2	9.414154	13.133410	7.735721	10.476670	
26	3	4.425249	17.691470	9.962688	7.797353	9.462811	7.869428	
27	3	7.620469	16.252960	11.949510	8.581421	13.386320	5.784954	
28	2	9.630048	8.699230	8.247730	9.782548	
29	1	6.317391	9.191262	
30	4	22.120950	6.316883	7.658348	14.783570	15.407470	6.228294	11.352040	6.714842	
31	1	19.181320	11.792020	
32	2	13.147910	10.168800	9.526964	7.653633	
33	4	8.389713	10.459480	10.342990	8.017263	4.621713	16.541820	9.068458	8.017263	
34	2	5.502831	10.763640	6.390096	8.876347	
35	4	19.078220	6.358494	6.611143	13.040650	6.509944	11.566150	9.630048	7.553730	
36	5	11.178950	13.040650	10.451950	12.458480	10.725960	11.563140	6.876380	11.566150	9.526964	4.689353	
37	3	10.171450	8.581421	15.407470	5.563725	8.803989	9.191262	
38	3	12.907290	16.541820	4.422886	17.691470	4.377035	17.147510	
39	1	19.411450	7.646520	
40	1	19.411450	11.912120	
