nice6.50.txt
20
50
100 32
1	4	11.267810	15.260870	8.840721	15.725330	15.127510	8.995975	7.862552	14.261230	
2	3	26.450630	7.564815	22.322010	7.491113	16.646580	6.535017	
3	1	12.883440	16.315430	
4	3	9.719791	15.581090	7.862552	15.829870	8.615152	14.277210	
5	2	10.753920	20.014480	15.127510	10.590590	
6	1	10.477850	26.581510	
7	1	6.905306	16.315430	
8	3	18.973350	23.312920	16.646580	6.826524	16.646580	6.401642	
9	3	27.750740	26.581510	31.527950	9.646437	16.646580	6.818325	
10	4	9.788992	26.581510	11.203530	15.260870	8.283028	13.075550	9.719791	11.000410	
11	4	26.450630	7.265411	8.115971	23.312920	15.127510	12.390850	7.970781	20.014480	
12	2	22.322010	7.769756	5.990372	20.014480	
13	1	11.295090	13.826810	
14	2	8.840721	16.252080	11.295090	9.486105	
15	1	13.344460	17.350870	
16	2	11.202440	30.091090	31.527950	10.368040	
17	2	19.788740	15.661980	8.874346	23.312920	
18	8	30.681120	14.830230	24.821000	11.349990	8.717866	26.581510	18.935970	11.349990	12.338400	15.260870	13.344460	12.740220	10.458810	12.706210	8.615152	12.304300	
19	2	10.458810	17.384880	8.283028	13.505960	
20	1	8.984266	23.312920	
