path23.100.txt
40
100
100 100
1	5	2.879507	15.825870	8.197192	4.490471	8.567315	3.911724	17.310290	1.606483	3.071139	7.825142	
2	3	47.238550	6.239186	8.197192	23.049130	4.666930	10.899310	
3	3	18.147440	4.962829	3.274777	9.136042	0.925085	31.418400	
4	1	3.525554	8.288889	
5	4	18.356870	4.124200	16.866500	2.115548	5.519626	5.962119	3.623042	8.579479	
6	3	2.049246	14.416660	10.832670	2.517371	18.598600	1.305956	
7	1	50.081410	0.755203	
8	1	40.036950	5.962119	
9	2	51.381900	0.586403	31.178010	0.829844	
10	3	5.274997	60.784550	21.499110	2.949021	5.497938	5.942706	
11	5	10.026970	7.355292	12.099500	4.124200	12.093410	3.734583	10.832670	3.740535	1.047927	28.334500	
12	2	8.197192	4.363972	3.071139	8.088387	
13	2	16.866500	2.008652	12.373730	2.247311	
14	3	8.197192	13.166050	3.071139	13.452620	18.405060	1.305956	
15	1	100.000000	9.307169	
16	4	100.000000	13.542420	69.339600	16.249210	43.521600	1.123773	0.906349	31.418400	
17	1	1.694149	21.550740	
18	2	19.624170	1.393174	3.623042	7.246387	
19	3	44.862790	1.009041	50.081410	0.595029	6.735722	3.673201	
20	3	53.905490	8.845540	3.227772	9.136042	2.049246	13.917840	
21	2	22.719700	3.201079	34.949300	1.515309	
22	2	3.683578	7.355292	3.607983	6.765060	
23	4	5.638011	8.018140	32.954590	1.305956	6.502549	6.456489	33.638100	1.009041	
24	1	3.235226	12.200610	
25	1	3.869857	7.355292	
26	4	12.093410	3.138706	25.932400	1.393174	50.081410	0.606225	51.381900	0.534791	
27	4	19.876840	1.956457	5.334737	5.942706	8.197192	3.476234	1.654860	14.751900	
28	3	47.238550	5.508515	22.719700	2.287257	12.373730	1.935161	
29	1	31.178010	2.206206	
30	2	0.951114	28.334500	1.654860	14.614250	
31	2	27.118990	1.121194	3.607983	6.573635	
32	3	18.147440	2.623970	6.735722	4.344938	17.639010	1.606483	
33	3	4.187295	60.784550	22.719700	2.308726	5.041761	8.288889	
34	2	31.178010	1.088150	18.147440	1.492021	
35	3	4.708445	9.078820	21.499110	1.663807	21.499110	1.641606	
36	3	100.000000	10.111430	15.434100	8.845540	12.093410	2.205531	
37	1	22.719700	3.950639	
38	2	6.202623	7.355292	8.197192	3.855636	
39	2	8.197192	5.088966	8.197192	3.294093	
40	3	2.972781	21.550740	3.607983	16.027450	26.436640	1.123773	
