path4.50.txt
20
50
100 100
1	1	29.808070	1.127006	
2	1	15.442040	25.905550	
3	6	41.969520	43.509230	48.484550	15.679570	3.142957	25.905550	40.497070	0.612041	0.935225	21.661690	40.497070	0.484307	
4	4	12.915670	21.661690	49.469150	2.410484	69.795030	1.286591	15.747120	3.514416	
5	4	19.415900	19.893000	6.565405	43.509230	11.223070	21.274930	15.747120	6.704710	
6	3	33.618650	1.274874	6.821058	4.630614	15.747120	1.644476	
7	2	45.196960	0.866676	14.865900	1.274874	
8	2	48.484550	5.142226	2.291478	15.832580	
9	3	1.242476	43.509230	21.884220	2.410484	25.193450	1.818898	
10	3	28.646630	2.410484	2.114002	21.661690	39.632690	0.866676	
11	4	9.228553	21.661690	0.794034	43.509230	24.399710	0.939816	4.402014	4.630614	
12	2	9.446326	11.863600	2.291478	12.001680	
13	1	9.629046	7.941258	
14	2	9.786857	7.941258	29.808070	0.801706	
15	1	84.829650	15.353350	
16	2	100.000000	6.703248	48.484550	4.196626	
17	5	24.235120	43.509230	25.193450	4.279446	25.193450	3.885592	60.429940	0.939816	30.204970	1.286591	
18	1	15.170350	17.159840	
19	2	59.502930	1.096349	22.801030	1.540967	
20	1	25.683520	1.540967	
