path37.50.txt
20
50
100 100
1	1	20.742490	1.453277	
2	1	65.213240	10.261580	
3	1	6.356701	4.149912	
4	4	97.175440	8.131285	18.122390	8.997530	26.543290	2.928939	22.384330	1.989650	
5	4	59.608350	13.970010	97.175440	2.377961	44.659230	2.282446	31.773710	1.453277	
6	4	34.373080	1.455394	13.102040	3.131831	6.788746	4.815974	13.102040	1.684143	
7	4	36.575090	5.106970	52.516210	0.829169	8.875546	3.506922	11.793880	2.268082	
8	2	7.940902	37.111300	29.801330	7.743598	
9	2	15.584530	7.348053	11.793880	1.881830	
10	3	7.126644	10.854970	3.816561	13.970010	22.384330	2.160262	
11	2	36.575090	8.863035	1.175787	19.234440	
12	2	26.543290	7.332638	20.575030	4.149912	
13	3	57.686020	37.111300	11.661910	10.854970	8.890703	4.149912	
14	2	6.322038	4.149912	9.651706	2.340623	
15	5	16.250700	8.997530	34.373080	1.844988	4.571753	7.743598	6.708985	3.506922	4.830590	4.815974	
16	2	34.373080	1.398843	1.648773	19.234440	
17	2	100.000000	19.422680	9.873228	4.149912	
18	2	9.651706	2.475351	5.625737	4.149912	
19	2	97.175440	2.292833	2.460508	10.261580	
20	2	5.782970	10.261580	5.353793	4.149912	
