path21.50.txt
20
50
100 72
1	2	10.848150	6.734634	5.116959	9.771471	
2	1	46.542860	0.890969	
3	3	8.918623	6.734634	4.820105	9.771471	36.499080	1.019967	
4	1	5.166091	4.300848	
5	4	23.463700	47.962480	15.851510	4.057827	3.699464	10.871850	15.483610	1.410291	
6	2	23.699620	1.619117	45.856930	0.658167	
7	3	57.336470	6.734634	1.906862	43.661640	45.856930	0.518852	
8	2	27.632760	49.523080	31.939620	0.846932	
9	4	48.629630	12.574480	15.322480	6.734634	28.629790	1.893239	31.939620	1.516760	
10	1	71.876280	4.617228	
11	1	43.227580	2.511038	
12	4	71.370210	1.210803	36.499080	1.921045	34.584480	1.740147	65.384900	0.800136	
13	2	8.549491	4.057827	31.939620	0.768516	
14	5	43.796090	12.574480	10.915480	7.071167	21.517520	3.132207	28.629790	2.040619	65.384900	0.818982	
15	5	68.024720	8.819702	24.401000	4.761875	56.392680	1.410291	45.856930	1.334018	46.542860	0.914400	
16	3	10.612380	9.771471	71.370210	1.162454	3.874809	10.871850	
17	2	43.737450	49.523080	71.876280	3.743953	
18	2	46.542860	1.326838	34.584480	1.200865	
19	2	7.574273	27.028440	18.000960	2.941012	
20	1	3.259230	43.661640	
