path38.25.txt
10
25
100 88
1	2	3.743237	17.696940	12.240160	4.397673	
2	3	54.288650	35.306580	30.877860	40.881750	1.440643	35.306580	
3	2	87.645720	3.425271	1.245403	35.306580	
4	1	1.842746	22.694580	
5	6	87.645720	18.661060	25.927310	6.113116	3.743237	18.026830	12.240160	2.932899	12.240160	2.073829	1.842746	12.611990	
6	2	63.048480	1.725337	12.240160	2.356927	
7	3	25.927310	29.193460	3.015091	35.306580	12.240160	7.127675	
8	1	12.240160	10.238380	
9	2	12.240160	6.179193	24.597240	1.725337	
10	3	56.767860	40.881750	12.354280	28.969650	8.611042	35.723770	
