path50.25.txt
10
25
100 87
1	3	9.959587	49.759460	7.904575	24.654100	2.346340	32.179780	
2	2	24.027280	32.179780	1.442627	67.820220	
3	3	11.747240	15.769830	5.485804	32.179780	3.605588	35.650060	
4	4	8.508307	35.650060	23.299620	10.256530	6.690315	20.117580	23.299620	2.404341	
5	2	47.718810	32.179780	7.904575	25.105370	
6	1	26.069500	49.759460	
7	2	17.507200	49.759460	8.522451	49.759460	
8	3	20.421770	32.179780	5.294446	14.109400	23.299620	1.448535	
9	1	86.810130	18.060760	
10	4	9.789851	35.650060	6.690315	11.377930	6.690315	4.154554	11.747240	2.290927	
