path4.500.txt
200
500
100 85
1	2	21.974610	0.320614	10.914400	0.544452	
2	1	5.651620	1.814930	
3	4	30.204970	1.286591	17.079940	1.029253	9.228553	0.961259	3.266821	2.246001	
4	3	21.974610	0.568041	3.496768	2.399762	2.847364	2.146476	
5	3	5.701790	20.521830	3.475741	2.344567	11.046180	0.700417	
6	3	7.114965	1.096349	0.323594	19.991500	0.693170	8.355457	
7	1	8.496363	1.047275	
8	2	59.120580	2.630592	4.850561	1.181555	
9	3	1.150904	11.118560	0.794034	10.857780	0.511811	13.320720	
10	2	0.493959	19.893000	24.399710	0.381344	
11	3	6.396536	1.530954	5.791404	1.148748	2.082528	2.974184	
12	3	25.193450	4.279446	15.188470	0.551876	2.614110	2.590331	
13	4	43.207610	0.645262	5.953404	2.146476	11.050560	0.866676	1.582422	6.010677	
14	6	15.167130	0.886165	0.500977	25.249700	19.407830	0.581177	2.291478	4.367988	12.941700	0.614757	17.952370	0.408808	
15	5	2.269871	9.068770	1.522928	13.017950	2.248801	4.776309	6.352188	1.292506	4.453058	1.584215	
16	3	1.041890	8.097147	12.941700	0.469075	0.525295	10.688150	
17	1	4.402014	2.227745	
18	1	1.687416	11.062030	
19	1	2.812274	3.055034	
20	4	33.144150	0.746714	9.081933	2.630592	28.758990	0.410749	0.805099	10.270540	
21	2	2.018780	4.127392	1.158442	4.835224	
22	1	0.398729	30.178900	
23	2	1.582422	4.928691	3.344575	2.205426	
24	1	10.524090	0.612041	
25	4	2.521152	10.520220	5.925872	4.248100	0.432472	25.905550	10.124010	0.795738	
26	3	82.049920	1.150171	9.228553	0.781726	0.511811	12.584820	
27	5	17.556810	31.879010	7.714117	1.467110	1.455324	7.266165	0.745536	10.520220	12.886100	0.467776	
28	1	2.307423	2.453737	
29	3	21.974610	0.494619	4.317443	1.721783	7.714117	0.962885	
30	2	1.766346	6.894225	1.296872	8.306902	
31	1	55.817780	0.883915	
32	1	16.222130	0.669538	
33	4	5.304481	2.129687	9.228553	1.054628	1.881575	4.630614	0.442569	13.216320	
34	2	3.938166	7.393405	4.911146	1.761031	
35	2	6.335751	1.453703	2.276141	3.120105	
36	5	12.205980	0.801706	3.438350	2.356784	12.046770	0.656901	0.418441	18.558640	0.978010	7.462623	
37	2	22.801030	0.477907	1.526226	5.012350	
38	3	15.022810	0.522822	7.435030	1.045884	3.145936	2.221910	
39	4	2.188030	19.893000	5.032173	4.776309	4.772532	1.834951	24.939670	0.249751	
40	3	11.223070	0.922224	11.802140	0.853483	9.378602	0.866676	
41	4	4.545304	2.599428	1.281594	8.659718	10.544140	0.886165	5.791404	1.073654	
42	3	55.189220	3.547182	12.918420	0.546746	2.307423	2.715457	
43	2	12.046770	2.080238	1.726152	4.248100	
44	1	12.918420	0.566028	
45	1	9.629046	0.783269	
46	6	21.063610	1.083832	1.222005	10.688150	2.028147	4.776309	2.897621	3.294009	6.729284	1.101023	2.779728	2.110959	
47	1	26.860690	3.547182	
48	1	5.623111	1.644476	
49	2	4.050737	2.267904	5.232884	1.202961	
50	1	25.054210	2.410484	
51	7	10.102910	4.319231	3.104696	4.124346	0.709055	15.832580	9.228553	1.045372	9.401290	0.853483	2.621674	2.653635	3.496768	1.784175	
52	3	14.619600	0.551876	1.324056	5.605371	6.300215	1.088522	
53	2	3.915156	16.661260	4.410119	2.410484	
54	1	2.182272	4.642093	
55	4	6.864383	1.523522	0.342770	30.178900	9.121264	1.096349	0.978010	7.012224	
56	1	5.027838	12.892610	
57	1	3.475741	2.059174	
58	1	12.811990	0.575131	
59	6	16.058730	2.974184	1.522928	5.349731	16.530950	0.484307	2.164186	3.456181	4.496963	1.538754	2.939207	1.931916	
60	1	6.182945	1.088522	
61	4	2.806551	7.970746	7.536643	1.365456	1.269639	6.894225	3.368447	2.146476	
62	1	0.413711	25.905550	
63	4	2.291478	4.401830	3.044513	2.630592	7.927351	0.866676	0.628389	10.520220	
64	1	7.356105	0.932915	
65	2	4.529259	2.146476	2.900333	2.340114	
66	2	4.887321	1.453703	0.290600	19.991500	
67	4	12.388810	0.971328	0.935225	10.524840	4.182491	1.839842	17.952370	0.384680	
68	4	13.636930	3.119454	9.629046	1.012117	1.813799	3.996011	15.602080	0.375795	
69	1	15.747120	4.499285	
70	4	41.118580	3.971566	33.234260	2.408551	2.421423	2.974184	19.407830	0.358639	
71	4	4.402014	2.402869	4.117365	2.356784	12.388810	0.607611	3.838514	1.540146	
72	4	1.762343	6.148978	11.063490	0.883915	12.669260	0.612041	0.442569	12.689230	
73	1	2.420423	4.630614	
74	1	14.150290	0.853483	
75	3	3.496768	2.487198	0.836203	8.659718	0.896026	6.506131	
76	1	2.566703	2.980507	
77	1	12.046770	1.623495	
78	2	8.463895	1.276867	3.206252	2.221910	
79	5	11.223070	8.325188	15.782260	0.836943	1.168541	9.269024	1.150904	7.440084	2.519060	2.353134	
80	1	20.519870	9.584408	
81	2	2.295331	4.642093	0.716926	10.099760	
82	1	8.702719	2.630592	
83	1	12.884710	1.094308	
84	2	5.471543	1.523522	15.316210	0.371734	
85	1	17.952370	1.616997	
86	1	17.202070	1.018255	
87	1	5.232884	1.207523	
88	3	2.378182	4.248100	1.977785	4.360635	9.847665	0.865184	
89	2	3.075775	10.688150	24.939670	0.251260	
90	1	8.037027	3.119454	
91	1	2.291452	8.659718	
92	4	46.633540	1.083832	7.464860	3.456181	5.964880	1.435127	25.193450	0.266302	
93	4	4.272921	2.356784	11.393990	0.831460	4.764465	1.932767	7.356105	0.820528	
94	4	8.463895	1.750962	32.058340	0.346779	4.998455	1.538754	0.899073	7.839434	
95	2	3.510335	2.630592	0.298344	25.905550	
96	1	2.498619	4.248100	
97	4	1.022376	10.520220	11.223070	0.820565	1.297340	6.148978	0.794034	7.492998	
98	2	5.681275	1.875124	4.322280	1.584640	
99	1	10.102910	1.145317	
100	1	0.902181	6.894225	
101	2	1.570851	9.753254	14.865900	0.627340	
102	4	1.087543	10.270540	0.741498	13.330330	10.694260	0.648732	15.345790	0.400394	
103	3	74.767790	1.010601	18.949800	3.351344	9.629046	1.939517	
104	1	5.681275	10.104310	
105	2	2.632493	9.434691	1.306812	5.219278	
106	3	4.533597	10.688150	2.307423	3.186263	12.307350	0.455706	
107	1	4.850561	1.449037	
108	2	0.307132	21.661690	10.914400	0.539380	
109	1	2.619694	6.671135	
110	3	33.234260	1.952084	4.967521	2.205426	4.597436	1.931916	
111	3	8.544025	1.246660	7.907379	0.886165	3.707011	1.839842	
112	1	7.714117	1.766631	
113	4	6.396536	1.759196	8.641907	0.939816	0.794034	8.589425	12.886100	0.443632	
114	2	0.910601	12.065280	25.232210	0.348285	
115	6	19.484210	0.866676	0.446034	21.661690	7.435030	1.159541	10.694260	0.757848	5.922962	1.286591	21.974610	0.297639	
116	3	6.565405	15.618040	11.234000	0.784536	21.974610	0.365990	
117	5	12.722150	4.127392	2.900333	3.756185	0.587814	17.159840	4.050737	2.217278	0.794034	7.249271	
118	1	2.347253	4.248100	
119	5	11.271230	19.893000	1.010543	8.607001	0.559801	14.474850	1.111379	7.266165	2.475080	2.359810	
120	3	6.901459	3.971566	17.202070	0.816696	4.322524	1.474333	
121	2	3.475741	5.349513	4.630472	1.659767	
122	1	13.424080	0.442432	
123	4	5.733404	12.892610	20.519870	1.564904	2.636157	4.360635	11.343710	0.866676	
124	2	6.128280	4.248100	17.602090	0.801706	
125	6	16.996080	0.575131	3.537937	2.410484	0.843206	9.753254	15.882940	0.516770	1.103263	6.506131	1.165936	4.835224	
126	3	9.228553	0.934612	0.746239	10.688150	0.950137	6.506131	
127	3	48.484550	2.037276	10.338950	0.746714	2.663940	2.682057	
128	4	0.767047	18.558640	0.400319	26.442850	3.024805	3.351344	6.436795	1.286591	
129	1	0.919647	10.520220	
130	3	12.483160	0.751320	16.742130	0.371734	2.519060	2.277480	
131	4	4.740849	4.776309	0.358033	25.905550	0.769780	10.520220	1.819633	3.140076	
132	1	1.819633	3.631166	
133	1	5.651620	3.464143	
134	2	21.974610	0.477496	3.838514	1.753863	
135	2	1.337865	7.839434	5.571678	1.298226	
136	1	2.566703	4.444848	
137	3	2.588207	4.127392	1.217828	7.452593	8.152268	1.029253	
138	1	8.558407	4.360635	
139	3	3.617391	3.971566	2.837134	3.290150	0.646732	9.753254	
140	4	84.829650	2.323795	10.761240	0.806082	11.754850	0.700417	2.812274	2.224039	
141	3	43.483110	0.539878	2.566703	3.810003	24.399710	0.303572	
142	3	0.850753	8.097147	1.314862	5.219278	0.831198	7.941926	
143	2	2.539417	4.248100	1.444943	3.944417	
144	3	1.726359	4.835224	18.870720	0.388709	2.072648	2.974184	
145	3	2.602289	3.294009	4.322524	1.511886	1.444943	3.997509	
146	3	9.233670	15.305420	48.484550	0.727944	0.794034	9.319755	
147	3	21.673950	1.128646	15.782260	0.672911	0.935225	11.136860	
148	2	12.021760	1.096349	2.092882	3.971566	
149	1	12.821070	0.439944	
150	3	2.632493	5.946128	0.428889	17.159840	16.456250	0.375795	
151	1	8.422701	0.682926	
152	1	10.440390	8.659718	
153	3	2.051830	15.380820	1.240413	8.355457	1.282231	6.148978	
154	4	17.303720	0.612041	6.565405	1.448345	2.072043	4.065899	2.558119	2.974184	
155	1	7.356105	0.845985	
156	6	3.654922	3.508145	9.495418	0.871730	0.317556	25.905550	0.720766	11.062030	0.753640	9.269024	1.429575	4.360635	
157	5	15.406710	4.127392	6.772782	2.630592	7.430902	1.597198	10.102910	1.007139	5.822315	1.298226	
158	1	2.354594	7.941258	
159	2	10.761240	5.161317	10.694260	1.003904	
160	1	2.295896	3.149350	
161	4	25.193450	0.403511	1.251427	6.506131	2.566703	3.160170	8.275774	0.682926	
162	1	2.614110	3.015040	
163	2	14.865900	0.647534	4.764465	1.581649	
164	3	2.072043	5.002872	2.663940	3.833745	3.266821	2.002099	
165	2	23.966120	0.484307	0.588450	9.753254	
166	2	12.221140	0.866676	1.582422	4.893210	
167	4	1.480762	26.442850	3.384920	5.012350	7.389632	1.523522	22.801030	0.362642	
168	1	0.752262	8.355457	
169	2	0.368461	25.905550	2.779728	2.586395	
170	1	1.722197	19.991500	
171	4	32.601610	0.516770	0.450235	21.661690	8.544025	1.110124	9.629046	0.750174	
172	2	7.536643	1.661717	0.426758	16.661260	
173	1	1.732294	4.776309	
174	5	2.541988	9.609140	2.275870	4.642093	3.104696	3.328247	24.399710	0.254899	0.876945	6.506131	
175	2	2.806551	6.504101	1.677056	8.659718	
176	3	4.916578	2.630592	2.663940	2.582858	1.467383	4.090055	
177	3	9.760767	17.598640	2.633425	6.771242	4.911146	2.454047	
178	1	43.207610	0.449046	
179	1	7.440532	0.939816	
180	2	4.889308	14.474850	0.887082	6.506131	
181	4	31.957860	8.659718	31.099340	3.971566	7.886519	0.883915	2.475080	2.282282	
182	3	6.665688	1.286591	1.813799	3.843423	0.716926	8.267924	
183	2	0.741759	9.269024	12.862450	0.439944	
184	7	27.034060	20.521830	1.524517	19.893000	2.541988	8.758545	7.286477	1.286591	4.470508	1.597198	15.345790	0.464789	2.621674	2.647309	
185	2	9.127748	1.101023	16.222130	0.426811	
186	2	25.232210	0.516979	12.307350	0.455702	
187	1	1.197759	9.753254	
188	2	25.193450	0.283901	14.747930	0.388709	
189	1	11.234000	1.102282	
190	1	24.939670	0.438804	
191	5	24.946700	4.360635	1.010543	13.054690	0.500977	18.259530	5.791404	1.285743	4.322280	1.564710	
192	1	10.124010	0.848738	
193	2	4.911146	1.211384	13.424080	0.424243	
194	3	5.681275	13.926110	8.446737	1.083832	0.910601	9.596413	
195	3	48.484550	2.254979	2.900333	3.656955	4.911110	1.721783	
196	3	1.454739	11.149310	12.388810	0.831546	2.291478	3.231862	
197	5	8.103507	1.112774	4.630472	1.854649	15.782260	0.384971	1.878186	3.149350	11.234000	0.523666	
198	2	9.826483	1.101023	15.022810	0.573527	
199	2	7.737069	1.112774	1.467383	3.851203	
200	2	11.849340	1.094308	13.130830	0.853483	
