path35.200.txt
80
200
100 54
1	3	15.211230	3.495851	1.391310	33.532360	7.749906	2.639867	
2	1	9.952708	4.925061	
3	3	4.937989	8.040166	15.447450	2.320378	0.608362	44.006250	
4	1	15.081820	3.957943	
5	1	5.064459	4.937090	
6	1	0.924531	13.278450	
7	2	20.441730	3.894050	2.129316	15.095130	
8	1	3.207045	5.697151	
9	5	6.464060	10.234510	8.802283	2.325242	1.773117	10.234510	1.565177	11.020200	2.651810	5.697151	
10	8	3.745453	50.632900	9.198748	16.150530	9.737080	5.170223	5.853099	7.375882	12.708520	2.923317	2.864025	10.473890	28.382300	0.909254	1.499558	8.029333	
11	4	15.081820	2.423238	5.231780	6.892744	28.382300	0.584275	6.386794	2.320378	
12	2	10.752830	1.522590	10.458210	1.492474	
13	1	0.870939	26.048710	
14	1	3.134336	10.836390	
15	4	7.535285	3.072034	3.090054	6.755996	2.399973	8.098928	0.482641	22.827810	
16	4	1.707914	22.827810	12.708520	2.684852	0.736793	34.744590	2.378384	8.926054	
17	4	2.977172	9.195754	7.862193	2.466588	0.592445	22.827810	0.847855	15.095130	
18	1	37.243210	6.892744	
19	1	4.048550	16.150530	
20	1	10.129810	3.763132	
21	2	1.393625	10.836390	0.959641	13.278450	
22	3	14.917150	3.877447	7.502472	4.776706	3.934855	3.003190	
23	1	1.333350	15.181860	
24	3	2.977172	12.055030	3.630441	6.095135	2.206272	5.158897	
25	1	4.799091	8.040166	
26	3	7.535285	4.641471	4.532716	4.776706	3.728305	5.697151	
27	3	6.462296	2.999707	1.099534	16.637210	0.403747	34.484390	
28	3	16.496440	2.744819	2.399973	8.073845	2.279764	5.158897	
29	2	17.648000	50.632900	2.977172	7.660333	
30	3	12.154860	19.711020	5.287748	4.264200	5.113433	3.877447	
31	1	4.186718	7.375882	
32	7	28.382300	1.540914	1.139860	34.484390	7.440126	4.925061	7.535285	4.683523	12.871930	1.549051	0.360086	34.484390	7.218398	1.492474	
33	3	19.316040	53.124550	15.081820	2.384903	0.495588	44.006250	
34	1	7.535285	1.413503	
35	3	1.304571	33.532360	0.633847	50.632900	2.197695	6.755996	
36	3	4.265491	53.124550	0.837145	34.484390	15.069550	1.575309	
37	1	2.875395	13.278450	
38	4	43.143230	0.763685	6.387122	3.894050	7.461327	2.639867	3.035368	5.697151	
39	4	9.048120	3.877447	13.018490	2.642727	20.501770	1.592199	1.303692	10.473890	
40	3	28.382300	1.258040	4.317160	3.552820	4.730724	3.014247	
41	1	10.160010	3.003190	
42	2	1.223667	16.637210	13.247300	1.518983	
43	2	15.069550	2.079228	1.479879	14.379020	
44	1	17.060420	53.124550	
45	2	2.942809	7.888455	1.859244	5.697151	
46	1	16.414190	4.137701	
47	5	12.708520	2.823074	3.147988	10.836390	15.510370	1.549051	8.401127	1.497637	3.215046	3.214617	
48	6	2.798953	10.234510	1.339856	17.372990	14.094860	1.439516	0.488621	34.484390	16.414190	0.649735	7.535285	1.366338	
49	1	3.519574	3.080889	
50	4	1.404652	34.460130	4.333923	8.586234	1.600896	14.534590	8.401127	2.396413	
51	5	5.042001	7.375882	2.046568	17.111410	7.535285	4.245754	3.034365	4.776706	2.588254	4.032386	
52	4	9.737080	3.426825	2.755051	11.020200	14.942650	1.911069	13.247300	1.673915	
53	3	1.600896	19.949810	16.414190	0.900942	16.414190	0.714328	
54	1	14.094860	1.652430	
55	1	4.486036	3.767157	
56	1	6.957307	50.632900	
57	4	5.378058	10.234510	5.131413	3.014247	1.470973	10.473890	6.548062	2.320378	
58	1	0.736793	15.888310	
59	1	2.942809	10.462040	
60	1	4.225745	4.032386	
61	3	0.995321	34.460130	0.408180	34.484390	3.507813	3.416718	
62	1	0.827343	34.484390	
63	4	1.609459	15.181860	6.462296	3.095428	4.856727	3.214617	13.247300	0.789858	
64	1	8.881902	6.095135	
65	3	12.154860	33.413530	1.161492	44.006250	4.952009	3.763132	
66	1	0.782243	44.006250	
67	5	28.382300	1.483434	28.382300	1.270086	14.136050	1.911069	27.614880	0.840573	7.862193	2.458473	
68	5	28.382300	1.283927	3.282353	8.926054	3.342025	8.586234	0.870939	17.957540	2.014664	5.697151	
69	2	13.247300	1.081411	0.706712	17.372990	
70	2	1.067453	44.006250	0.421240	34.484390	
71	6	1.479879	29.627230	13.247300	1.613106	8.874326	2.325242	5.064459	3.988964	7.880536	1.592199	0.348564	34.484390	
72	3	16.060210	2.642727	4.317160	7.467376	8.424664	3.214617	
73	1	15.528350	0.840573	
74	2	6.342563	3.080889	3.507813	3.476027	
75	1	2.604802	13.278450	
76	3	1.499558	26.455060	0.393386	34.484390	0.466140	22.827810	
77	2	6.813999	6.754408	17.676610	1.107345	
78	1	24.757010	13.278450	
79	2	28.382300	1.486680	10.752830	2.371461	
80	2	28.382300	1.358978	0.660366	34.484390	
