path9.200.txt
80
200
100 60
1	1	7.017984	26.234910	
2	4	0.849539	31.683260	6.650373	3.997049	3.331208	7.653717	18.301850	1.238840	
3	6	39.750010	1.081526	1.325466	24.251500	4.109600	6.851847	1.503432	17.783820	32.897610	0.781671	17.067440	1.281309	
4	7	6.883152	4.509222	2.039467	14.578200	20.469210	1.322161	18.301850	1.464882	3.835387	6.577129	4.947658	4.994342	17.067440	1.387992	
5	1	10.006840	3.954613	
6	1	3.888962	7.908857	
7	1	1.878978	11.431220	
8	4	28.008060	1.271272	6.883152	4.040573	2.726104	9.246093	2.000740	10.869990	
9	3	3.944948	6.577129	6.895397	3.402950	16.416380	1.322018	
10	2	3.888962	9.920141	1.544334	20.647920	
11	2	48.106530	0.886168	3.374634	10.215850	
12	7	1.149687	40.146420	27.426480	1.326129	5.045429	7.133445	0.883206	31.683260	19.270880	1.306742	6.992824	3.402950	18.409020	1.208391	
13	2	49.628280	0.731861	10.740070	2.534024	
14	3	16.165500	2.302814	10.740070	2.460318	11.568270	1.940086	
15	4	10.325070	3.641685	2.816820	12.219490	19.835250	1.594455	20.469210	1.262790	
16	4	3.805960	41.840320	2.415998	17.829000	2.641544	12.988910	21.306350	1.346255	
17	2	18.301850	3.196041	13.132910	2.038504	
18	1	17.067440	1.508249	
19	2	11.568270	2.056963	16.416380	1.323552	
20	1	2.266756	14.578200	
21	1	22.076080	0.968772	
22	1	3.621654	38.910240	
23	1	48.106530	0.969698	
24	1	4.404285	26.234910	
25	3	5.967961	6.021367	0.690417	38.910240	27.622670	0.968772	
26	1	2.641544	9.510733	
27	2	20.859650	1.996413	1.214286	29.646780	
28	1	5.923028	4.994342	
29	3	37.549800	56.863060	28.568760	1.276124	0.861256	31.683260	
30	3	3.805960	17.404500	25.337780	1.172899	1.149687	19.098400	
31	2	1.691503	22.016330	9.264040	3.954613	
32	2	49.628280	0.692615	0.886956	24.251500	
33	2	20.956530	1.568682	5.461405	4.237912	
34	3	18.301850	4.658872	3.240492	12.296710	7.424012	3.997049	
35	3	4.743099	46.793820	20.956530	1.956112	19.270880	1.315774	
36	3	5.967961	13.800770	44.314400	0.843651	2.641544	9.183615	
37	1	3.331208	7.775576	
38	1	0.821767	31.683260	
39	5	2.726104	14.520590	4.688752	6.577129	6.944019	3.997049	6.371789	3.997049	2.594674	8.681262	
40	2	11.422270	33.009910	27.426480	1.366239	
41	3	9.525098	3.958320	17.432480	1.787784	3.891866	6.851847	
42	1	13.132910	1.919817	
43	2	26.424430	2.489720	23.539910	1.497189	
44	2	16.416380	2.348772	4.989002	7.133445	
45	1	23.539910	1.438254	
46	2	24.863180	1.212015	2.000740	11.146340	
47	2	49.698750	0.710189	5.967961	4.429358	
48	1	19.054070	2.489720	
49	1	22.768750	1.172899	
50	2	6.883152	4.390042	0.936458	29.387350	
51	1	19.835250	1.808494	
52	1	18.301850	1.559881	
53	3	17.067440	1.958726	10.017830	3.052335	3.761163	7.133445	
54	1	37.549800	10.092040	
55	1	48.106530	0.787554	
56	1	18.890360	1.996413	
57	4	21.306350	1.728685	27.426480	1.019031	48.464190	0.535491	1.097569	20.435970	
58	2	0.689523	59.244820	5.616459	3.958320	
59	3	32.897610	1.264316	49.698750	0.762547	19.410840	1.304945	
60	3	18.301850	5.292287	17.403650	2.897943	1.347262	20.647920	
61	4	2.891597	12.478060	20.469210	1.701379	5.378457	4.994342	3.347847	7.171624	
62	1	27.426480	1.282943	
63	2	0.936458	37.567750	19.502020	1.304945	
64	8	4.743099	20.161280	2.277618	14.578200	4.506259	7.133445	2.594674	11.754710	6.883152	4.140035	21.129990	1.276124	3.904393	6.577129	16.165500	1.344902	
65	1	6.583840	4.528025	
66	3	21.690680	1.271272	17.067440	1.573993	6.310120	3.997049	
67	5	48.464190	0.720083	4.469074	6.577129	48.464190	0.523027	1.992889	11.930750	18.301850	1.258204	
68	1	17.403650	2.090961	
69	3	1.992889	26.979500	2.816820	12.686170	3.851326	6.577129	
70	3	1.240953	29.646780	6.945118	4.994342	27.030290	1.212015	
71	5	5.481487	6.577129	6.583840	5.396564	2.930326	10.215850	44.314400	0.580826	16.165500	1.346626	
72	4	1.753702	24.251500	2.726104	9.446431	48.106530	0.532732	3.535304	7.171624	
73	3	48.106530	0.860012	1.827776	17.783820	2.455239	13.056820	
74	2	13.214840	3.641685	21.340980	1.208391	
75	3	6.262742	6.851847	1.878978	12.820280	0.948564	24.251500	
76	3	10.938700	3.052335	1.112313	24.251500	2.891597	9.326321	
77	2	18.301850	2.477703	48.464190	0.711119	
78	4	3.240492	12.608950	32.897610	1.155133	15.465130	1.787784	14.983090	1.769995	
79	1	18.301850	2.112577	
80	6	12.840450	4.237912	23.929780	1.769995	4.037645	6.851847	6.624885	3.997049	18.301850	1.221107	5.448996	3.958320	
