path23.200.txt
80
200
100 100
1	1	10.832670	1.250579	
2	2	3.274777	9.136042	24.295740	0.586403	
3	1	1.852573	9.078820	
4	3	18.410360	3.201079	8.834581	1.606483	1.398429	9.770615	
5	1	4.309340	3.201079	
6	3	21.268920	3.931626	18.356870	1.572244	3.806157	4.642111	
7	3	18.405060	1.305956	8.197192	1.774784	0.925085	14.936840	
8	2	12.099500	1.389542	6.735722	2.218645	
9	3	1.657800	16.027450	8.197192	1.968453	1.623836	9.136042	
10	3	17.310290	1.606483	15.434100	0.961573	0.906349	15.570380	
11	4	22.719700	1.927908	20.865350	1.733276	3.071139	7.825142	3.235226	5.762568	
12	6	6.502549	6.456489	8.197192	4.363972	22.719700	1.172854	24.372760	0.755203	10.534480	1.641606	6.735722	2.126293	
13	2	1.595525	12.745060	22.457770	0.606225	
14	7	69.339600	5.940691	21.677560	8.845540	8.197192	3.934456	18.356870	1.466522	3.607983	6.765060	18.147440	0.987922	8.197192	1.887183	
15	1	2.706143	7.539756	
16	2	20.463410	1.009041	1.740177	8.288889	
17	4	24.399380	1.009041	2.899249	5.088966	1.664177	8.837577	24.539270	0.595029	
18	2	8.197192	3.369514	11.152530	1.663807	
19	1	100.000000	13.542420	
20	3	4.066002	19.905230	12.099500	1.542338	9.821103	1.393174	
21	5	17.693500	10.308520	1.481152	14.043370	2.879507	6.055252	7.479467	2.162177	2.641946	5.962119	
22	2	12.093410	3.138706	2.960754	7.355292	
23	5	24.701380	1.886639	3.009006	8.288889	5.055553	3.734583	8.092305	2.008652	5.334737	2.913830	
24	4	14.961880	4.642111	6.572340	8.845540	2.682683	5.942706	19.876840	0.767840	
25	3	10.026970	7.355292	13.843810	1.121194	25.542140	0.595029	
26	4	8.151695	3.864051	1.818614	10.899310	27.086150	0.586403	9.142354	1.719418	
27	1	9.247499	1.515309	
28	1	8.197192	5.862077	
29	1	6.735722	3.673201	
30	2	1.654860	14.614250	10.832670	1.266791	
31	5	11.548340	6.968845	3.071139	13.452620	1.950183	16.027450	8.774196	2.008652	0.906349	15.848020	
32	4	51.646100	10.308520	31.178010	0.829844	2.706143	6.503617	2.049246	6.745194	
33	2	24.701380	1.232146	0.951114	28.334500	
34	1	1.047927	28.334500	
35	1	3.623042	7.246387	
36	2	47.238550	5.508515	2.877681	5.962119	
37	1	5.029063	2.949021	
38	2	22.719700	0.849877	1.694149	8.883477	
39	3	25.655590	8.845540	11.548340	2.338324	31.178010	0.472930	
40	3	88.451660	9.307169	3.241869	7.355292	1.854035	7.355292	
41	3	22.719700	1.371426	3.683578	7.355292	2.855872	9.078820	
42	3	3.607983	6.573635	12.099500	1.192320	2.049246	6.824681	
43	1	2.049246	7.591983	
44	3	23.915960	1.123773	12.373730	1.935161	19.605630	1.123773	
45	1	18.147440	0.805377	
46	2	47.238550	3.120401	10.741420	1.515309	
47	1	91.848300	3.864051	
48	3	4.395566	3.911724	5.334737	3.028876	1.481078	9.770615	
49	2	2.467014	19.905230	2.590916	8.018140	
50	1	16.470050	0.841156	
51	3	15.434100	6.828919	10.964630	1.641606	2.032756	8.288889	
52	1	9.005086	1.719418	
53	1	3.071139	8.088387	
54	2	2.049246	7.172641	8.804426	1.606483	
55	2	8.197192	1.917107	18.147440	0.830670	
56	3	8.197192	2.573364	16.866500	1.222713	1.432030	10.899310	
57	4	100.000000	6.247378	1.694149	12.667260	1.416286	10.899310	14.487850	0.956609	
58	2	10.346580	1.663807	16.866500	0.892835	
59	3	22.719700	0.937300	25.708650	0.755203	1.925480	8.579479	
60	2	2.370599	60.784550	13.275180	1.121194	
61	2	22.719700	2.287257	1.785377	8.288889	
62	1	33.638100	1.009041	
63	2	32.954590	0.783850	25.701490	0.534791	
64	2	4.171749	3.911724	2.015822	7.355292	
65	5	6.533016	3.143903	10.312660	1.733276	7.008381	2.162177	1.377256	10.211780	9.803069	1.393174	
66	2	1.377256	11.338950	12.482880	1.123773	
67	1	15.434100	1.055048	
68	6	2.904398	60.784550	4.187295	11.884080	19.876840	1.188616	21.268920	0.710485	1.595525	8.805679	8.197192	1.701450	
69	1	18.147440	2.317548	
70	3	4.187295	34.857090	7.037857	3.734583	1.697561	8.579479	
71	4	10.832670	3.740535	12.373730	2.247311	1.654860	14.751900	1.603936	9.136042	
72	1	27.623640	0.606225	
73	1	40.036950	1.320008	
74	1	12.093410	2.205531	
75	2	14.960380	1.515309	18.147440	0.925862	
76	4	8.197192	3.294093	3.047095	8.018140	32.954590	0.522107	25.680410	0.534791	
77	2	25.932400	1.393174	31.178010	1.088150	
78	2	18.356870	1.085434	0.925085	16.481560	
79	7	16.470050	2.107865	18.147440	1.492021	5.297943	5.088966	8.049320	3.118785	1.664177	14.211550	3.235226	6.438045	13.953760	1.123773	
80	2	18.598600	1.305956	2.815254	5.942706	
