path43.100.txt
40
100
100 75
1	2	27.049050	22.504470	14.704850	3.376342	
2	1	19.224490	2.075425	
3	2	9.852677	5.027483	26.717810	1.668485	
4	1	14.398730	27.148480	
5	8	16.571130	2.674121	12.839050	3.383621	2.926788	14.799610	28.572590	1.364832	49.269290	0.755074	30.044790	1.197597	14.049240	2.526485	16.007680	1.042428	
6	4	24.430310	17.030570	25.654510	12.047100	2.172161	26.857000	16.638710	1.764737	
7	1	4.465373	5.557378	
8	2	28.238210	0.953146	13.495630	1.729359	
9	1	1.224193	24.646080	
10	1	14.704850	1.641619	
11	3	32.630580	0.785039	1.182620	19.749870	10.468380	1.437397	
12	2	10.468380	2.414873	25.684630	0.970963	
13	3	26.717810	1.566134	5.482874	5.343212	5.604106	4.116546	
14	3	25.208000	1.072850	3.936965	6.652807	21.954660	0.712797	
15	3	28.238210	24.293080	8.795296	5.094356	28.776060	0.712797	
16	1	15.979490	2.024342	
17	1	5.811853	43.074120	
18	1	32.630580	0.716785	
19	7	1.663619	56.226150	2.926788	28.274510	26.717810	1.573403	40.473050	0.877161	3.909662	6.652807	8.795296	2.662769	24.275640	0.612679	
20	1	2.300945	26.857000	
21	4	0.920089	56.226150	25.684630	1.794702	14.704850	1.634846	2.454830	5.885795	
22	4	5.518632	26.857000	3.848364	27.148480	15.979490	2.423990	5.511105	6.100446	
23	1	25.684630	3.679067	
24	3	12.839050	39.690500	10.057180	3.094190	24.061280	1.072850	
25	3	12.361820	16.217120	1.272210	19.749870	26.455080	0.612679	
26	4	4.239685	74.429850	6.533543	21.883700	23.341140	5.797531	5.482874	5.205566	
27	3	40.473050	1.056330	25.684630	1.453634	10.828460	1.516007	
28	2	10.828460	4.281524	16.638710	1.633136	
29	3	18.058660	32.293120	7.584965	5.797531	49.269290	0.623564	
30	2	8.976151	5.797531	26.717810	1.844785	
31	4	15.076960	1.729359	1.224193	19.532970	10.468380	2.248176	1.528967	13.525180	
32	1	10.639510	3.094190	
33	5	19.959560	32.293120	16.007680	8.331519	8.795296	2.791653	0.841115	26.857000	4.465373	4.991400	
34	3	32.630580	1.160732	5.604106	3.781820	2.454830	6.657454	
35	1	1.528967	13.331820	
36	1	6.533543	21.190420	
37	1	14.049240	2.500998	
38	3	27.049050	51.925380	6.183219	27.148480	16.007680	1.174830	
39	1	16.571130	2.353361	
40	3	30.044790	0.877828	28.238210	0.855843	32.630580	0.735317	
