path28.50.txt
20
50
100 95
1	3	13.977520	4.725078	9.203805	4.707784	13.977520	1.594301	
2	4	2.580294	22.116980	1.844595	21.579160	1.376626	21.579160	10.470120	2.555084	
3	2	7.358003	14.291890	33.181540	1.354793	
4	3	94.886260	14.720870	41.456320	9.219501	8.601149	2.900123	
5	1	36.186740	4.314269	
6	3	49.935490	16.607100	58.351200	0.877770	1.605518	13.535320	
7	1	94.886260	20.044190	
8	4	44.950780	16.607100	58.351200	2.448061	4.876378	6.964736	4.183675	6.319379	
9	1	3.357269	8.043845	
10	2	94.886260	9.238028	4.933008	8.825986	
11	3	94.886260	4.004316	58.351200	1.806178	3.019456	8.043845	
12	3	94.886260	3.074351	2.580294	36.125890	35.639780	1.354793	
13	3	23.430770	4.314269	4.270797	8.825986	2.378029	10.417510	
14	2	0.875490	78.420840	7.388825	4.532554	
15	5	1.657956	78.420840	68.821320	1.558591	7.358003	7.287273	5.953020	6.570581	7.388825	3.511292	
16	1	1.632096	21.579160	
17	2	10.470120	2.576926	2.378029	11.161650	
18	1	5.028964	6.964736	
19	5	94.886260	10.731990	2.580294	20.177970	2.254691	13.535320	9.560049	2.900123	3.952322	6.570581	
20	1	2.823784	21.579160	
