path3.200.txt
80
200
100 92
1	1	18.005180	1.458628	
2	1	27.825070	0.600355	
3	4	7.800607	10.697890	17.352060	1.883075	5.500957	4.744292	9.578663	1.001071	
4	4	12.005950	2.426141	5.529621	3.940860	4.439913	4.746171	2.737803	6.401834	
5	1	11.646750	1.462649	
6	2	33.412390	18.704190	2.364533	10.275220	
7	3	5.667687	16.183950	10.757470	2.935342	1.577903	15.905100	
8	2	8.201567	6.916731	24.631600	1.612361	
9	1	5.868113	3.288590	
10	3	7.898472	2.853031	5.101420	3.527363	2.868271	6.165779	
11	2	24.960620	1.281122	5.500957	5.530930	
12	2	3.198551	35.725810	4.988654	3.257737	
13	3	3.119751	8.645246	2.864196	6.127786	7.850717	0.871835	
14	2	17.611550	2.016460	1.372995	24.328180	
15	5	7.566041	4.746171	2.124876	12.504180	11.928100	1.510728	6.604647	2.487294	2.665425	6.127786	
16	1	11.646750	0.680211	
17	1	3.185871	2.637707	
18	1	13.487320	37.819160	
19	1	1.249292	15.905100	
20	1	2.868271	6.338398	
21	2	3.591367	18.673850	21.966520	0.812236	
22	1	4.993147	5.250344	
23	3	1.452220	18.673850	1.858695	9.225530	25.986020	0.638707	
24	2	23.413890	1.205831	18.583330	0.891902	
25	3	4.993147	5.420374	15.361560	1.391297	9.344900	1.735343	
26	1	33.412390	10.401200	
27	4	32.578820	1.383416	7.764589	3.147152	12.061880	1.700162	13.424550	1.510728	
28	2	41.272340	1.192480	13.820920	1.490868	
29	2	2.827196	9.850429	2.814086	5.833664	
30	7	23.221560	10.275220	5.628295	5.916935	5.809839	3.327872	5.142494	2.546755	7.655394	1.331559	12.005950	0.803495	5.529181	1.540759	
31	3	2.034631	18.673850	21.109420	1.391297	35.495190	0.537322	
32	1	16.848320	10.697890	
33	2	2.827196	5.862518	1.644033	6.171051	
34	1	6.345775	3.742687	
35	4	41.272340	0.786413	4.142170	6.853849	35.495190	0.795584	2.737803	6.817019	
36	1	1.335247	16.183950	
37	6	5.622171	44.199550	15.380520	3.147152	4.366224	6.380394	6.148605	3.420307	8.849130	1.200355	10.732620	0.871835	
38	3	31.072440	1.510728	4.988654	5.347467	2.756421	6.380394	
39	3	38.848430	1.205831	9.253447	2.546755	2.585383	7.801283	
40	4	4.142170	6.779387	14.338980	1.281122	2.838446	5.833664	12.005950	0.837205	
41	1	7.900615	3.367261	
42	3	0.968501	18.820520	3.006679	3.247998	7.652871	0.907914	
43	3	9.907472	2.405286	35.495190	0.476601	0.869560	18.673850	
44	3	2.080693	16.997430	2.827196	6.245410	1.617404	10.275220	
45	2	9.344900	1.761080	5.739350	1.331559	
46	3	20.759810	1.391297	11.241580	2.405286	9.578663	0.893731	
47	3	91.424750	5.916935	3.658820	35.725810	22.962720	1.281122	
48	5	7.900615	10.845310	1.466537	35.725810	5.819947	8.605205	8.266024	3.420307	3.159903	2.637707	
49	1	3.474733	6.916731	
50	2	10.582930	1.510728	1.183162	6.171051	
51	4	44.791870	0.825215	19.732500	1.222388	6.538395	3.147152	4.649227	4.387819	
52	5	22.684250	2.016460	2.255345	13.218850	10.404600	2.093354	13.796830	1.510728	2.827196	6.834399	
53	2	9.284649	7.728467	44.791870	0.787146	
54	3	5.278980	5.532824	2.950547	8.625973	3.065069	6.380394	
55	1	14.501900	16.183950	
56	2	17.352060	8.392146	11.374810	1.510728	
57	4	12.481240	13.633240	45.632020	1.331559	8.362274	2.935342	14.341400	1.490868	
58	4	19.732500	1.216215	29.164310	0.639159	1.858695	9.594989	5.835307	2.853031	
59	5	41.272340	3.061721	5.395403	8.905634	4.649227	5.887403	1.372995	19.871380	3.926130	5.833664	
60	2	2.827196	8.297801	7.739492	2.405286	
61	2	2.946953	5.916935	35.495190	0.475728	
62	2	6.604647	4.539930	16.100450	1.700162	
63	1	17.222100	1.612361	
64	3	36.276300	0.638707	7.652871	2.419959	14.944140	0.874106	
65	1	13.995490	1.763736	
66	1	1.714101	16.941500	
67	4	24.240230	1.331559	5.278980	4.535822	16.733010	1.331559	33.098010	0.639159	
68	4	26.767130	2.832188	9.330377	4.286867	35.495190	0.546953	8.849130	1.204931	
69	4	3.279047	16.941500	5.395403	5.306939	27.825070	0.790943	12.005950	1.462210	
70	1	28.162320	1.270248	
71	1	4.467371	2.546755	
72	5	8.632359	3.527363	13.354430	1.612361	6.375349	3.282257	5.778638	3.288590	5.529181	1.394583	
73	2	6.375349	34.536900	3.597968	3.247998	
74	3	9.330377	9.925706	18.005180	0.979975	2.950547	5.586600	
75	2	21.504830	31.343480	14.944140	0.517192	
76	2	21.966520	1.204224	0.868870	18.673850	
77	3	2.080693	18.728380	11.646750	1.485282	2.585383	6.411290	
78	2	4.993147	24.651980	5.069728	3.496423	
79	1	23.799730	3.327872	
80	2	33.412390	18.422040	3.119751	10.028610	
