path31.50.txt
20
50
100 80
1	2	0.849837	79.201420	20.059010	2.684474	
2	2	11.337810	24.373500	52.649940	1.118628	
3	4	12.639440	8.198191	4.875440	13.603630	23.082180	2.372326	1.536363	22.770530	
4	3	5.186656	13.881230	2.063532	20.798580	13.402000	2.763815	
5	2	2.144336	20.798580	23.082180	1.837586	
6	4	36.876940	35.467420	14.872360	6.437486	5.877118	8.198191	1.536363	24.740290	
7	4	49.399050	55.792680	16.611770	8.198191	1.536363	31.690600	29.460540	1.516423	
8	3	16.082360	20.798580	23.082180	2.213958	6.167105	8.021101	
9	1	6.167105	8.305675	
10	4	27.574460	4.639740	36.597090	3.179541	36.597090	3.020538	12.666430	3.147389	
11	1	1.877224	20.798580	
12	2	29.460540	3.534379	9.942759	4.613861	
13	1	6.167105	4.471809	
14	1	16.794110	3.147389	
15	2	41.472530	7.194950	14.872360	7.443745	
16	1	2.468585	20.798580	
17	3	11.337810	23.512520	44.963860	1.118628	23.082180	1.774320	
18	4	11.337810	21.998580	3.417129	20.798580	1.842604	20.798580	9.942759	3.584329	
19	2	36.876940	34.417180	20.059010	4.232880	
20	4	49.399050	14.091920	23.195090	2.763815	2.405581	20.798580	9.022632	4.639740	
