path46.100.txt
40
100
100 74
1	3	5.306820	10.902690	1.586421	29.795310	5.855676	7.071157	
2	3	13.155950	3.052645	1.767917	20.069100	1.702869	13.030260	
3	4	15.390580	5.987017	5.082621	12.789860	2.870146	14.692110	5.701973	5.455213	
4	2	1.082487	73.937520	1.043669	40.420250	
5	3	12.276600	6.073519	4.428002	10.840300	9.355548	4.270666	
6	5	16.634620	21.763740	1.260875	40.420250	1.738563	24.023420	6.537419	5.893429	1.557912	15.476790	
7	1	3.653575	11.224070	
8	5	44.090160	5.805069	52.980190	3.650515	9.679404	5.987017	8.399039	5.987017	13.218840	3.650515	
9	1	8.123379	10.902690	
10	3	66.199030	7.252178	6.432351	9.172771	0.602843	35.771650	
11	1	12.276600	8.350564	
12	4	44.090160	1.586961	17.713690	2.255576	17.900770	1.513155	1.702869	10.993150	
13	3	8.520887	19.397930	11.458390	3.681298	0.787317	40.420250	
14	5	8.520887	28.021800	12.276600	10.663200	7.952767	9.427258	9.355548	6.886438	1.939312	30.980710	
15	1	8.880001	10.840300	
16	2	7.279071	6.342423	2.452815	9.842041	
17	1	13.308000	24.931350	
18	3	1.511055	40.420250	1.113961	30.980710	5.739181	5.893429	
19	3	3.124566	15.702550	2.870146	9.767126	0.569504	35.771650	
20	5	12.492660	3.052645	3.283526	10.902690	5.701973	5.768856	2.723850	8.036492	2.187603	9.842041	
21	4	11.364470	6.918389	1.586421	44.142220	4.729805	10.902690	44.090160	0.449821	
22	1	45.501560	19.709830	
23	1	12.422550	54.227700	
24	2	5.855676	10.052690	19.458130	2.934372	
25	2	2.278906	19.551680	1.356650	20.069100	
26	3	8.520887	10.884990	1.991948	24.023420	2.278906	16.219980	
27	2	5.855676	7.473957	0.573995	35.771650	
28	1	5.082621	11.669380	
29	3	5.080743	10.902690	4.561285	9.172771	0.763460	24.023420	
30	2	1.304746	30.980710	11.710290	3.052645	
31	1	1.557912	24.943460	
32	3	33.079010	54.227700	4.640418	5.790754	0.653078	35.771650	
33	2	7.276699	10.902690	29.172080	2.305719	
34	3	9.746424	6.918389	5.855676	7.785957	7.952767	3.581522	
35	3	9.355548	7.984666	7.170690	9.172771	1.141625	40.420250	
36	2	5.563125	73.937520	1.082230	24.023420	
37	1	17.713690	1.425721	
38	2	17.900770	1.421217	44.090160	0.470590	
39	3	3.880470	15.632800	44.090160	0.860330	7.952767	2.952230	
40	1	3.131826	8.036492	
