path7.25.txt
10
25
100 100
1	5	8.268709	45.334980	14.495430	24.050490	100.000000	1.689863	13.202640	9.810149	4.451406	16.450390	
2	2	3.095868	37.744130	2.337787	37.744130	
3	2	90.498580	17.802690	69.546510	1.024083	
4	1	2.103031	17.802690	
5	2	67.593890	21.381870	3.161627	17.401000	
6	3	2.911624	45.334980	4.451406	7.600103	30.453490	1.024083	
7	4	36.042630	24.050490	21.867120	21.381870	9.342438	24.050490	7.398385	17.802690	
8	2	2.022303	45.334980	2.272029	17.401000	
9	2	17.031810	24.050490	10.538990	21.381870	
10	2	81.363710	31.094640	100.000000	2.956369	
