path12.200.txt
80
200
100 57
1	4	25.898590	9.885575	14.590180	5.085173	10.666570	1.834933	4.415893	3.630032	
2	4	36.916420	0.752511	7.189464	2.516986	41.516750	0.421769	4.352460	3.630032	
3	4	39.778030	4.303918	16.468630	2.009860	6.287707	3.611796	17.469610	1.012424	
4	2	16.913280	27.293670	1.032349	19.918620	
5	4	8.260057	18.175920	56.456870	1.402208	6.762723	2.567892	1.740143	9.045943	
6	1	8.661955	3.078389	
7	1	6.403346	3.611796	
8	4	10.570440	23.433510	21.999730	1.139477	22.209620	0.892941	25.985130	0.637484	
9	1	8.488613	2.718903	
10	1	25.792370	20.185780	
11	1	15.861520	2.819560	
12	1	3.363137	6.738906	
13	1	6.061501	2.518977	
14	3	3.260333	27.293670	3.759064	7.894212	1.032349	28.022780	
15	4	11.284430	3.949499	0.639463	45.605450	15.774480	1.037271	2.760087	5.741186	
16	5	12.311110	2.079335	2.183121	9.897954	3.724223	5.085173	20.470090	0.804250	6.953581	2.187544	
17	3	55.655220	27.302530	8.328916	5.741186	7.494204	2.718903	
18	2	8.854973	3.817825	42.399640	0.732066	
19	1	2.111010	20.185780	
20	1	1.032349	17.403500	
21	1	42.399640	0.883943	
22	4	38.025540	1.098814	56.571440	0.576830	42.399640	0.678553	6.461927	3.817825	
23	1	11.486270	1.562761	
24	3	39.626200	7.567022	32.475360	2.785408	0.783980	24.440070	
25	1	8.317857	3.286783	
26	2	6.608080	3.630032	5.166864	3.819288	
27	1	38.709980	0.804114	
28	5	41.516750	1.037988	15.296730	1.874748	2.432272	11.642790	10.513460	1.562761	21.284180	0.720476	
29	3	24.434330	5.760974	6.561666	4.386353	0.720213	24.722120	
30	1	5.299702	9.058170	
31	1	28.928310	0.611864	
32	2	12.311110	2.021694	21.929550	0.804250	
33	2	9.119463	2.921626	22.257800	0.815731	
34	3	41.617120	0.623798	12.394480	1.729791	6.762723	2.300312	
35	4	6.833360	4.101030	6.330440	4.386353	8.571621	2.313001	4.300450	4.138640	
36	1	3.745329	4.303918	
37	4	32.036450	0.988765	3.385808	7.894212	10.236390	1.546088	6.061501	2.510564	
38	3	20.947250	3.590294	7.095530	5.741186	0.857243	25.648990	
39	2	9.033298	2.584620	30.586310	0.637484	
40	2	8.937154	5.741186	4.377058	5.085173	
41	3	1.388808	31.273870	6.742058	2.921626	8.317857	1.914513	
42	3	8.215503	5.029541	8.661955	1.860794	19.258960	0.815731	
43	2	41.516750	0.560478	31.040240	0.611864	
44	2	0.751451	45.605450	10.666570	1.776863	
45	4	15.296730	1.944539	12.394480	1.900241	10.236390	2.273200	8.571621	2.073352	
46	4	4.924533	5.741186	25.206120	0.643364	0.783980	20.538580	38.709980	0.410199	
47	2	5.681520	3.630032	13.368110	1.533475	
48	4	7.231433	5.195733	8.160860	2.129390	7.849634	2.129390	8.317857	1.873282	
49	2	41.516750	0.845740	2.183121	8.277963	
50	1	19.785640	1.533475	
51	3	21.999730	0.979469	4.361505	4.138640	4.612089	3.590294	
52	2	5.630061	5.085173	26.811940	0.988765	
53	1	5.433908	3.819288	
54	4	2.495845	13.635400	5.585127	5.741186	1.513444	19.329660	9.844604	2.584620	
55	4	13.727610	9.885575	2.484120	13.635400	0.668595	24.722120	8.317857	1.983593	
56	1	41.635570	3.904167	
57	2	5.672680	3.590294	10.859160	1.445206	
58	1	2.550487	6.053578	
59	2	0.906509	45.605450	36.916420	0.457742	
60	1	6.309724	5.760974	
61	4	7.150838	6.311899	5.989438	4.536649	31.250760	0.643364	8.682171	1.811298	
62	1	5.797943	4.868204	
63	1	6.025449	12.122340	
64	2	19.144470	10.963680	17.902600	0.988765	
65	4	19.144470	5.121066	12.058660	4.536649	10.945720	3.817825	35.312870	0.655205	
66	3	39.626200	3.538037	33.452430	1.545277	35.312870	0.556979	
67	7	26.194660	11.642790	32.831200	1.445206	26.262620	1.377907	4.676629	4.386353	10.449190	1.674108	0.656202	25.648990	9.789961	1.619744	
68	1	17.346220	5.085173	
69	8	56.456870	0.895575	1.740143	15.203490	1.032349	25.239200	0.669554	33.054650	3.474963	6.053578	12.766520	1.445206	18.530420	0.988765	1.740143	8.805217	
70	1	6.953581	2.198809	
71	2	10.570440	3.860162	25.490940	1.098814	
72	3	2.257439	11.642790	8.661955	2.564967	15.774480	1.092119	
73	1	41.635570	0.632482	
74	1	17.848740	5.085173	
75	3	10.449190	2.712245	32.004160	0.600320	3.363137	4.903884	
76	3	5.023609	5.741186	6.180792	4.303918	22.209620	0.685913	
77	4	32.475360	3.526491	11.284430	2.497560	7.189464	2.512554	21.115460	0.720476	
78	3	5.260344	9.058170	3.832813	4.536649	8.682171	1.778996	
79	5	9.648956	4.868204	8.427355	3.611796	17.469610	1.706478	41.617120	0.586455	27.964380	0.600320	
80	1	9.789961	1.970550	
