path34.200.txt
80
200
100 73
1	4	20.839580	1.388226	7.901601	2.170846	4.646391	3.005144	16.661470	0.664694	
2	2	14.572540	2.051142	11.543530	1.205736	
3	2	6.119162	5.217478	7.471591	1.387112	
4	2	6.363595	6.119763	2.110944	7.937942	
5	3	15.759660	4.202382	7.041356	2.720464	15.664510	0.737077	
6	5	7.641461	38.923180	23.993940	1.205736	8.702677	1.956299	3.001200	5.247923	14.519020	0.989958	
7	3	39.018280	0.476502	1.490295	8.220657	2.395537	5.078608	
8	2	18.451320	2.339787	4.276848	5.363942	
9	3	58.036210	1.612372	5.719150	7.297075	20.964520	0.621792	
10	1	19.883560	5.352472	
11	3	15.664510	2.154098	3.359284	8.220657	6.153138	3.461462	
12	5	10.811120	4.550274	1.456400	21.546950	20.465520	1.312881	23.498280	0.621792	15.803100	0.621792	
13	4	12.358770	5.353510	11.220360	2.527151	6.328874	4.247742	7.557799	3.376507	
14	4	15.759660	2.960817	60.882290	0.703915	20.902700	1.076728	20.562960	0.853480	
15	1	19.883560	3.840986	
16	4	15.240900	1.143731	3.227581	5.247923	2.819881	5.217478	2.029277	5.247923	
17	1	19.113800	2.776857	
18	1	3.674957	5.816952	
19	1	3.887483	7.937942	
20	1	6.474773	4.550274	
21	4	15.664510	1.865249	30.113820	0.960819	26.171360	0.908107	5.681149	3.089889	
22	1	46.220650	1.117326	
23	3	15.240900	1.632570	14.359180	1.541951	2.802981	4.247742	
24	1	17.221870	4.207781	
25	1	15.664510	1.941321	
26	4	29.223640	1.417922	5.486463	6.810202	21.193830	0.894274	6.153138	2.267316	
27	3	58.098060	8.573626	8.236113	1.334140	16.661470	0.588536	
28	1	72.418090	1.034575	
29	1	35.537470	0.498768	
30	1	13.551240	38.923180	
31	1	7.594705	1.579734	
32	1	14.925350	3.508011	
33	1	60.265900	0.692598	
34	2	11.220360	1.795119	3.711877	4.550274	
35	4	13.872460	5.353510	7.421183	5.905497	7.901601	2.142907	11.881510	0.960819	
36	2	19.173430	1.517751	4.954498	2.720464	
37	4	7.901601	5.680705	11.842790	2.385748	15.664510	0.625941	2.775758	3.508011	
38	1	61.210040	0.852894	
39	3	39.734100	1.314390	3.882842	5.816952	3.056810	5.217478	
40	1	7.421183	4.008278	
41	2	14.053430	2.878912	14.651100	1.344254	
42	3	4.508477	6.347122	10.459030	1.612372	6.961834	1.956299	
43	1	38.789960	1.489743	
44	2	13.057070	0.853480	8.747315	1.136296	
45	1	11.872050	1.541951	
46	3	27.441360	1.696436	23.737170	1.228089	1.561935	11.050900	
47	3	10.295180	6.617707	26.231230	0.681933	8.323219	1.334140	
48	4	16.945470	11.269220	26.231230	1.952018	11.917400	1.034575	14.651100	0.706888	
49	5	18.886340	2.878912	6.153138	5.438501	8.747315	2.978265	5.055688	4.650302	8.288067	1.387112	
50	3	34.253220	11.269220	35.537470	0.681243	0.778467	13.531920	
51	8	24.566840	38.923180	5.982191	8.573626	5.719150	6.234847	24.096710	1.076728	3.680159	4.665088	10.358790	1.612372	1.561935	10.496060	8.747315	1.110381	
52	1	25.825980	1.517751	
53	1	15.759660	1.727418	
54	1	4.508477	3.930606	
55	3	3.551082	38.923180	6.863433	10.277730	4.646391	2.242780	
56	1	8.069806	1.579734	
57	3	5.449391	10.277730	15.335640	2.782961	9.258792	1.612372	
58	1	55.000580	0.782414	
59	3	11.566420	15.073070	4.899096	8.573626	1.042266	10.277730	
60	2	5.907206	9.898826	18.652200	1.312881	
61	3	19.248130	9.898826	3.315510	7.937942	16.661470	1.086556	
62	2	21.676590	1.776782	16.559330	0.992152	
63	1	15.936050	6.617707	
64	2	23.737170	1.031839	20.049290	0.908107	
65	5	7.421183	5.159292	4.849579	6.852410	23.192360	0.917791	27.441360	0.675162	4.276848	3.578989	
66	2	7.422098	8.942931	3.829155	4.665088	
67	2	13.502030	2.385748	39.018280	0.575907	
68	6	17.221870	4.365845	6.289471	4.665088	5.506064	5.078608	6.994244	3.508011	14.704620	0.989958	2.746004	3.508011	
69	3	39.018280	0.816632	17.441130	1.776782	1.625513	13.531920	
70	2	10.895590	2.782961	4.856770	1.972801	
71	2	8.747315	1.264996	12.600620	0.853480	
72	1	4.856770	4.146962	
73	4	25.155340	1.280390	18.986390	0.960819	5.055688	3.287640	2.760062	5.247923	
74	4	5.539215	3.089889	3.098426	4.724570	8.747315	1.448004	9.131855	1.106722	
75	2	61.210040	0.636849	0.734600	13.531920	
76	4	25.155340	2.344615	9.131855	4.923264	20.839580	1.490686	3.872900	2.776301	
77	2	26.231230	6.461182	16.015370	4.724570	
78	2	24.458150	38.923180	25.155340	1.549237	
79	4	60.981720	0.908221	4.860386	8.942931	31.808220	0.917791	11.887190	1.612372	
80	4	13.798790	3.908537	33.806750	0.894274	6.153138	2.364642	2.739401	4.550274	
