path26.100.txt
40
100
100 67
1	3	66.532710	1.443353	15.419360	0.791280	13.324410	0.874980	
2	3	63.070560	6.385449	27.377320	11.436710	2.628502	4.799635	
3	1	11.932770	1.724489	
4	2	14.806240	1.720608	30.281120	0.792080	
5	1	27.968260	0.957691	
6	2	41.036780	2.123692	30.838780	0.411052	
7	2	52.871750	1.569472	10.338390	1.106336	
8	1	19.310040	0.803629	
9	4	24.662580	1.860997	2.368735	5.789233	22.743480	0.547216	8.773228	1.317302	
10	2	18.996080	3.681874	21.313460	1.106336	
11	1	2.399307	5.789233	
12	2	29.616730	38.434880	36.679040	2.260336	
13	2	7.094242	5.206806	15.068010	1.214315	
14	2	9.248395	6.279813	33.549550	0.392863	
15	7	49.813920	14.533400	14.835320	21.355180	8.297163	6.267793	36.251590	0.792080	3.769026	6.267793	22.452660	1.014250	1.359763	9.053999	
16	2	24.662580	31.367070	5.769927	2.174780	
17	3	13.660960	1.569472	9.793977	1.724489	22.743480	0.559120	
18	4	27.021010	1.214315	9.214996	1.317302	30.838780	0.392077	9.974508	1.177696	
19	3	7.684922	5.206806	5.769927	3.032026	4.768042	3.264766	
20	5	27.529940	33.228070	39.274910	5.206806	2.628502	42.232090	33.384240	1.124239	32.983160	0.748290	
21	3	66.532710	2.367927	38.564460	0.957691	5.031794	2.442829	
22	1	3.325085	21.355180	
23	2	7.652534	3.567068	9.149311	1.707487	
24	2	18.190740	33.228070	14.164340	2.585919	
25	1	1.571617	9.053999	
26	5	3.981835	14.348240	66.532710	0.820154	46.945040	1.086020	1.449889	9.053999	30.838780	0.403832	
27	4	44.080060	1.014250	19.409010	2.260336	20.000170	0.874980	33.549550	0.355427	
28	1	33.324580	0.442322	
29	3	30.838780	1.000528	9.149311	2.422042	19.310040	0.920860	
30	2	41.036780	0.850355	9.149311	1.349869	
31	4	24.023770	11.436710	17.031890	6.279813	3.462159	6.385449	0.576659	27.635000	
32	4	66.532710	10.500480	30.838780	16.397960	8.119884	21.355180	12.137380	1.106336	
33	2	37.899850	1.056967	7.104465	5.206806	
34	2	15.131630	11.436710	19.587670	1.086020	
35	2	66.532710	0.954595	14.408310	1.214315	
36	2	10.444670	2.260336	14.806240	0.865310	
37	3	3.981835	13.286750	15.219910	1.317302	15.419420	0.791280	
38	1	28.632860	1.056967	
39	1	9.974508	2.504178	
40	3	28.352450	2.442829	3.454807	5.206806	10.035380	1.214315	
