path13.100.txt
40
100
100 100
1	3	18.043960	10.720520	0.933382	12.910610	14.590360	0.710427	
2	1	7.775957	2.921251	
3	3	5.398376	7.141850	3.538971	4.808612	0.410296	23.452800	
4	2	68.930210	7.998757	0.708966	36.260640	
5	3	11.984140	3.296088	8.733149	1.440771	3.684043	3.226645	
6	5	47.230650	4.490579	3.932013	23.452800	15.300850	4.603897	7.775957	4.727247	5.580616	4.068801	
7	2	31.069790	3.027917	3.241980	4.501094	
8	3	18.115540	6.782424	5.580616	2.576157	4.396321	3.259322	
9	2	16.197030	24.786170	5.580616	3.142731	
10	4	6.113802	2.616076	7.799270	1.729006	2.116138	5.672079	8.458963	1.133932	
11	2	18.043960	18.062680	100.000000	2.455219	
12	1	13.070690	33.868430	
13	1	7.950740	8.052373	
14	3	7.773937	7.141850	1.689266	7.715753	7.799270	1.530316	
15	5	20.752710	7.742836	2.116138	28.600980	5.631533	4.626744	3.883734	3.772724	14.590360	0.913872	
16	4	5.631533	38.446410	3.743792	6.661902	2.236150	7.648498	2.244213	4.501094	
17	1	13.070690	12.978210	
18	1	49.346790	5.572029	
19	2	5.848374	3.259322	0.570840	23.452800	
20	1	3.891350	7.715753	
21	3	100.000000	4.613568	5.580616	4.064249	3.684043	3.435257	
22	6	47.230650	4.996317	2.730883	8.052373	5.580616	2.876021	4.556305	3.204403	3.908740	3.482743	5.631533	1.730192	
23	2	5.486193	8.409515	2.836063	4.042382	
24	2	1.873096	7.648498	4.519038	2.677657	
25	1	15.300850	1.097149	
26	2	19.452300	2.567880	14.590360	1.154614	
27	2	11.285610	2.677657	0.412633	23.452800	
28	3	13.854430	24.786170	9.310816	1.440771	8.458963	1.449482	
29	1	53.125560	2.677657	
30	2	18.752930	0.998393	7.427835	2.233784	
31	3	18.752930	6.310925	13.070690	4.212519	10.808530	2.512492	
32	1	18.043960	2.777340	
33	2	5.580616	3.529474	3.883734	3.875773	
34	1	2.795469	4.042382	
35	3	49.346790	19.188380	5.580616	2.968819	3.538971	2.934224	
36	3	75.708320	7.742836	13.172310	23.800160	5.631533	2.213437	
37	7	17.179190	24.786170	14.590360	3.326593	15.300850	1.947452	7.427835	2.512238	7.427835	1.966360	2.345161	4.199010	3.781836	2.512492	
38	2	24.744510	12.910610	11.711790	2.567880	
39	4	13.198060	51.059170	18.182700	15.478490	3.908740	4.569630	6.113802	1.582935	
40	1	4.556305	10.169880	
