path6.500.txt
200
500
100 82
1	2	7.748197	1.614438	9.995967	0.569263	
2	1	5.049922	2.189798	
3	4	0.772989	34.813140	22.775450	1.113228	2.121598	3.063858	2.582672	2.286039	
4	1	1.000044	5.312815	
5	1	9.751270	4.672870	
6	3	1.382681	5.111529	16.269550	0.403985	2.617963	1.860772	
7	3	17.255310	1.440363	2.252503	4.484340	0.961990	6.247398	
8	2	2.617963	1.790483	0.467296	9.724386	
9	3	15.588940	0.510708	3.327875	1.734203	2.599724	1.836893	
10	3	18.661920	10.616670	9.694032	2.901303	8.868370	0.848049	
11	4	5.222518	1.456285	0.901653	5.851769	11.427760	0.441717	0.422982	11.090180	
12	2	2.285816	5.142863	4.779134	1.503409	
13	5	4.526591	18.099970	3.384851	3.687121	5.302746	1.595239	8.868370	0.562908	8.057276	0.555126	
14	6	10.914590	1.528793	8.701649	1.559956	13.020850	0.581999	9.470715	0.510708	1.199773	3.991766	1.872528	2.543272	
15	2	3.651256	2.966052	4.630412	1.098089	
16	2	1.770009	7.697068	3.389605	1.488603	
17	4	3.859174	6.511445	1.770009	11.825110	8.602044	0.581999	3.778798	1.206354	
18	3	10.200680	2.486874	1.793917	8.916639	11.143890	0.569263	
19	1	3.023282	2.966052	
20	7	1.461737	33.495800	5.452971	6.799518	7.591445	3.500524	16.269550	0.648972	1.770009	4.271785	0.389930	15.991780	1.535265	3.063858	
21	1	12.735270	0.594614	
22	1	6.519687	1.470098	
23	3	0.900210	39.180760	8.756666	1.990511	4.153911	1.292736	
24	4	11.435110	14.889020	16.854770	1.206354	4.747911	2.341632	8.756666	0.501200	
25	1	1.120951	28.242980	
26	2	1.139568	4.152985	1.861423	2.385301	
27	3	0.635407	14.033230	0.961990	7.577529	0.744522	6.273219	
28	3	2.599724	4.749185	3.654154	1.631799	8.057276	0.672427	
29	2	4.249821	1.823260	0.256386	20.222620	
30	3	17.025990	1.097188	9.399408	0.694892	0.467296	9.728495	
31	1	2.977030	1.740764	
32	1	0.469481	9.383397	
33	2	17.025990	7.343110	9.751270	9.586032	
34	1	0.473716	43.757730	
35	1	4.011884	2.807751	
36	1	19.627920	0.671510	
37	1	5.049922	1.666839	
38	2	13.559090	3.592501	4.329763	1.043714	
39	3	2.913011	2.942881	2.158171	3.468253	0.642706	8.970095	
40	4	4.747911	5.670474	16.269550	0.501458	9.302632	0.602520	1.469795	3.037819	
41	2	0.786122	8.012494	0.279988	20.222620	
42	3	0.567347	14.923840	22.837400	0.333004	1.161998	4.548739	
43	3	2.408963	5.329163	3.817676	1.559956	2.352469	2.038554	
44	3	1.462469	10.440690	2.077777	4.224723	3.562006	2.326007	
45	1	1.646617	11.929020	
46	2	4.872546	1.994591	1.543607	3.459727	
47	2	1.197251	6.425250	3.389605	1.477449	
48	4	7.744995	8.081850	6.639778	2.207762	3.326263	3.136576	10.974220	0.900787	
49	3	5.629138	5.810225	0.469481	18.379800	0.860874	5.972382	
50	1	2.158171	2.106640	
51	3	6.531210	1.586102	0.304834	27.789490	4.481514	1.152903	
52	2	2.008882	38.444920	13.597500	0.680520	
53	4	6.870860	3.459727	3.477001	6.799518	2.270317	3.419197	0.949822	4.985132	
54	4	0.459252	24.398750	4.452892	1.699264	12.399430	0.576312	1.008838	5.312815	
55	4	17.025990	3.800059	11.879490	2.431088	10.450450	2.279279	1.180060	4.799395	
56	1	0.536374	12.642480	
57	3	10.560610	0.797138	12.165480	0.671510	3.191812	1.734203	
58	4	7.314337	1.650610	0.895439	9.522262	17.025990	0.478911	11.183190	0.419120	
59	1	21.502280	0.328592	
60	6	1.918069	6.768949	0.768046	11.090180	0.638141	13.023600	1.364765	5.851769	16.269550	0.293442	4.237958	1.098089	
61	3	7.314337	0.980810	0.949822	6.105043	9.694032	0.563117	
62	2	16.269550	0.479219	4.564668	0.962464	
63	2	4.051127	1.273035	1.872528	2.348080	
64	4	4.526591	18.773440	11.183190	0.889860	0.663225	11.855980	5.885786	1.063637	
65	2	0.954899	8.012494	2.218468	2.563600	
66	1	3.060775	15.847420	
67	1	0.868201	8.729959	
68	2	12.927100	5.503909	0.460783	28.242980	
69	1	2.742968	20.295950	
70	1	2.285816	5.947313	
71	1	1.080166	10.978550	
72	1	17.025990	2.235087	
73	2	11.060860	1.343172	1.026283	5.111529	
74	4	1.104669	34.813140	1.528410	11.830380	0.951805	5.923884	0.459252	11.452330	
75	4	4.554348	6.768949	9.694032	1.970085	1.112541	6.422525	0.775399	6.713789	
76	7	7.402642	6.799518	16.269550	0.535838	1.567931	4.127932	11.060860	0.429463	11.183190	0.424207	16.269550	0.279470	1.847717	2.385301	
77	6	9.694032	2.026282	4.422661	1.660893	0.819905	8.012106	2.246870	2.697469	0.656204	7.544143	8.295199	0.581999	
78	4	2.599724	17.885920	6.531210	1.329069	10.224630	0.726837	0.554545	8.970095	
79	2	2.314068	20.926660	1.065992	6.266669	
80	1	3.326263	6.951574	
81	3	9.054548	1.440363	1.725534	6.768949	4.821469	1.038295	
82	5	11.879490	36.916480	10.560610	3.240412	15.103280	2.033991	0.709227	34.813140	1.454922	11.721920	
83	4	43.184240	1.438488	12.325340	0.687044	1.835985	4.548739	2.136912	2.942881	
84	3	0.876492	9.198977	0.389930	17.504030	3.043908	1.544005	
85	3	2.599724	3.236742	3.091551	2.520052	0.355897	17.059310	
86	1	1.050734	6.799518	
87	2	1.167579	5.655094	5.522384	0.935977	
88	1	8.868370	1.042834	
89	1	0.977187	81.108710	
90	1	6.519687	1.377522	
91	2	13.534930	0.581999	0.576712	12.355480	
92	1	8.723103	14.345430	
93	2	1.621899	8.012106	3.612744	1.290780	
94	5	4.526591	4.106074	0.303058	27.789490	2.675878	2.994154	6.137648	1.095074	5.513668	0.900679	
95	1	4.421080	1.678803	
96	2	0.933043	5.972382	2.252503	2.284608	
97	1	3.538851	7.201573	
98	1	10.184530	0.613516	
99	6	1.646617	5.082903	5.604887	1.440363	5.870499	1.154789	0.355897	16.547320	1.180060	4.627102	0.342431	14.923840	
100	5	0.748038	18.611860	7.591445	1.240648	5.893552	1.456285	0.583774	11.090180	0.663323	6.850614	
101	1	4.568565	3.301056	
102	1	1.141890	6.799518	
103	5	18.805760	10.022890	6.310791	1.077317	8.822197	0.622073	11.392660	0.441717	2.977030	1.560292	
104	3	4.653523	3.301056	5.302746	1.633299	3.232316	2.073515	
105	4	3.182891	9.198977	10.560610	1.182077	4.805705	1.097019	8.822197	0.566947	
106	1	5.354957	1.528793	
107	2	3.232316	2.508309	1.223889	3.637547	
108	2	43.184240	3.529279	1.812512	2.697469	
109	3	2.742968	14.311500	11.625480	2.915171	4.153911	1.290033	
110	3	0.350005	19.246950	1.511588	3.637547	4.016492	1.097019	
111	2	3.286970	1.559956	9.308084	0.510708	
112	3	4.365700	3.030823	3.654154	1.334253	3.926819	1.227553	
113	3	1.110501	34.887120	12.929420	0.613516	12.905640	0.576312	
114	1	1.506723	15.032590	
115	2	7.314337	1.641344	2.139746	2.234313	
116	3	2.028252	12.355480	3.562006	2.531193	2.035987	3.459727	
117	1	3.538851	8.645849	
118	3	5.452905	1.343849	1.180060	6.056949	0.904608	6.850614	
119	3	7.274716	14.258900	2.229391	2.994154	2.617963	2.321360	
120	2	3.384851	4.756815	0.903919	5.511015	
121	3	0.684627	13.824930	0.950115	8.012494	0.706884	7.577551	
122	1	1.734509	2.994154	
123	1	1.167579	6.200882	
124	3	8.790603	6.625287	2.742968	13.303260	1.590425	3.434404	
125	2	0.874655	8.081850	8.161997	0.612497	
126	1	0.467296	16.398200	
127	4	17.025990	5.183671	1.837199	11.236960	2.617963	2.140297	10.929120	0.487546	
128	2	6.772864	5.810225	7.748197	3.937941	
129	5	0.978889	10.616670	0.635407	12.950820	1.911789	3.301056	5.885786	0.906970	8.211406	0.602520	
130	8	12.407070	6.799518	1.883342	27.789490	0.744552	43.757730	8.756666	1.350493	1.973903	4.152985	2.599724	3.128114	2.706038	2.286039	2.054126	2.427979	
131	5	7.314337	4.205037	1.408824	8.443936	5.513668	1.285491	1.574114	3.037819	4.577940	1.038295	
132	5	21.502280	0.264246	0.264793	20.926660	13.597500	0.406540	10.450450	0.511392	4.362833	1.092370	
133	3	5.044020	3.419197	11.269500	1.440363	1.072244	6.799518	
134	1	8.723103	33.565290	
135	1	12.334490	6.799518	
136	6	5.794825	14.415210	39.621270	0.572790	18.805760	0.955653	4.779134	1.462643	0.775399	6.520327	4.312806	1.095074	
137	4	0.576437	28.242980	17.025990	0.772332	0.545144	14.923840	3.995824	1.994591	
138	4	10.450450	0.814998	0.706884	11.034310	0.839038	7.943723	10.819340	0.518206	
139	1	0.333016	27.763200	
140	3	8.161997	0.593858	3.701592	1.290780	0.427469	10.978550	
141	3	2.735477	7.599408	8.868370	0.593938	16.853700	0.301152	
142	2	9.694032	1.281102	5.946032	1.154789	
143	4	16.885360	1.011078	4.921882	1.600199	7.314337	0.998750	3.562006	1.669194	
144	3	7.655504	5.503909	0.839038	15.629950	0.356873	14.304080	
145	2	6.985096	1.087060	5.295330	0.900787	
146	2	4.987093	11.090180	30.448970	0.594614	
147	2	0.421852	13.234120	16.853700	0.301368	
148	2	10.786630	0.581999	1.121212	3.991766	
149	1	4.702244	0.935977	
150	2	7.096412	26.984050	0.718827	11.830380	
151	1	3.562006	4.710562	
152	1	15.806300	1.561185	
153	4	6.412327	31.064290	2.367047	34.813140	14.618380	0.572790	0.360105	20.926660	
154	2	0.452921	11.090180	4.564668	1.008143	
155	1	22.837400	0.259834	
156	5	17.879170	0.576312	12.068240	0.613516	1.112541	4.556021	1.773545	2.766015	0.555161	8.729959	
157	2	0.536374	10.892630	21.552580	0.251341	
158	2	8.868370	0.911183	1.935442	2.563600	
159	1	7.591445	1.067824	
160	4	13.229020	15.947830	4.452892	10.656220	0.983144	8.443936	0.349029	14.304080	
161	1	3.774336	1.343849	
162	1	5.888620	10.440690	
163	3	3.768982	3.030823	0.472360	13.023600	0.350005	14.359680	
164	4	15.103280	4.765527	21.139850	0.301573	6.310791	0.745942	5.967847	0.755882	
165	4	4.254497	29.210140	1.296197	22.865260	2.491234	3.047361	1.133952	4.152985	
166	3	3.709140	2.506052	0.528374	15.468320	1.065992	6.088813	
167	3	1.773545	4.850504	7.068229	0.755882	2.891675	1.660893	
168	3	7.283879	15.032590	10.915980	3.809646	0.483900	43.757730	
169	1	8.134682	0.936013	
170	1	3.850048	1.206354	
171	4	13.559090	6.495648	0.523152	39.180760	3.934582	1.712765	9.157485	0.613516	
172	3	10.450450	2.553521	0.934222	7.544143	4.460839	1.043714	
173	1	4.059382	27.451130	
174	1	1.197251	10.718110	
175	1	7.748197	2.064141	
176	2	2.158171	12.050570	0.744522	6.082263	
177	3	4.153911	5.294323	2.535892	3.073652	0.526600	9.522262	
178	1	2.637512	34.813140	
179	1	10.200680	12.716920	
180	3	11.063410	0.671510	11.060860	0.641969	1.296197	4.118797	
181	1	2.617963	2.865634	
182	1	20.036390	0.441717	
183	1	10.733240	0.518206	
184	1	7.251365	16.846430	
185	3	1.935651	6.511445	0.941792	10.616670	2.158171	2.042263	
186	3	1.429934	8.012106	0.528374	20.382760	8.756666	0.739619	
187	3	7.771711	1.212423	12.325340	0.656805	10.915980	0.739093	
188	3	1.180060	23.864130	1.115409	6.799518	1.690899	3.991766	
189	3	25.027550	2.915171	4.568523	1.273035	3.934582	1.351093	
190	1	1.733395	27.763200	
191	3	4.421080	3.523113	1.510563	5.810225	3.161199	2.038554	
192	4	2.139746	3.689571	2.247236	3.373413	10.929120	0.667243	8.103778	0.755882	
193	4	6.339197	1.212423	0.294225	20.926660	2.332731	2.427979	0.926884	5.511015	
194	3	16.885360	18.110910	4.481514	1.275076	4.427769	1.092370	
195	1	3.113422	5.810225	
196	1	0.414750	33.495800	
197	3	4.921882	1.628339	4.285456	1.227553	21.552580	0.236006	
198	1	43.184240	0.484318	
199	2	9.694032	0.780373	0.839038	7.490612	
200	1	8.868370	0.557864	
