path7.50.txt
20
50
100 91
1	1	13.202640	9.810149	
2	3	9.342438	24.050490	14.495430	12.127200	11.971810	2.556121	
3	2	10.538990	21.381870	1.636656	21.381870	
4	3	21.867120	21.381870	7.069713	5.288058	4.451406	7.600103	
5	1	61.896740	1.689863	
6	3	2.103031	17.802690	1.449069	24.050490	0.602821	45.334980	
7	4	3.161627	17.401000	19.205060	1.784200	2.337787	13.457840	30.453490	1.024083	
8	3	90.498580	12.003450	2.911624	45.334980	56.518710	1.172169	
9	1	1.419482	25.365030	
10	3	11.971810	9.452679	2.272029	17.401000	1.192523	24.050490	
11	2	81.363710	31.094640	8.268709	28.009250	
12	1	25.158430	21.381870	
13	1	1.138045	24.050490	
14	3	4.451406	16.450390	38.103260	1.689863	0.953197	37.744130	
15	7	90.498580	4.638535	80.794940	1.784200	11.971810	6.753635	43.481290	1.172169	1.292662	37.744130	1.419482	19.969940	4.902101	5.288058	
16	5	36.042630	24.050490	35.138600	21.381870	8.268709	17.325730	90.498580	1.160707	2.337787	24.286290	
17	1	5.660206	21.381870	
18	1	7.398385	17.802690	
19	1	29.687400	1.024083	
20	4	14.495430	11.923290	39.859110	1.024083	0.850010	37.744130	1.280359	24.050490	
