path36.200.txt
80
200
100 97
1	1	2.335530	12.646870	
2	2	23.744120	9.501872	0.882588	10.666570	
3	1	0.963545	63.909600	
4	2	10.072100	2.017148	0.390996	24.150720	
5	1	0.890389	18.116370	
6	4	8.686572	16.304020	1.712480	18.575510	2.290604	8.660195	5.902749	2.863552	
7	3	8.612269	9.420203	1.678163	13.402580	7.624370	2.125596	
8	1	1.138930	8.818913	
9	2	26.802860	0.789708	3.594675	5.058406	
10	2	2.756475	9.791658	26.802860	0.648688	
11	2	16.473120	1.723897	6.784514	2.518957	
12	5	2.507508	33.823200	1.667258	39.463480	2.922654	8.919744	3.512170	5.909810	0.523382	32.196400	
13	1	8.741970	8.406170	
14	3	2.683879	9.791658	1.562307	16.639190	0.540986	31.376790	
15	4	2.015924	14.869880	0.657288	31.376790	2.406331	8.093247	0.620034	29.007630	
16	1	8.643576	7.629964	
17	2	7.624370	3.737722	4.312951	4.898357	
18	1	8.612269	9.633996	
19	3	7.157447	96.837710	35.097710	0.872212	1.198274	16.176420	
20	4	2.994255	9.791658	3.957283	4.978948	0.620034	26.488240	2.406331	6.776637	
21	4	17.298840	2.781939	18.548450	2.332772	1.277677	24.623510	2.570877	8.406170	
22	2	17.298840	1.410833	0.845874	20.318450	
23	1	1.138930	8.194457	
24	3	4.312951	11.712840	0.657643	27.133420	1.218848	13.540870	
25	2	0.847731	19.405330	0.615548	15.608470	
26	1	1.340278	14.133260	
27	1	1.712480	14.750210	
28	3	35.097710	6.385318	1.138930	21.354180	0.853701	19.123870	
29	1	1.129454	17.901350	
30	3	1.712480	28.079100	1.044204	29.254760	1.338733	12.899200	
31	5	5.437522	39.463480	17.298840	2.553378	1.188571	36.330240	35.097710	0.761250	0.657643	28.362440	
32	3	2.328302	20.113380	1.073655	20.828580	0.770040	22.581080	
33	3	1.973984	14.869880	0.925613	19.405330	3.189839	5.058406	
34	5	2.922654	29.066840	1.204651	26.610180	6.784514	3.512882	6.317572	3.127583	5.083069	3.110466	
35	2	1.244491	21.271000	16.592910	0.699937	
36	3	1.757653	74.463710	2.768713	36.330240	10.975710	3.141880	
37	3	4.658142	3.966877	4.608374	4.008888	0.770040	21.372690	
38	2	11.312850	35.928640	1.562307	18.941970	
39	6	13.994730	24.273520	11.312850	5.751244	22.614870	1.046489	31.803060	0.677408	0.927937	20.113380	0.923709	18.116370	
40	1	1.288659	13.540870	
41	5	6.348900	13.368100	6.784514	11.886680	17.298840	1.287223	0.844064	24.548450	8.997034	2.293271	
42	2	17.298840	3.011918	0.986344	26.271890	
43	6	0.704378	53.278220	8.686572	2.750178	4.658142	5.070517	1.338733	13.710980	0.631896	26.271890	0.418562	38.741650	
44	2	16.119750	29.876370	8.997034	3.128963	
45	5	1.492689	26.507260	1.808237	11.564280	6.983384	2.863552	0.682377	26.507260	3.294287	5.316826	
46	1	1.814099	11.138400	
47	3	1.624085	14.133260	0.929280	24.548450	2.619410	6.211738	
48	2	3.294287	7.330047	0.615548	16.587920	
49	2	4.608374	3.978203	5.083069	2.311768	
50	1	7.339292	17.832330	
51	3	21.238990	1.438396	1.244491	19.096940	1.821451	9.791658	
52	1	1.562307	18.071740	
53	3	1.712480	16.309020	4.724173	3.835228	0.444344	26.507260	
54	5	1.073655	24.839730	2.277078	9.528655	17.298840	1.122383	1.700463	9.791658	13.516970	0.946541	
55	3	21.017600	5.422234	17.298420	1.723897	4.608374	3.451871	
56	3	1.808237	23.529580	1.073655	26.178160	18.647350	1.046489	
57	3	1.557414	17.901350	18.504790	1.428870	7.339292	2.281042	
58	1	1.808237	14.190630	
59	4	2.168426	14.869880	7.624370	4.162222	10.975710	1.953989	33.836770	0.491855	
60	2	3.304111	24.273520	0.963545	19.301220	
61	3	9.483200	96.837710	16.119750	19.612640	2.669271	7.629964	
62	1	4.614564	22.976930	
63	3	20.319790	0.946541	1.562307	12.091370	1.562307	12.068840	
64	1	2.805402	5.909810	
65	3	9.013452	22.976930	1.098981	29.254760	4.608374	2.694300	
66	2	7.232350	3.835228	0.858779	19.123870	
67	1	3.608572	53.278220	
68	4	12.511900	3.495502	1.562307	19.024600	1.277677	16.718330	8.476354	2.017148	
69	3	18.121400	1.438396	0.427312	38.741650	0.454878	24.150720	
70	1	0.609962	47.553210	
71	2	1.001170	26.271890	4.312951	4.257961	
72	2	2.507508	23.199880	1.260033	22.976930	
73	1	9.103671	22.976930	
74	2	1.678163	16.327980	16.592910	0.728933	
75	2	11.312850	2.737160	0.519590	39.463480	
76	2	6.348900	4.533253	2.277078	8.372693	
77	3	2.259111	12.646870	1.757653	11.707420	0.875065	10.666570	
78	3	1.073655	24.991250	4.312951	4.207141	4.786941	3.495502	
79	4	2.290604	11.453180	24.966240	1.046489	34.425400	0.677408	1.678163	10.637380	
80	1	2.258176	12.646870	
