path13.200.txt
80
200
100 100
1	5	10.184140	5.572029	4.895842	6.782424	6.406374	2.512492	7.799270	1.530316	15.300850	0.491824	
2	3	17.179190	24.786170	13.070690	3.028371	3.932013	7.825935	
3	3	68.930210	7.998757	100.000000	2.455219	11.285610	2.677657	
4	3	13.198060	51.059170	7.427835	1.966360	1.873096	3.806867	
5	1	0.933382	12.910610	
6	2	20.752710	4.037994	3.908740	1.754086	
7	1	8.458963	1.133932	
8	2	10.429300	3.230566	1.721204	4.067832	
9	4	3.406041	7.759017	5.486193	1.565049	15.300850	0.513421	4.556305	1.584225	
10	4	12.711980	20.733460	31.069790	0.505280	4.519038	2.677657	1.873096	3.841631	
11	2	47.230650	0.822813	4.815872	6.576795	
12	4	10.820180	14.444500	31.069790	2.522636	3.796221	1.976110	2.507800	2.921251	
13	2	4.031767	7.141850	0.708966	17.444890	
14	1	2.776428	3.142731	
15	1	18.043960	3.765203	
16	4	3.157185	19.325570	4.202100	14.444500	4.815872	2.669160	19.452300	0.591771	
17	3	33.034370	5.572029	7.799270	1.729006	15.300850	0.851152	
18	1	3.932013	15.626860	
19	2	45.568530	7.742836	2.345161	4.199010	
20	4	3.755299	7.742836	5.087581	4.727247	8.733149	1.440771	5.580616	1.293518	
21	5	13.172310	23.800160	13.070690	5.093544	5.486193	5.607791	18.752930	0.998393	15.656080	0.785275	
22	2	5.398376	1.768988	3.883734	1.782955	
23	5	6.229536	8.052373	4.802429	6.782424	1.350354	8.937601	1.590185	4.501094	1.064694	6.661902	
24	1	0.708966	18.815740	
25	3	53.125560	2.677657	7.614668	5.245898	5.580616	1.282640	
26	2	3.458176	7.742836	14.590360	0.484052	
27	2	3.358634	6.286295	5.398376	2.907839	
28	1	18.043960	10.056820	
29	1	14.590360	0.913872	
30	1	5.580616	1.290961	
31	1	4.438776	2.567880	
32	1	0.412633	23.452800	
33	6	41.673610	4.996317	3.952509	6.729361	1.436396	7.715753	5.580616	1.677858	1.227048	7.141850	1.651794	4.501094	
34	3	19.186270	1.478763	8.767710	1.097149	3.883734	1.929050	
35	2	5.580616	2.038063	2.244213	4.501094	
36	4	3.451824	5.156565	3.157185	3.262922	6.013566	1.491204	14.590360	0.465982	
37	4	15.138230	14.444500	5.557035	4.996317	3.908740	4.569630	5.631533	1.911272	
38	2	18.043960	2.777340	6.128278	5.572029	
39	4	10.429300	2.015332	2.886193	4.613568	5.631533	2.213437	5.580616	2.026186	
40	1	18.752930	4.518667	
41	5	18.043960	6.955319	13.172710	6.389888	9.618867	5.156565	3.538971	2.934224	14.590360	0.670562	
42	2	13.039840	4.052711	1.689266	7.715753	
43	1	2.116138	14.557170	
44	1	9.310816	1.440771	
45	2	2.730883	3.378185	3.952509	2.208241	
46	3	5.302863	3.973009	2.836063	4.042382	2.417730	2.876021	
47	1	5.580616	4.068801	
48	4	19.186270	2.823190	0.570840	23.452800	2.730883	4.674188	1.537897	4.808612	
49	3	2.116138	14.043810	2.654932	6.286295	2.116138	5.672079	
50	1	3.684043	3.226645	
51	4	13.172710	1.387612	14.590360	0.710859	1.492421	6.661902	6.533144	1.097149	
52	2	11.105440	12.910610	4.402153	2.512492	
53	6	47.230650	3.667766	7.427835	2.512238	3.684043	3.435257	15.300850	0.719003	1.186678	6.661902	5.486193	1.236675	
54	2	13.070690	4.212519	5.398376	2.465023	
55	4	97.113810	4.613568	11.984140	2.434785	2.515122	7.141850	3.162886	2.876021	
56	2	5.580616	2.202173	3.883734	1.843674	
57	1	1.721204	3.984541	
58	1	2.236150	7.648498	
59	1	2.688375	4.727247	
60	2	15.656080	1.190834	2.609270	6.782424	
61	1	5.580616	1.327302	
62	1	18.043960	2.759958	
63	1	4.485707	2.567880	
64	2	6.113802	1.582935	3.883734	2.092818	
65	1	20.752710	3.704842	
66	2	14.590360	0.735969	3.406041	2.410864	
67	3	2.454954	7.715753	2.795469	4.042382	14.590360	0.710427	
68	3	3.496189	7.742836	4.396321	3.259322	0.410296	23.452800	
69	3	5.631533	9.353797	3.520343	12.910610	3.781836	2.512492	
70	3	13.070690	23.618320	5.807999	6.782424	4.231712	2.233784	
71	2	13.070690	5.590612	5.268156	2.921251	
72	2	5.631533	1.730192	2.787308	2.567880	
73	2	6.113802	2.616076	11.984140	0.861303	
74	3	49.346790	4.743877	15.300850	0.715028	4.556305	1.620178	
75	2	13.854430	24.786170	5.848374	3.259322	
76	3	19.186270	2.365045	3.157185	2.197679	0.327857	20.733460	
77	1	2.804188	3.142731	
78	7	13.070690	4.359231	15.300850	3.260921	18.752930	1.792258	14.590360	1.413783	4.815872	3.664656	8.458963	1.449482	3.196123	2.233784	
79	2	5.631533	29.092610	19.430130	7.742836	
80	5	18.182700	15.478490	5.631533	2.715473	1.150265	10.169880	2.001074	4.808612	3.908740	1.728657	
