path1.500.txt
200
500
100 50
1	3	21.972130	0.693538	29.664580	0.365552	9.556726	0.847124	
2	4	4.231714	13.364930	2.164320	10.202270	1.617641	9.920597	5.093226	1.735629	
3	2	8.053301	2.347876	14.916910	0.878954	
4	4	1.736806	10.603970	1.493044	12.284310	24.463740	0.588699	4.275731	3.173943	
5	3	6.449784	3.603146	1.720203	4.682789	0.450257	17.835390	
6	2	11.494500	1.163377	1.893977	5.057495	
7	2	1.727199	7.712071	0.287011	28.398880	
8	3	7.552056	1.800497	1.578704	8.255175	1.295098	9.920597	
9	2	1.123224	22.174880	0.509428	25.420590	
10	2	3.402502	5.501657	4.275731	1.927988	
11	1	0.546187	13.999730	
12	1	23.672840	0.621098	
13	5	23.104570	4.428835	2.600656	15.724420	16.828340	1.473467	0.968991	11.384310	0.657691	11.712300	
14	3	6.471019	2.020077	0.594289	14.857510	18.443390	0.417001	
15	2	18.917140	0.934528	2.101911	5.193307	
16	1	4.570549	18.210740	
17	1	1.218610	13.999730	
18	1	5.776402	2.228320	
19	2	1.314470	6.480727	1.454868	5.501657	
20	3	12.519030	1.163377	7.817509	1.034741	9.360808	0.840660	
21	2	15.580530	0.550890	5.580657	1.376105	
22	5	8.053301	1.966677	2.349795	5.530001	11.289300	1.052971	10.411930	0.636541	6.812254	0.850637	
23	2	9.556726	1.770955	0.589556	14.097400	
24	5	0.573412	22.044950	10.535870	1.131692	0.818425	10.672940	18.443390	0.458092	0.582177	13.364930	
25	2	2.173540	8.255175	3.680809	3.077372	
26	2	3.025055	3.427096	0.660421	11.857340	
27	1	0.834555	9.673244	
28	4	4.572211	25.908790	33.149440	0.933492	0.790432	22.174880	15.279940	0.539596	
29	3	3.477952	3.767135	2.655307	3.660598	17.668660	0.459884	
30	3	0.688062	17.835390	0.750772	12.284310	1.834259	2.969220	
31	2	2.616298	6.680517	32.430660	0.421563	
32	6	2.633508	8.364330	1.443114	10.202270	2.731802	3.335935	0.596213	14.857510	1.172075	6.782390	19.429890	0.397634	
33	1	1.817275	6.370275	
34	3	42.173330	0.635269	3.985029	2.520133	0.929836	6.782390	
35	1	8.053301	1.383766	
36	2	16.165800	0.794685	8.053301	1.411439	
37	6	42.194110	5.579214	31.727650	1.502955	9.681953	1.667325	1.415791	10.202270	2.888855	4.520402	2.400171	4.375644	
38	1	7.808941	6.555569	
39	3	0.640737	20.810440	2.655307	4.051474	4.996049	1.667325	
40	1	1.423948	13.364930	
41	1	2.837821	3.201016	
42	2	21.201800	6.580703	1.430805	20.464870	
43	1	7.841834	1.490706	
44	4	18.987520	20.165350	3.977503	22.586380	6.066936	8.278593	9.556726	1.344750	
45	1	18.621810	1.285031	
46	5	3.802506	2.571012	7.817509	1.019245	1.834259	4.288923	7.221258	0.965762	0.818425	6.550587	
47	1	1.148657	7.025303	
48	4	3.642840	4.240992	7.552056	1.901303	1.426566	8.952089	1.333192	5.997346	
49	3	14.365880	15.766420	4.793463	3.644109	16.264870	0.794685	
50	5	4.382506	4.685956	1.995210	9.103170	28.670990	0.526843	1.625467	6.905919	13.298850	0.819916	
51	1	2.214486	9.489407	
52	1	1.167773	14.857510	
53	1	20.902000	0.725305	
54	4	6.154009	2.079228	2.039146	6.232830	0.414544	30.391900	0.456515	14.857510	
55	4	1.830299	10.603970	5.748294	2.346882	0.449257	22.174880	0.463859	20.051930	
56	3	6.627722	4.691672	7.078392	4.044099	2.170379	4.375644	
57	2	16.964770	0.475780	3.129890	2.463113	
58	2	4.027066	15.724420	0.931214	8.781518	
59	2	4.651340	8.397616	1.426566	8.883299	
60	5	1.558200	9.103900	7.078392	1.852417	8.053301	1.321326	3.801293	2.571012	3.321151	1.667325	
61	1	0.872253	16.108080	
62	3	7.817509	2.997736	17.187050	0.916112	16.210610	0.508485	
63	2	17.802460	0.812393	3.172760	3.077372	
64	3	42.173330	0.481379	2.349795	6.878939	5.011493	2.761536	
65	5	4.313714	3.007921	2.039146	6.306280	3.968235	3.140683	15.401920	0.508485	0.665132	11.693380	
66	4	18.799120	2.894848	5.382151	3.149784	3.049764	5.295759	10.836990	0.933771	
67	3	1.989978	6.337144	3.777256	2.228320	1.204355	6.320245	
68	3	2.276413	6.680517	0.606434	24.760420	17.413110	0.819916	
69	1	10.551910	1.991623	
70	3	41.204610	0.593152	3.385950	3.077372	10.303170	0.797298	
71	1	17.802460	1.232940	
72	5	1.472420	12.539110	7.078392	2.079365	0.818425	11.337600	4.631702	1.736042	14.084050	0.550890	
73	6	8.998516	1.711267	16.509920	0.882153	1.423960	9.489407	1.331711	9.673244	2.912739	4.010986	10.808390	0.700668	
74	1	3.642840	2.439526	
75	7	2.755085	27.255620	49.898780	1.274118	9.153507	2.464022	1.456610	13.160580	15.759670	0.916112	1.384780	9.489407	18.443390	0.416265	
76	1	0.539350	15.914810	
77	1	17.668660	0.474643	
78	2	7.441764	2.257946	0.730661	14.097400	
79	1	1.759859	6.365848	
80	2	6.139789	2.861029	5.400433	2.761536	
81	4	6.911623	14.811330	1.014978	22.586380	7.441764	2.456077	1.358207	13.160580	
82	2	3.195150	4.390287	32.430660	0.427303	
83	1	1.138555	11.046020	
84	3	9.153507	2.078303	1.314470	7.635594	0.859395	9.877637	
85	1	1.527447	14.209990	
86	1	1.132920	21.969830	
87	1	1.159572	8.291616	
88	2	7.078392	1.922974	4.296625	2.662486	
89	2	1.101892	12.854020	1.195000	5.497340	
90	2	10.426390	1.777336	2.888855	2.623832	
91	3	7.098322	2.081109	10.303170	0.951662	1.893977	3.996376	
92	4	4.313714	5.061248	0.414357	33.945530	2.633508	4.796251	1.096603	7.367054	
93	6	24.323970	1.015064	7.427980	2.376595	15.699420	0.957129	30.711950	0.421161	6.154009	1.735529	14.230100	0.584768	
94	2	0.872253	18.441110	7.221258	0.811574	
95	3	49.898780	1.104565	2.129320	8.255175	0.778505	15.766420	
96	1	16.880630	0.451006	
97	1	5.556846	2.711224	
98	1	4.112480	2.228320	
99	4	15.795050	6.472186	0.963636	17.894740	1.140177	7.664258	0.652267	11.857340	
100	1	8.061437	1.735629	
101	1	21.637350	0.651416	
102	1	2.936560	2.578490	
103	1	5.278711	2.087755	
104	2	0.854274	16.050790	0.936607	11.924300	
105	2	31.727650	0.582042	16.952060	0.756419	
106	3	7.688106	5.355551	1.547188	8.578058	8.739820	1.445600	
107	1	7.078392	1.482499	
108	3	20.348780	0.639651	6.154009	2.043344	11.353090	0.706608	
109	1	0.708402	20.464870	
110	2	3.849273	3.140683	2.243816	4.690975	
111	3	7.250545	9.788970	18.200560	0.584768	2.754638	2.845096	
112	4	5.556846	3.193426	0.425138	33.945530	7.841834	1.642902	2.631071	4.056682	
113	1	4.275731	2.105430	
114	4	14.848530	4.682789	7.715346	5.792629	1.994973	6.337144	0.822555	9.877637	
115	1	6.036826	2.346882	
116	1	4.296625	2.310693	
117	1	17.802460	2.725122	
118	3	2.219373	6.028456	12.762500	0.933771	1.626580	5.196290	
119	2	1.443776	12.539110	5.503505	2.346882	
120	4	9.556726	3.888872	1.138555	9.418854	5.595726	1.711267	14.024330	0.621098	
121	2	25.625370	4.682789	1.140767	13.160580	
122	4	42.194110	12.324380	17.802460	0.994363	11.109120	1.473467	6.627722	1.901775	
123	1	1.276088	6.370275	
124	1	0.939323	16.050790	
125	1	5.495440	11.924300	
126	2	6.139789	2.426276	2.742837	3.201016	
127	2	0.606434	25.683420	0.609588	13.952360	
128	3	1.547188	20.036130	8.053301	1.321036	0.962763	8.781518	
129	3	18.621810	1.341959	7.317816	3.149784	0.433522	30.391900	
130	1	1.421098	11.957250	
131	5	2.329189	6.028456	1.672610	8.069169	0.858723	12.442370	0.968991	10.585520	7.845964	1.213157	
132	4	3.376034	13.110100	4.599507	3.133608	2.136431	5.080389	29.664580	0.345049	
133	2	17.705770	0.725305	0.506609	24.857190	
134	2	10.535870	1.215189	6.357780	1.271475	
135	3	18.443390	0.457602	1.068257	7.664258	18.882990	0.432389	
136	2	2.731802	5.242712	3.313159	2.346882	
137	2	1.204355	7.889743	3.343772	2.228320	
138	4	4.793463	3.614034	14.372880	1.043505	9.556726	1.460122	2.541394	3.149784	
139	3	16.509920	0.853476	11.960750	1.116649	1.759859	2.955168	
140	3	49.898780	0.685423	14.064250	0.548427	10.411930	0.634679	
141	4	8.469193	1.667325	1.333192	6.541764	0.582779	13.364930	0.646346	11.924300	
142	1	0.424157	22.174880	
143	1	1.503310	5.196290	
144	1	2.208435	7.193248	
145	3	2.751427	22.174880	10.411930	1.322794	2.243816	3.489588	
146	6	3.947375	6.242819	0.829961	17.894740	7.715346	1.574424	2.331097	4.973179	17.802460	0.477026	6.357780	0.863534	
147	3	6.916595	2.228320	3.789735	3.603146	1.233004	7.025303	
148	3	6.066936	1.394651	7.845964	1.015163	1.759859	3.218094	
149	3	1.421098	10.629140	0.578714	17.835390	4.631702	1.691054	
150	3	10.808390	1.387853	14.372880	0.705455	3.707903	2.048821	
151	3	10.551910	7.797347	16.880630	0.564058	2.406285	3.149784	
152	2	1.722235	8.255175	3.985029	1.922005	
153	2	1.159572	11.757200	11.255930	0.850640	
154	1	9.993519	6.555569	
155	5	11.260310	1.473467	1.147942	13.999730	1.174340	12.398030	0.948287	14.734750	3.733861	2.048821	
156	1	2.747741	2.845096	
157	4	0.506609	25.586640	0.703100	13.952360	2.936560	2.717269	0.649338	11.693380	
158	1	38.609480	1.052971	
159	2	1.398813	12.442370	3.197936	3.604222	
160	3	3.750332	13.364930	9.304220	1.247199	0.920305	9.673244	
161	3	31.612530	0.426043	2.136431	4.797248	19.767880	0.397634	
162	3	25.435040	0.588699	24.013530	0.547890	3.985029	1.928137	
163	6	10.808390	1.620924	2.888855	3.681952	0.640737	13.738740	9.255148	0.850640	6.357780	0.998598	0.818425	6.806599	
164	1	3.129890	5.705526	
165	4	29.664580	0.562052	1.159572	13.896720	7.441764	1.612371	1.547188	5.331343	
166	1	3.401960	8.397616	
167	1	1.995210	12.300140	
168	6	6.154009	3.835923	15.718090	0.860502	2.381662	5.417064	19.567260	0.651416	9.556726	1.139532	9.304220	1.129395	
169	1	2.349795	5.686828	
170	1	3.984951	2.045683	
171	1	3.826061	3.767135	
172	1	22.321620	0.432389	
173	2	0.509428	25.023240	0.837634	9.877637	
174	3	23.599490	0.699554	2.958858	4.390287	2.792906	4.056682	
175	2	14.916910	5.593232	4.923523	2.626990	
176	1	0.882482	9.877637	
177	4	23.599490	5.272057	5.479224	5.992483	5.962286	2.609366	1.046923	14.734750	
178	1	1.704946	5.501657	
179	4	30.911260	4.398929	5.479224	9.773939	2.000320	7.367054	12.201610	0.621098	
180	2	5.951842	2.791820	5.580657	1.451335	
181	3	23.104570	0.926716	2.797600	6.680517	4.846100	2.609366	
182	2	6.119246	2.626990	2.349795	6.082818	
183	4	10.336800	9.103900	15.718090	0.888458	3.984951	2.221139	0.662525	11.712300	
184	4	8.887169	1.887967	16.749340	0.933492	6.471019	2.036604	10.287660	0.955089	
185	1	1.500833	6.028456	
186	2	20.855820	0.639651	9.360808	0.908300	
187	5	4.855365	3.604222	21.972130	0.752062	7.441764	1.973493	1.625467	6.254663	14.064250	0.568222	
188	3	1.123762	12.854020	0.823909	13.364930	2.731802	3.120155	
189	3	8.582733	12.854020	1.092246	13.160580	0.384207	20.051930	
190	5	7.441764	1.808412	0.632430	20.464870	22.233000	0.475780	12.246400	0.706608	1.490985	5.501657	
191	3	7.441764	4.341182	5.951842	2.135299	4.243607	1.667325	
192	1	3.151630	3.427096	
193	3	0.579343	34.549190	6.139789	2.079749	1.372494	6.028456	
194	3	7.098322	4.599408	4.278015	2.087755	0.286401	28.398880	
195	2	31.727650	0.351575	1.154796	5.497340	
196	2	3.178312	12.442370	10.808390	0.588291	
197	1	6.812254	1.037330	
198	6	7.817509	1.951610	2.912739	4.121205	0.539350	18.634380	3.995202	2.228320	14.384640	0.539596	3.376034	1.701234	
199	1	0.818425	15.076100	
200	1	0.519271	17.835390	
