path27.25.txt
10
25
100 95
1	1	27.196160	26.271040	
2	1	11.701210	11.910160	
3	2	2.597508	35.325520	3.796672	15.020280	
4	2	10.275450	26.802870	7.677941	11.754470	
5	2	0.946621	94.492980	4.574399	12.730550	
6	2	15.494950	11.910160	10.327740	5.507019	
7	1	1.904377	32.364600	
8	3	27.196160	8.030276	4.574399	19.634050	13.530710	5.507019	
9	6	59.394010	94.492980	7.677941	23.571050	1.217478	94.492980	0.970284	94.492980	14.811790	5.507019	3.796672	17.344320	
10	5	27.196160	41.037730	27.196160	7.243768	50.212660	3.312920	50.212660	2.194099	11.117100	5.507019	
