path22.100.txt
40
100
100 100
1	1	54.447540	1.058712	
2	1	20.670050	0.920977	
3	1	40.349990	0.636132	
4	1	62.605300	15.011870	
5	2	19.029790	1.339948	20.670050	0.918916	
6	2	1.560877	14.653640	10.319080	1.716399	
7	3	43.766000	7.797902	44.080960	0.833261	4.124246	8.309081	
8	1	50.122540	1.451327	
9	2	4.886444	5.974255	3.415827	6.992200	
10	1	5.857049	5.843293	
11	1	3.446472	9.019436	
12	5	95.113560	5.998817	17.030980	15.011870	50.122540	3.282792	3.547310	17.730830	44.080960	0.756292	
13	3	22.279270	1.027139	11.918930	1.766510	23.195240	0.843620	
14	1	21.031500	1.027139	
15	1	20.725250	0.843620	
16	1	4.886444	37.717370	
17	4	35.085110	5.001821	47.259280	0.543657	27.273700	0.690661	35.675770	0.493109	
18	4	10.319080	3.573426	13.513700	1.839894	12.173020	1.839894	27.273700	0.665644	
19	2	12.037990	9.019436	47.259280	0.479801	
20	2	50.997290	1.123102	18.906680	1.067512	
21	2	50.122540	1.184798	24.604610	1.231137	
22	3	26.417700	1.089266	19.993700	1.027139	11.918930	1.699051	
23	3	62.398020	3.465561	14.524680	2.963092	47.259280	0.474718	
24	1	7.444729	3.868439	
25	1	2.123366	8.309081	
26	6	14.323250	15.011870	50.122540	3.100518	18.273420	1.589553	20.841580	1.089266	19.734500	1.067512	11.206720	1.839894	
27	5	4.886444	7.125151	1.339134	17.730830	7.444729	3.123761	7.304827	3.176143	14.805110	1.210672	
28	1	23.048230	1.210672	
29	5	49.555480	34.861400	1.560877	20.207760	4.503416	6.992200	3.003804	9.019436	1.154031	15.011870	
30	2	4.456535	34.861400	1.693863	34.861400	
31	4	25.467020	1.356305	40.349990	0.699892	23.319670	1.123102	17.906230	1.336024	
32	3	100.000000	1.185170	62.146660	1.210672	13.076900	3.176143	
33	3	12.984140	1.839894	43.920490	0.496328	19.052580	1.027139	
34	3	95.113560	3.656087	21.148890	5.001821	2.248500	9.019436	
35	2	87.198100	2.480974	4.472512	8.309081	
36	2	14.524680	2.880201	10.319080	1.702374	
37	6	30.635670	34.861400	32.750560	1.058712	9.013919	2.796081	35.675770	0.574403	17.642950	1.027139	2.081769	8.309081	
38	1	3.872525	9.019436	
39	4	7.211127	34.861400	100.000000	2.342786	47.220090	2.796081	16.650480	1.839894	
40	4	24.843730	1.589553	28.136110	1.231137	24.247830	1.339948	16.060730	1.336024	
