path11.200.txt
80
200
100 85
1	2	5.664247	17.545450	4.269816	13.995440	
2	4	2.532051	4.796268	1.157362	8.366953	1.906208	4.896475	27.305910	0.334056	
3	2	1.503416	6.420993	15.443490	0.440253	
4	3	9.976173	8.250059	10.739170	0.824173	2.744221	3.135780	
5	1	15.394130	0.477298	
6	6	84.662790	6.294042	53.661350	2.968116	21.024240	0.824173	3.012592	3.142461	3.800657	2.240229	0.848463	7.821349	
7	2	8.856027	0.853924	4.981169	1.498578	
8	1	84.662790	1.310333	
9	5	35.074730	3.053535	84.662790	1.123331	5.915300	3.060719	5.126834	2.396767	16.234700	0.727694	
10	1	1.053751	12.904330	
11	1	21.307790	0.419879	
12	4	1.157362	13.024320	14.179480	0.853924	15.394130	0.474633	9.308743	0.640122	
13	8	45.679270	2.885164	15.394130	4.862703	21.026370	1.856945	37.150750	0.824173	8.896327	2.591680	25.747270	0.402056	16.003700	0.487277	11.887150	0.554422	
14	3	47.979770	6.235909	62.863620	1.410388	2.224254	3.249072	
15	1	1.701787	8.848934	
16	1	11.650060	0.727694	
17	3	47.979770	8.630610	1.306568	8.848934	2.104896	4.750688	
18	2	35.074730	10.813550	2.532051	3.025081	
19	2	32.899600	0.441733	0.840357	7.593424	
20	2	45.424400	1.453731	7.440502	0.936568	
21	4	84.662790	1.184465	3.107632	3.674268	23.035510	0.427994	3.239111	2.327555	
22	1	1.906208	8.208693	
23	1	59.079540	2.021265	
24	1	3.680091	5.375375	
25	3	0.974052	8.848934	3.107632	2.506397	9.374737	0.823770	
26	2	32.899600	16.771440	2.224254	4.562943	
27	3	16.003700	20.121700	3.239111	3.561397	4.086203	1.639953	
28	3	22.946240	0.351192	7.707132	1.044442	16.437320	0.421847	
29	5	10.772940	3.060719	4.774179	5.146507	4.614738	2.396767	3.680091	2.709814	8.896327	0.815528	
30	1	32.899600	0.332280	
31	3	25.900390	1.281917	0.641436	21.391270	4.091246	2.006714	
32	4	2.189231	4.293280	1.053751	8.486937	1.172291	7.593424	2.791434	2.006714	
33	3	35.386600	1.425870	17.539640	0.727694	10.004770	0.890486	
34	8	2.999411	5.607941	15.575550	0.975454	5.532498	2.288800	23.498460	0.523116	22.244310	0.551350	25.747270	0.324106	17.630500	0.417648	4.694243	1.498578	
35	1	0.795339	13.105170	
36	1	21.237280	4.180764	
37	2	1.575196	4.522951	2.245166	3.089790	
38	3	49.276180	1.425870	23.180100	0.551350	3.363829	2.288800	
39	3	6.378329	8.430681	6.910791	3.186366	8.741849	0.890486	
40	2	2.611670	10.895000	23.498460	0.521326	
41	2	17.630500	0.685635	2.744221	2.346823	
42	2	47.979770	6.312299	4.766105	3.142461	
43	4	35.074730	3.678365	32.916990	0.671771	6.378329	1.639543	2.189231	3.992823	
44	3	62.863620	1.775978	2.245166	18.301480	7.925364	0.890486	
45	3	26.040360	8.250059	45.424400	2.546096	8.896327	0.863446	
46	5	10.176300	3.662838	10.617670	3.060719	11.564120	0.824173	4.309227	2.006714	3.239111	2.397150	
47	2	8.958879	13.714990	14.300050	0.554422	
48	3	18.981660	13.819240	6.633940	6.180665	59.079540	0.647292	
49	1	5.260339	1.639953	
50	3	13.585870	0.936568	2.229316	4.197848	1.836720	4.272713	
51	4	27.305910	2.591718	11.728860	5.027836	21.307790	0.470608	16.479670	0.421847	
52	4	45.679270	3.674290	81.776330	1.588444	27.305910	1.432428	2.961555	13.105170	
53	4	2.012647	5.511743	15.443490	0.604189	4.996614	1.639953	1.575196	4.628003	
54	5	9.297508	5.027836	6.378329	1.463365	2.104896	4.400266	2.727895	3.186366	5.178553	1.639953	
55	2	6.378329	2.181402	2.744221	2.803500	
56	1	18.122950	2.546244	
57	1	32.916990	1.020798	
58	4	8.242322	13.819240	25.138300	3.142461	27.305910	1.203048	17.972580	0.774454	
59	3	8.137752	17.545450	10.176300	2.758156	9.333331	0.774454	
60	2	32.840430	1.281917	8.202805	1.044442	
61	1	53.661350	0.565522	
62	4	53.661350	8.917361	42.523110	6.336360	53.661350	3.024958	1.119447	7.821349	
63	3	11.138240	6.336360	3.680091	2.406973	17.630500	0.395294	
64	2	19.237200	0.554422	8.814209	0.640122	
65	1	53.661350	0.760554	
66	3	17.436620	2.240229	4.060974	9.381406	2.999411	5.287059	
67	1	1.836720	3.539303	
68	2	57.532040	0.815780	9.374737	2.362595	
69	1	8.792553	13.819240	
70	1	1.831658	4.197848	
71	1	0.496814	13.105170	
72	1	22.946240	0.464588	
73	1	0.697576	13.995440	
74	2	0.892420	21.391270	19.677140	0.396321	
75	2	66.200780	0.975454	16.003700	0.428565	
76	3	84.662790	2.376951	16.003700	1.031765	4.202222	2.006714	
77	2	0.791772	8.848934	19.677140	0.329841	
78	1	45.148110	1.044442	
79	1	59.079540	5.152792	
80	1	3.680091	2.929756	
