path31.25.txt
10
25
100 80
1	1	29.460540	3.534379	
2	1	1.536363	47.510810	
3	4	35.128320	8.198191	4.875440	13.603630	52.649940	1.118628	44.963860	1.118628	
4	3	29.460540	4.663812	3.417129	20.798580	2.405581	20.798580	
5	5	41.472530	7.194950	23.082180	8.198191	20.059010	6.917354	4.207868	20.798580	1.536363	31.690600	
6	2	20.059010	13.881230	0.849837	79.201420	
7	1	16.082360	20.798580	
8	2	6.167105	12.492910	6.167105	8.305675	
9	1	36.876940	69.884600	
10	5	60.736860	69.884600	36.597090	13.603630	9.942759	8.198191	3.719828	20.798580	2.468585	20.798580	
