path36.25.txt
10
25
100 100
1	6	3.957283	70.563950	1.562307	96.837710	100.000000	1.438396	1.277677	96.837710	1.138930	70.563950	0.845874	83.210820	
2	4	18.548450	14.133260	8.564664	14.869880	0.963545	83.210820	6.516169	9.791658	
3	1	2.543384	26.610180	
4	1	35.097710	1.633462	
5	1	4.312951	78.354520	
6	1	10.147100	12.646870	
7	5	43.662370	81.967820	2.507508	70.563950	100.000000	1.723897	2.543384	43.953770	18.548450	4.349919	
8	3	35.097710	13.236420	1.712480	96.837710	5.440354	9.791658	
9	2	14.235500	78.354520	11.956520	3.835228	
10	1	21.280190	96.837710	
