path30.50.txt
20
50
100 100
1	2	64.292770	18.759130	57.230990	0.614771	
2	1	19.207670	5.926392	
3	1	26.174440	2.957995	
4	2	61.294730	1.623617	36.836140	1.569320	
5	2	23.659550	6.521250	45.890480	0.995932	
6	1	22.838640	1.499826	
7	2	35.707230	2.223270	36.206740	0.935285	
8	2	100.000000	11.361340	36.356560	0.931127	
9	6	36.996100	2.957995	46.339790	1.284859	57.230990	0.599405	10.006930	3.397777	21.131100	1.499826	7.419825	3.597745	
10	3	34.452550	5.926392	52.518280	1.423248	47.481720	1.423248	
11	1	24.784340	3.397777	
12	2	35.707230	1.114295	39.983900	0.931127	
13	2	25.791220	7.272979	18.846130	2.949427	
14	7	100.000000	8.233915	100.000000	7.892915	55.362660	7.272979	26.123670	11.823820	63.163860	0.768451	12.241500	3.597745	11.548510	3.397777	
15	4	38.705270	1.623617	45.890480	0.891221	40.133710	0.935285	18.746540	1.499826	
16	4	54.109520	1.887153	76.340450	0.831569	37.283720	1.499826	63.163860	0.800869	
17	4	100.000000	24.814740	9.583559	11.823820	42.769010	1.214175	13.169920	2.957995	
18	1	18.846130	4.323552	
19	1	16.045910	3.597745	
20	2	76.340450	0.865274	46.339790	1.243756	
