path48.200.txt
80
200
100 63
1	2	10.364600	0.983389	2.347409	3.797976	
2	4	10.144170	13.941170	17.365350	1.206064	1.760360	7.052289	1.402942	7.498766	
3	2	7.331557	9.896519	0.327410	25.874070	
4	3	18.845570	4.219483	4.839867	9.770845	6.813540	1.308358	
5	3	8.900072	11.189100	10.155320	8.478352	0.632389	31.126400	
6	5	15.958420	29.837530	20.474400	1.318104	3.303025	3.327615	2.722851	3.717629	2.213449	3.459074	
7	4	14.072700	8.214844	27.880250	3.295767	9.457973	6.831387	0.422037	18.699980	
8	6	6.936949	36.682310	8.073437	15.187160	62.560600	0.712808	7.329845	2.456662	3.938781	2.191560	4.058215	1.717421	
9	3	25.163710	2.569891	6.813540	4.901665	23.041220	0.997673	
10	4	12.913300	8.623400	1.508437	21.137390	2.259022	13.690630	1.249497	6.249259	
11	4	4.839867	5.416319	0.636287	40.674580	6.701017	2.016383	4.708156	2.510656	
12	1	2.967628	17.487110	
13	4	11.656810	5.807370	1.157571	38.624500	0.649373	25.039240	2.928830	2.397752	
14	1	27.169090	3.134069	
15	2	22.749620	11.826060	8.316681	3.797976	
16	1	12.123090	2.191560	
17	2	20.984100	11.189100	3.362857	2.978377	
18	2	24.514860	7.022387	42.334820	1.262775	
19	1	0.465583	40.674580	
20	3	27.157670	0.595279	1.943216	4.510470	3.303025	2.592183	
21	1	7.983588	14.844440	
22	3	26.411300	3.295767	4.592352	2.279816	1.074886	6.529197	
23	4	47.830390	0.654569	19.450880	0.566294	3.450683	2.978377	2.437073	3.717629	
24	4	3.754409	3.295767	2.043492	5.919799	23.041220	0.372749	0.503023	16.324550	
25	5	16.061870	2.226495	11.656810	2.689804	16.793070	0.983389	23.041220	0.584982	5.259403	1.788921	
26	4	1.831976	36.682310	12.913300	4.770296	2.259022	22.991680	2.757986	8.478352	
27	2	21.093320	8.785946	4.658296	4.067103	
28	2	2.928321	7.052289	0.441851	31.126400	
29	3	62.560600	2.670549	0.632468	16.157800	2.259708	3.459074	
30	3	2.376657	21.137390	6.701017	5.006004	18.845570	0.605903	
31	3	0.464558	40.674580	10.367650	1.512611	22.658720	0.481252	
32	5	20.887370	4.910564	14.734120	0.933034	10.254260	1.033764	6.813540	1.303634	3.238215	2.279816	
33	1	11.219060	0.726256	
34	2	0.570303	16.672590	1.407292	5.668610	
35	1	17.778000	0.546319	
36	1	53.102620	6.831387	
37	4	15.386010	40.674580	4.578571	10.027140	3.583237	2.456662	0.514302	14.660200	
38	3	12.133010	3.797976	7.691989	3.175977	4.058215	1.671180	
39	5	35.166020	10.412020	22.749620	1.603262	20.478960	0.460826	18.845570	0.462996	4.394610	1.824634	
40	2	57.665180	6.645475	6.813540	2.914334	
41	2	57.665180	0.660392	19.676100	0.481252	
42	3	14.191480	1.788921	4.635672	3.797976	1.407292	5.570776	
43	3	18.845570	0.569314	6.882074	1.403670	7.739683	0.890607	
44	1	23.041220	1.220573	
45	3	11.656810	10.901860	10.367650	2.223700	0.480391	40.674580	
46	1	0.503023	24.350030	
47	1	27.157670	0.342511	
48	2	6.031229	1.403670	0.264998	25.874070	
49	1	45.195240	1.206064	
50	1	3.388490	2.279816	
51	1	2.369956	38.624500	
52	3	14.730210	0.654569	0.782364	11.239390	0.296607	24.516780	
53	3	2.614954	40.674580	14.742730	2.510656	1.103757	6.249259	
54	2	8.365688	36.682310	3.005410	2.433982	
55	3	20.478960	0.572938	19.450880	0.563819	16.061870	0.492408	
56	2	11.219060	11.698030	2.124859	3.461915	
57	1	20.474400	3.175379	
58	1	11.485960	2.456662	
59	1	10.367650	4.840276	
60	2	1.771005	9.896519	0.552364	16.672590	
61	3	2.189656	15.346960	3.411559	3.717629	12.307500	0.546319	
62	3	22.561480	28.597360	4.514634	3.295767	10.367650	1.319931	
63	3	1.416868	31.126400	12.161450	0.890607	7.256535	0.890607	
64	1	10.096390	16.672590	
65	1	2.189656	14.088240	
66	3	9.139424	2.211698	27.157670	0.576816	1.074886	7.411973	
67	2	17.982910	10.027140	0.514302	16.466200	
68	6	17.171110	2.569891	20.887370	1.338695	11.656810	1.977184	1.467023	5.919799	18.845570	0.391563	11.656810	0.567438	
69	1	0.360074	29.837530	
70	1	0.422037	21.974600	
71	2	11.656810	0.871594	16.061870	0.519227	
72	1	3.773879	2.211698	
73	2	2.647573	3.717629	0.592408	12.750430	
74	1	1.525889	7.498766	
75	2	6.822066	5.429690	22.749620	1.415113	
76	3	1.943216	6.678626	3.005410	3.121929	2.340383	3.459074	
77	6	11.656810	7.022285	0.917466	17.487110	12.434970	0.933034	0.335861	24.516780	2.124859	3.590374	12.249310	0.546319	
78	1	4.394610	1.973342	
79	2	20.474400	1.755777	0.649373	13.585270	
80	4	57.665180	2.984061	0.731130	40.674580	0.377173	29.837530	14.072700	0.571102	
