path6.100.txt
40
100
100 82
1	4	12.795910	4.581823	10.224630	1.662814	5.049922	2.942881	22.252770	0.613516	
2	3	17.084970	47.910710	9.399408	1.733187	5.288710	2.286039	
3	2	0.705902	33.606630	11.183190	0.889860	
4	3	10.450450	20.315050	7.040861	2.966052	19.627920	0.671510	
5	2	5.302746	3.228538	23.228890	0.671510	
6	2	15.806300	3.121141	21.552580	1.343849	
7	5	8.756666	4.581823	34.367740	0.510708	0.467296	35.851090	10.929120	1.154789	4.481514	2.427979	
8	3	4.901139	47.910710	22.086910	0.613516	0.705902	14.304080	
9	4	10.450450	10.228680	16.269550	2.051218	0.459252	35.851090	3.654154	2.966052	
10	2	15.764920	30.836850	16.854770	1.206354	
11	2	10.560610	30.836850	3.446478	39.347570	
12	2	20.582600	10.616670	8.822197	1.189019	
13	4	11.116070	9.522262	7.748197	7.616519	4.125597	10.978550	1.197251	26.113460	
14	1	16.269550	1.227553	
15	1	3.871432	10.440690	
16	1	16.269550	0.976898	
17	2	2.122978	6.799518	1.872528	4.891353	
18	2	21.552580	40.979480	4.247423	47.910710	
19	1	2.691135	8.012494	
20	2	8.868370	2.031955	1.567931	10.978550	
21	2	54.239650	1.154789	21.552580	1.005553	
22	2	8.868370	12.355480	1.112541	10.978550	
23	3	13.913960	15.847420	8.868370	1.692027	4.779134	2.966052	
24	4	2.491234	30.836850	1.423362	47.910710	14.110910	3.301056	11.183190	0.843326	
25	2	16.269550	1.528793	1.454922	11.721920	
26	3	10.450450	17.366990	14.110910	1.212423	22.837400	0.592838	
27	4	22.786470	30.836850	7.591445	47.910710	1.590425	10.978550	11.116070	1.456285	
28	3	0.977187	81.108710	0.528374	35.851090	1.197251	13.234120	
29	1	8.868370	8.443936	
30	6	15.938870	39.347570	1.454922	18.611860	34.367740	0.602520	15.790840	1.206354	3.709140	4.891353	3.023282	2.966052	
31	5	2.599724	30.836850	13.913960	4.548739	22.775450	1.113228	1.454922	14.923840	4.921882	3.228538	
32	2	20.582600	21.794760	11.816530	1.154789	
33	2	4.011884	6.799518	21.502280	0.592838	
34	2	9.028016	47.910710	5.049922	3.856637	
35	1	43.184240	10.978550	
36	1	10.042530	10.440690	
37	2	8.868370	3.885473	42.856810	0.441717	
38	3	18.805760	10.978550	4.386857	2.427979	8.822197	1.097019	
39	1	56.177460	6.799518	
40	3	12.834400	7.616519	16.269550	1.015057	2.257299	6.799518	
