path11.50.txt
20
50
100 85
1	3	16.003700	22.069300	15.394130	5.814634	19.013420	3.186366	
2	2	62.863620	3.186366	4.499960	7.821349	
3	1	46.701600	17.545450	
4	1	84.662790	13.714990	
5	2	15.337210	13.714990	9.082817	1.639953	
6	4	36.016530	22.069300	80.478290	1.639953	5.428341	8.286102	45.424400	0.727694	
7	3	9.741571	22.572870	45.424400	0.551350	8.896327	1.678974	
8	2	59.079540	7.821349	1.906208	13.105170	
9	3	81.776330	1.588444	10.438890	1.639953	1.575196	9.150954	
10	6	47.979770	21.178820	45.424400	3.999827	4.060974	21.391270	45.424400	1.280584	3.680091	13.421920	1.292153	13.105170	
11	1	53.661350	22.572870	
12	2	4.974202	13.105170	23.498460	1.044442	
13	3	35.074730	17.545450	21.026370	7.821349	2.104896	9.150954	
14	1	8.896327	2.288800	
15	1	76.501530	1.044442	
16	2	5.611081	10.895000	47.979770	0.890486	
17	1	8.896327	2.591680	
18	4	27.305910	10.895000	32.916990	6.420993	2.245166	21.391270	32.916990	1.093618	
19	3	45.679270	6.559454	15.394130	2.006714	2.744221	8.286102	
20	5	81.776330	2.257372	32.916990	3.142461	3.744969	21.391270	18.122950	3.186366	32.916990	1.020798	
