path3.25.txt
10
25
100 100
1	2	92.179660	47.527430	14.302980	3.147152	
2	3	4.993147	47.826870	11.676300	6.916731	26.767130	2.832188	
3	5	4.993147	16.941500	53.583460	1.510728	62.262320	1.277867	4.993147	13.218850	15.380520	3.147152	
4	2	92.179660	10.275220	62.262320	2.016460	
5	1	32.578820	3.147152	
6	1	38.596200	1.510728	
7	2	100.000000	10.252150	2.827196	43.261610	
8	1	14.414630	6.916731	
9	4	35.495190	2.832188	2.827196	34.725620	11.646750	6.916731	62.262320	1.281122	
10	4	92.179660	18.673850	37.737680	2.438603	37.737680	2.405286	62.262320	1.205831	
