path23.25.txt
10
25
100 100
1	3	24.176270	12.200610	3.071139	29.366150	1.999041	28.334500	
2	5	45.781970	12.200610	78.500890	4.124200	6.502549	15.592530	3.607983	16.027450	1.694149	21.550740	
3	3	69.958240	16.133890	45.556580	7.355292	23.783020	7.355292	
4	1	3.623042	15.825870	
5	2	78.500890	1.121194	1.654860	29.366150	
6	1	2.049246	28.334500	
7	1	2.879507	15.825870	
8	4	69.339600	25.094750	78.500890	1.009041	2.972781	21.550740	4.666930	10.899310	
9	3	17.659480	60.784550	1.831434	31.418400	3.607983	13.338690	
10	2	100.000000	32.961020	21.499110	6.254434	
