path28.200.txt
80
200
100 95
1	2	10.469300	2.125466	2.433505	6.964736	
2	1	28.274280	1.098608	
3	1	41.815820	2.448061	
4	1	1.605518	13.535320	
5	2	28.274280	0.707570	1.874138	6.602762	
6	2	20.939310	0.841022	2.069535	8.078225	
7	1	38.853520	0.443106	
8	4	21.222340	4.129230	17.314530	1.371024	0.899707	21.579160	22.325170	0.829777	
9	3	9.352442	2.904253	7.358003	2.199084	2.624932	5.037989	
10	3	4.305347	5.702044	21.703660	0.854037	14.369520	1.168744	
11	6	22.188200	9.550835	34.813360	0.877770	1.376626	21.579160	1.871143	10.364650	4.435260	4.314269	20.799940	0.804481	
12	2	64.707650	17.773050	5.221966	3.176521	
13	3	46.661450	0.572026	4.130025	5.552979	1.871143	9.679543	
14	2	94.886260	3.468508	3.952322	6.570581	
15	3	46.287880	0.793199	16.144350	1.806178	46.661450	0.609131	
16	3	0.822442	78.420840	18.156880	1.223215	13.977520	1.520965	
17	5	16.554330	7.875553	0.875490	33.301490	21.189400	1.262447	20.686600	0.829777	1.807073	6.602762	
18	2	40.543770	0.556115	7.358003	2.325108	
19	2	64.351780	1.371024	7.388825	2.284943	
20	6	50.743610	1.477936	2.580294	12.244150	31.265190	0.920695	9.203805	2.552325	2.172750	10.731990	33.863580	0.509305	
21	2	4.130025	4.610669	7.388825	2.247611	
22	1	68.631260	9.173949	
23	1	26.919700	0.854037	
24	5	41.456320	1.367545	9.352442	2.797791	18.315890	1.354793	16.535380	1.240228	1.714543	11.325650	
25	2	28.307470	17.773050	10.470120	2.576926	
26	2	8.994502	2.686267	2.580294	7.933824	
27	3	26.793900	1.223215	2.595459	6.964736	33.863580	0.505320	
28	3	25.737690	1.824352	2.378029	11.161650	14.865640	1.354793	
29	3	24.767550	2.246611	4.876378	6.964736	13.977520	1.450757	
30	1	2.580294	6.944324	
31	1	8.994502	3.711971	
32	3	29.585110	3.672154	43.811710	0.744322	11.829780	1.966293	
33	1	8.601149	2.900123	
34	2	1.707873	15.383880	17.969300	1.037320	
35	3	7.639622	3.017082	9.203805	2.155458	10.470120	1.345710	
36	2	39.998490	0.849068	1.390193	13.535320	
37	2	13.219960	1.371024	13.478550	1.305349	
38	3	24.473250	9.550835	4.183675	6.319379	26.347610	0.704555	
39	3	94.886260	3.985104	35.639780	0.754604	9.091576	1.883354	
40	1	4.933008	5.452174	
41	2	9.612707	2.347976	1.993749	10.163650	
42	4	13.657790	1.719184	0.875490	23.302030	0.835514	19.972540	30.120230	0.391976	
43	2	27.674030	1.144236	20.656380	0.804481	
44	5	41.456320	2.535469	2.378029	10.417510	1.598587	15.172650	23.537840	0.877770	6.018167	3.017082	
45	2	1.714543	10.759850	5.298445	3.176521	
46	6	7.388825	3.511292	13.977520	1.594301	0.944889	21.579160	7.408998	2.347976	30.120230	0.457092	14.719680	0.793199	
47	3	40.567520	15.195400	9.560049	2.900123	7.358003	2.763082	
48	3	3.019456	8.043845	40.543770	0.494939	9.091576	1.952821	
49	3	70.118710	1.304587	6.518658	3.349679	0.981707	15.172650	
50	6	17.260500	9.173949	2.823784	21.579160	9.938805	3.349679	35.639780	0.600189	13.657790	1.556586	14.383750	1.168744	
51	3	17.541120	6.602762	94.886260	0.999373	10.405850	1.948436	
52	1	94.886260	1.784415	
53	3	41.456320	0.531715	10.263960	1.477936	0.864498	13.535320	
54	2	13.478550	1.838394	16.535380	1.207833	
55	1	10.405850	3.089552	
56	3	25.737690	1.613594	13.932570	1.806178	10.470120	1.209374	
57	3	47.825990	1.144236	21.553930	1.014624	43.011770	0.446994	
58	5	6.123774	6.443447	42.473710	0.704555	12.496650	1.845456	11.600990	1.966293	4.270797	4.602514	
59	1	20.197960	0.854037	
60	1	12.105180	2.125466	
61	1	38.853520	0.477589	
62	2	13.478550	4.238570	0.835514	21.631040	
63	1	13.977520	1.753356	
64	2	1.147811	15.195400	13.657790	1.232698	
65	1	8.994502	2.775711	
66	1	3.092446	6.570581	
67	1	43.011770	0.568685	
68	1	43.811710	0.667373	
69	1	2.580294	14.040390	
70	2	17.969300	1.088147	0.875490	21.817320	
71	1	43.822070	3.176521	
72	1	39.468740	1.014624	
73	2	1.632096	21.579160	25.737690	0.876323	
74	2	28.753270	0.676713	4.270797	4.223472	
75	5	2.177925	14.291890	20.266920	1.262447	2.978909	7.382313	24.767550	0.827739	2.860574	6.570581	
76	4	5.180079	6.213664	13.657790	2.156286	3.110543	8.078225	20.517010	0.841022	
77	4	32.007560	2.271135	41.456320	1.391675	2.096376	15.195400	3.357269	8.043845	
78	6	20.493540	3.836174	13.030780	2.837564	0.835514	36.817260	19.386250	1.144236	41.456320	0.485148	6.409065	2.347976	
79	3	6.013793	4.314269	10.624570	1.845456	4.933008	3.373811	
80	2	8.372264	10.731990	0.865751	22.085500	
