path37.25.txt
10
25
100 100
1	1	34.373080	12.297910	
2	4	32.326260	10.261580	97.175440	2.377961	51.850070	4.149912	15.584530	7.348053	
3	4	65.626920	37.111300	34.373080	4.815974	22.551970	4.149912	15.584530	3.506922	
4	5	100.000000	19.422680	65.213240	10.261580	97.175440	2.292833	7.126644	10.854970	52.516210	1.453277	
5	2	97.175440	8.131285	52.516210	0.829169	
6	1	44.659230	2.282446	
7	2	11.661910	10.854970	34.373080	1.398843	
8	1	63.424910	13.970010	
9	2	36.575090	13.970010	2.460508	10.261580	
10	3	34.373080	7.743598	22.773410	4.149912	2.824560	19.234440	
