path26.50.txt
20
50
100 67
1	4	29.616730	38.434880	66.532710	6.385449	66.532710	0.792080	9.149311	1.349869	
2	4	33.324580	0.874980	32.983160	0.748290	9.149311	1.707487	12.137380	1.106336	
3	3	24.662580	33.228070	15.131630	11.436710	37.056390	1.214315	
4	4	27.529940	33.228070	49.813920	14.533400	66.532710	5.186872	30.838780	0.392077	
5	2	12.066190	6.267793	30.838780	1.000528	
6	3	9.149311	2.422042	33.324580	0.442322	30.838780	0.411052	
7	4	66.532710	12.868410	30.838780	16.397960	66.532710	1.569472	14.408310	1.214315	
8	1	66.532710	1.056967	
9	1	10.559270	5.206806	
10	3	51.401090	11.436710	28.970590	2.585919	21.313460	1.106336	
11	1	66.532710	2.529374	
12	1	18.190740	33.228070	
13	2	28.970590	3.681874	33.549550	0.748290	
14	1	46.369150	5.206806	
15	1	22.743480	1.106336	
16	1	10.338390	1.106336	
17	2	41.036780	6.541115	33.208130	1.317302	
18	1	66.532710	0.820154	
19	8	26.280290	27.635000	2.628502	47.031730	9.149311	9.053999	7.684922	5.206806	19.310040	1.724489	5.769927	5.206806	15.068010	1.214315	30.838780	0.403832	
20	3	4.558494	27.635000	21.726740	1.724489	30.838780	0.791280	
