path40.200.txt
80
200
100 77
1	1	22.789300	2.354127	
2	1	8.953511	1.338845	
3	1	7.434261	0.977297	
4	1	2.302068	12.253360	
5	4	29.035650	10.122470	19.278640	7.606883	17.917210	0.483380	6.780548	1.200039	
6	1	25.220750	0.846577	
7	1	10.817020	1.081053	
8	1	22.806680	1.151555	
9	1	27.070900	0.502779	
10	3	16.288030	0.649571	8.635045	1.150969	1.456280	5.083046	
11	5	22.319570	5.083046	45.966000	1.178336	20.690190	1.987954	41.829160	0.720796	16.800070	0.776824	
12	1	8.709387	0.755910	
13	1	12.539000	1.178336	
14	3	20.273390	7.122973	11.840350	0.908475	3.743432	2.106942	
15	4	8.743693	11.044810	9.773432	6.549159	24.224710	2.039027	2.807502	4.109812	
16	5	11.529560	6.597417	35.508270	0.683669	9.121757	1.425723	12.757970	0.965486	17.917210	0.409372	
17	2	1.714634	8.452950	0.867126	14.983920	
18	5	17.917210	1.376700	11.549290	1.088415	19.275170	0.586692	4.593049	2.354127	2.011455	4.234400	
19	3	13.039040	1.150969	4.767335	2.171174	9.207821	0.755910	
20	2	2.549036	7.314215	13.084650	0.957713	
21	2	41.812150	1.233689	8.982693	0.760748	
22	3	28.158380	7.606883	76.224150	1.709799	16.478460	1.019631	
23	4	20.246940	8.934006	17.917210	0.865946	22.025830	0.538760	1.714634	6.530976	
24	5	10.147430	3.060309	11.235920	2.265099	2.807502	6.736055	27.821400	0.501984	2.807502	2.773111	
25	3	12.851160	11.044810	18.743190	1.015282	2.251736	4.798833	
26	2	6.883630	2.925550	17.917210	0.442388	
27	2	22.425820	11.044810	29.977310	6.049919	
28	5	2.530633	6.549159	9.337778	1.585198	12.090530	0.846577	7.542762	1.151555	2.011455	3.599180	
29	1	18.404980	8.682004	
30	2	13.210190	0.776824	12.988790	0.688700	
31	3	17.917210	0.816270	4.879921	1.713346	6.318283	1.055379	
32	2	7.253739	11.292730	5.459976	1.273074	
33	4	5.457038	12.253360	6.883630	3.623610	21.514900	1.150969	5.357049	1.273074	
34	6	17.116160	13.618980	76.224150	2.934941	1.897441	12.253360	14.458580	1.226128	1.026664	7.314215	6.490183	1.029868	
35	1	60.290470	3.004651	
36	1	18.778190	1.519126	
37	3	29.689970	1.987954	11.979260	1.178336	0.825791	14.983920	
38	2	63.706500	4.113002	19.461820	0.502779	
39	2	25.246270	0.957713	9.507414	1.203145	
40	3	6.641459	12.253360	41.829160	0.430759	8.579430	1.585198	
41	2	6.009742	36.169290	14.539970	2.269542	
42	1	1.229819	7.955192	
43	1	24.411870	17.470210	
44	2	18.531880	1.519126	11.536830	0.776824	
45	4	54.081240	1.019631	11.384570	4.304126	11.840350	1.262699	3.912843	2.197184	
46	2	3.975384	12.253360	17.245210	1.150969	
47	2	8.831919	7.314215	4.667966	2.106942	
48	3	4.411626	10.122470	7.926327	1.233689	6.780548	0.971135	
49	1	2.787072	36.169290	
50	2	17.523710	8.934006	22.189540	1.233689	
51	6	19.608800	17.470210	62.689930	1.519126	1.769108	13.618980	24.825120	0.737906	1.329884	13.618980	6.498608	1.029868	
52	2	63.706500	4.175076	11.686640	1.178336	
53	4	5.370873	12.576860	47.437010	1.084416	2.011455	7.150345	22.025830	0.312393	
54	3	6.451842	13.618980	9.689942	1.178336	23.251140	0.413002	
55	5	76.224150	3.140117	3.377239	3.246840	0.668383	13.618980	12.102510	0.627041	9.121757	0.825902	
56	2	14.538580	3.004651	1.229819	5.663785	
57	3	18.404980	3.894860	1.591304	8.028397	18.390630	0.627041	
58	1	31.262700	0.965486	
59	1	11.920200	0.776824	
60	2	2.244974	7.757463	10.125730	0.846577	
61	2	15.661650	1.088415	11.533360	0.649571	
62	1	10.125960	3.060309	
63	2	76.224150	7.887099	6.708088	4.610135	
64	1	14.458580	8.115856	
65	1	3.541945	1.987954	
66	3	11.122560	5.266130	8.899897	4.798833	11.122560	3.021947	
67	4	22.302050	1.987954	47.437010	0.584593	1.085694	6.549159	7.105708	0.977297	
68	1	6.708088	5.512334	
69	2	14.713320	1.396460	26.909110	0.666188	
70	1	17.583120	0.627041	
71	3	15.379560	6.597417	14.458580	4.276993	22.025830	0.541288	
72	1	14.713320	0.957667	
73	3	9.767754	1.203145	17.917210	0.549975	4.241835	1.713346	
74	2	22.025830	0.654626	8.934515	0.760748	
75	6	26.909110	24.349850	7.142778	14.983920	29.440300	1.019631	19.275170	0.594821	8.139149	1.178336	23.251140	0.324904	
76	4	9.789681	1.338845	1.591304	6.955528	12.407620	0.633771	22.025830	0.307059	
77	1	12.988790	0.546531	
78	5	7.793344	6.049919	12.407620	2.174483	11.493820	1.150969	6.318283	1.298748	3.520883	2.171174	
79	5	72.789060	1.088415	2.244974	5.861515	17.959010	0.683669	4.498555	2.197184	9.121757	0.833862	
80	1	8.201795	0.957713	
