path20.100.txt
40
100
100 100
1	1	10.110310	1.342291	
2	2	5.492856	27.399480	28.747590	0.354561	
3	2	61.499340	1.234493	15.682190	0.732319	
4	2	26.119180	19.356980	10.913600	1.045625	
5	1	61.499340	3.656842	
6	1	5.657537	19.497150	
7	2	29.473280	0.726223	8.613173	1.125362	
8	1	16.961860	19.497150	
9	1	9.446807	1.468311	
10	7	7.074394	8.580223	7.936254	4.416860	0.909970	19.497150	13.363950	1.125362	18.282210	0.552678	13.556430	0.674545	1.601008	5.703442	
11	2	1.468372	15.376730	11.424480	1.342291	
12	5	71.278990	9.711567	28.721010	2.991563	61.499340	0.812106	25.426730	1.125362	13.881150	0.634207	
13	2	86.622590	2.162281	100.000000	1.214721	
14	4	53.092410	8.950994	38.435310	8.394337	25.309320	3.321245	13.377410	2.264713	
15	2	25.941400	29.203940	16.287600	19.356980	
16	4	41.603900	1.084132	7.936254	5.445367	12.482570	1.084132	28.180570	0.421155	
17	2	16.392850	0.667746	8.527686	1.125362	
18	4	7.683910	13.710360	7.074394	3.426626	16.440250	1.084132	24.284340	0.552678	
19	1	3.423296	10.717670	
20	1	7.683910	1.626896	
21	4	7.074394	7.490304	10.254730	1.487725	28.721010	0.407492	7.530086	1.156074	
22	1	8.009189	1.125362	
23	3	28.180570	3.892545	4.660768	15.376730	7.530086	1.352527	
24	4	5.234243	19.497150	10.254730	3.209823	38.435310	0.594588	4.714283	2.395871	
25	2	2.779609	29.203940	8.604428	1.468311	
26	1	23.288450	3.321245	
27	3	13.881150	5.069235	3.423296	8.779480	29.473280	0.357910	
28	5	71.278990	11.321260	100.000000	4.351664	22.753120	0.732319	9.383075	1.468311	4.714283	1.764024	
29	1	45.156150	7.483534	
30	1	18.312320	1.342291	
31	2	45.156150	2.378693	9.485455	5.703442	
32	5	86.622590	1.142723	89.086400	1.045625	38.435310	0.883019	14.569430	0.849432	28.747590	0.319984	
33	6	17.099010	15.376730	13.533050	5.703442	3.008483	9.275105	16.621730	1.468311	5.847324	2.508601	28.180570	0.383848	
34	1	32.843690	16.151240	
35	4	4.500815	19.356980	43.760030	0.667746	42.566550	0.477181	42.566550	0.438452	
36	2	16.803200	19.497150	17.848860	0.674545	
37	1	23.865880	0.849432	
38	1	2.969627	4.159894	
39	5	20.219670	9.275105	22.681230	3.321245	23.228150	2.747648	36.059270	1.125362	53.092410	0.543756	
40	1	7.530576	19.497150	
