path3.500.txt
200
500
100 64
1	7	1.412658	8.905634	4.831112	2.099146	21.504830	0.361522	1.743234	4.387819	2.331101	3.120718	21.966520	0.312013	11.981060	0.508529	
2	3	15.361560	1.391297	12.061880	0.853307	2.364533	3.998454	
3	3	17.222100	0.681517	0.795512	10.275220	2.184076	2.688144	
4	3	15.380520	1.630606	2.783939	6.233617	5.278980	2.549199	
5	1	0.853286	13.082360	
6	2	3.361066	6.828491	2.075768	3.527363	
7	2	9.585175	8.392146	16.100450	0.790635	
8	3	8.978153	1.868312	1.597666	6.380394	5.778638	1.742528	
9	4	1.577903	11.945220	5.405591	2.016460	4.907609	2.016460	13.424550	0.545090	
10	2	5.278980	2.412106	3.626741	1.891731	
11	2	14.777800	0.729952	7.655394	1.331559	
12	3	2.946953	3.297240	1.577903	3.959884	4.170485	1.412727	
13	2	6.645076	13.082360	0.908108	35.725810	
14	3	23.799730	1.288417	3.708607	3.147152	9.336711	0.584739	
15	1	6.564995	1.281122	
16	2	7.566041	4.746171	2.458882	6.828491	
17	2	3.306294	6.233617	10.469420	0.440038	
18	3	12.501090	18.704190	2.864196	3.024275	1.038686	5.492248	
19	1	9.330377	2.614823	
20	3	23.221560	0.315266	24.240230	0.287174	7.850717	0.871835	
21	3	6.604647	1.339451	1.236395	6.034360	12.530230	0.436592	
22	1	13.587940	0.493567	
23	3	1.327466	7.628294	1.584257	5.629678	18.005180	0.425217	
24	2	0.944649	23.894260	2.801129	2.426141	
25	1	4.142170	6.853849	
26	2	19.395580	0.546953	7.900615	0.805860	
27	5	19.732500	1.222388	4.649227	3.721080	8.849130	1.204931	2.827196	3.341270	3.626741	1.850956	
28	3	7.766884	8.392146	2.827196	6.834399	0.549127	18.820520	
29	4	23.221560	2.938345	18.739270	1.066378	5.975339	2.298407	2.263431	2.405286	
30	6	1.019109	38.671090	1.019802	13.082360	0.647627	15.905100	1.644033	6.171051	3.065069	2.465831	1.858695	3.251592	
31	2	2.657992	10.401200	8.389488	0.842240	
32	2	2.348081	2.678433	3.306832	1.763736	
33	1	5.868113	3.288590	
34	1	5.529181	1.540759	
35	3	16.848320	0.774997	1.481866	6.916731	6.604647	1.398741	
36	4	4.142170	6.779387	8.106910	1.204224	12.005950	0.757500	1.448122	5.833664	
37	5	11.256170	4.272038	7.898472	2.853031	29.164310	0.304292	0.419374	18.820520	10.757470	0.474035	
38	1	3.065069	3.914563	
39	2	14.490910	8.856501	5.819947	1.776714	
40	1	23.413890	0.753511	
41	3	27.769830	0.692384	24.631600	0.375431	12.246750	0.515567	
42	2	8.730117	10.401200	1.385519	3.147152	
43	1	6.093689	1.883075	
44	6	4.693670	24.651980	1.584257	13.098700	2.827196	4.040586	11.179570	0.955431	1.759740	4.744292	0.995665	5.306343	
45	1	2.472932	3.623689	
46	1	27.825070	0.600355	
47	3	3.658820	16.545840	2.364533	6.276768	2.636513	1.863060	
48	3	3.801246	2.099146	1.119669	5.916935	1.260715	4.387819	
49	3	14.338980	1.281122	15.380520	0.585567	2.348081	2.669035	
50	6	7.900615	1.727484	1.236395	7.598876	3.185871	2.637707	2.814086	2.608202	11.928100	0.551542	6.825608	0.955431	
51	4	4.366224	4.018089	1.086190	5.492248	10.582930	0.527576	2.925568	1.655995	
52	2	2.080693	3.552534	21.567560	0.305632	
53	1	0.747989	13.553460	
54	5	10.404600	2.093354	32.044080	0.493567	16.733010	0.691943	0.416248	16.941500	2.829789	1.556674	
55	2	0.456298	41.603970	21.109420	0.553473	
56	2	5.327283	2.426141	1.381767	5.586600	
57	2	2.665425	2.578470	0.614512	9.050500	
58	3	23.413890	0.452319	1.162971	7.651435	4.601601	1.883075	
59	3	9.578663	0.893731	0.625006	11.676550	15.380520	0.444066	
60	4	7.900615	2.561401	0.768794	8.645246	5.809839	0.963613	7.145975	0.606537	
61	3	3.402653	16.183950	1.163690	8.297801	11.240500	0.508529	
62	2	11.256170	2.966478	8.266024	1.041022	
63	3	2.942292	19.179970	28.162320	1.270248	0.348401	19.179970	
64	3	3.591367	10.884190	3.926130	2.371221	1.697050	3.907993	
65	4	23.221560	4.287584	5.395403	3.836413	15.198630	0.638707	1.875062	2.979012	
66	1	3.591367	7.789658	
67	1	18.005180	0.503198	
68	5	4.993147	5.250344	2.868271	3.458138	2.946953	2.619695	5.835307	1.197036	1.201265	5.020058	
69	2	63.405780	5.916935	4.522903	1.204224	
70	4	24.252530	17.558040	5.534982	37.819160	2.665425	3.549316	9.284649	0.735634	
71	1	2.242383	38.140030	
72	1	6.719701	6.916731	
73	1	0.255346	18.673850	
74	5	2.133002	13.633240	8.362274	2.935342	14.341400	0.807851	12.005950	0.803495	0.627034	12.876290	
75	4	11.191980	0.891902	3.006679	3.247998	5.529621	1.515642	16.282890	0.356229	
76	2	0.580071	41.603970	6.673541	1.281122	
77	3	23.221560	0.314083	1.466537	4.587492	2.988186	1.883075	
78	3	0.869443	44.199550	18.929940	0.476601	14.086370	0.638707	
79	2	0.368127	19.179970	10.757470	0.648578	
80	2	5.500957	5.530930	18.739270	0.950082	
81	1	21.567560	0.333527	
82	4	2.357408	8.856501	14.832070	0.842240	2.864196	3.103512	2.430728	3.282257	
83	2	35.495190	0.355546	7.652871	0.907914	
84	2	7.298351	2.016460	1.324193	5.862518	
85	3	13.424550	0.965638	9.344900	0.789083	16.848320	0.342082	
86	5	19.973740	3.061721	5.280831	2.298407	0.825087	10.028610	0.389867	16.941500	0.933686	5.916935	
87	2	4.467371	2.546755	1.160245	6.817019	
88	1	45.632020	0.837991	
89	1	13.354430	0.825251	
90	1	10.732620	0.871835	
91	5	9.344900	0.896792	4.832301	1.445610	15.220630	0.440038	0.687901	8.439248	12.005950	0.431142	
92	3	9.344900	0.946260	5.529181	1.394583	9.555539	0.790943	
93	1	11.646750	0.674794	
94	2	7.900615	2.880544	16.100450	0.407992	
95	3	25.019420	0.786413	1.714101	9.441820	1.346159	5.809843	
96	1	7.031790	12.211440	
97	1	9.805147	0.440038	
98	4	21.077670	0.638707	10.582930	0.983153	3.921704	2.405286	5.809839	1.002975	
99	5	32.578820	1.383416	18.005180	0.554758	3.817788	2.405286	0.389168	18.673850	1.070941	6.401834	
100	2	0.448540	18.673850	11.646750	0.680211	
101	2	11.078600	0.692384	1.986053	3.282257	
102	1	3.074365	1.805796	
103	3	17.803490	1.281122	6.600443	1.763736	2.640573	2.567113	
104	1	2.932858	10.401200	
105	1	2.814086	3.225462	
106	2	19.732500	1.216215	9.050989	1.069174	
107	2	2.585383	6.411290	1.858695	2.416240	
108	3	10.107320	2.039455	11.646750	0.857186	2.080693	3.043120	
109	1	3.926130	3.462443	
110	1	16.848320	0.379935	
111	2	2.037776	21.660610	1.019109	5.528460	
112	2	1.785031	8.439248	6.148605	1.614511	
113	4	26.767130	2.832188	11.928100	0.959186	5.069728	2.164822	0.917723	7.651435	
114	1	18.269530	0.384233	
115	1	5.667687	14.954120	
116	1	3.159903	2.637707	
117	2	0.521888	23.894260	8.632359	1.428216	
118	7	10.636480	16.183950	4.121898	10.401200	1.983903	8.625973	2.809072	5.420374	0.601666	15.905100	20.759810	0.415443	13.354430	0.382486	
119	1	21.504830	0.327488	
120	1	2.255345	8.425907	
121	1	2.472932	4.878566	
122	3	14.341400	0.683018	0.888334	7.801283	2.829789	1.590478	
123	5	11.256170	0.864277	12.005950	0.704711	11.899650	0.638707	2.640573	2.780354	4.988654	1.394678	
124	3	1.327466	26.908610	24.240230	0.650709	0.995665	4.288646	
125	4	3.474733	6.916731	21.504830	0.795601	0.551737	13.718090	5.069728	1.331601	
126	2	44.791870	0.825215	9.578663	1.001071	
127	1	1.577558	6.817019	
128	2	1.037574	8.645246	0.450141	16.183950	
129	4	6.373275	13.633240	7.652871	1.513110	5.278980	1.986623	11.530460	0.639159	
130	1	14.685540	0.787146	
131	1	6.604647	1.542882	
132	3	13.796830	1.510728	1.591357	12.211440	11.374810	0.695250	
133	2	1.794310	6.338398	1.866154	2.979012	
134	2	2.868271	2.707641	14.777800	0.506978	
135	5	3.539423	18.704190	9.344900	0.864288	9.203531	0.837824	0.299478	24.651980	5.075171	1.445610	
136	4	3.194416	6.233617	10.757470	1.812729	14.944140	0.874106	7.652871	0.906848	
137	2	1.093400	10.028610	13.962520	0.475728	
138	2	12.986670	13.082360	9.330377	1.672044	
139	1	9.724183	1.281122	
140	4	1.390324	5.833664	0.625006	12.651630	2.208584	3.147152	1.201265	5.008547	
141	2	1.158756	6.380394	0.869560	8.326795	
142	4	25.724960	1.510728	30.106330	0.350553	0.353736	18.673850	0.352444	18.673850	
143	1	28.018970	5.916935	
144	3	16.252910	0.786413	1.466537	7.244055	11.646750	0.605463	
145	4	2.635232	34.536900	1.663506	8.297801	0.472449	16.183950	7.391352	0.891902	
146	5	21.504830	16.462630	0.374874	21.660610	14.944140	0.517192	8.300426	0.930844	9.336711	0.619484	
147	5	41.272340	1.192480	3.846082	9.925706	2.738566	13.633240	2.228553	2.546755	12.246750	0.460287	
148	2	4.649227	2.166323	4.088212	1.763736	
149	3	0.454868	16.073350	1.645278	4.387819	13.354430	0.404623	
150	4	9.253447	2.546755	6.093446	1.490868	5.778638	1.546061	5.044826	1.236930	
151	1	4.366224	2.362305	
152	1	1.714101	7.499683	
153	1	0.875308	5.916935	
154	2	0.536718	17.558040	0.821892	10.275220	
155	2	1.328451	18.673850	8.266024	0.971266	
156	4	9.907472	0.959677	0.869560	10.347060	18.269530	0.406710	2.913941	2.546755	
157	1	1.697050	3.893290	
158	1	16.848320	0.344380	
159	3	21.532680	0.475728	8.513062	0.975854	5.739350	1.331559	
160	1	0.496437	18.728380	
161	1	7.024597	0.606537	
162	5	1.384880	13.718090	0.454868	25.530620	21.815560	0.507772	11.905890	0.837824	8.921675	0.930844	
163	1	2.909739	1.655995	
164	1	1.073961	6.338398	
165	3	11.646750	0.810488	1.588505	5.916935	3.074240	1.805796	
166	1	3.713356	2.445177	
167	3	1.372995	19.871380	0.747989	10.774710	0.738828	8.905634	
168	5	2.290443	35.725810	3.713356	7.956023	7.157140	1.281122	16.100450	0.501535	7.900615	1.003322	
169	1	0.412658	16.183950	
170	2	8.623147	2.212970	5.667687	1.229828	
171	2	17.272020	0.537322	5.809839	1.361285	
172	3	6.604647	1.801739	2.242383	3.463933	8.978153	0.536974	
173	1	2.352142	1.863060	
174	4	0.462766	16.183950	9.284649	0.759215	1.111127	5.916935	0.614512	9.623351	
175	4	21.298600	3.061721	21.966520	0.500223	3.741216	1.765281	4.808971	1.236930	
176	3	1.313384	8.645246	18.223170	0.537322	2.080693	2.750341	
177	3	13.692400	2.039455	5.395403	1.470526	15.380520	0.486912	
178	1	2.719033	3.742687	
179	4	5.529621	2.425218	24.240230	0.393676	17.576100	0.436592	0.242713	18.673850	
180	1	2.184076	2.732230	
181	1	8.266024	1.408020	
182	2	5.484295	9.925706	3.025652	3.527363	
183	1	7.800607	10.697890	
184	2	4.439913	4.746171	7.727476	1.490868	
185	3	3.243917	8.905634	3.877543	2.426141	14.170570	0.462637	
186	2	2.827196	2.904141	21.504830	0.313880	
187	5	2.124876	7.011930	1.666861	6.401834	11.374810	0.815478	1.568780	5.586600	3.944977	2.016460	
188	1	12.005950	0.406063	
189	1	12.061880	0.846854	
190	2	0.370811	18.673850	1.958568	3.282257	
191	3	3.668583	1.883075	1.858695	3.557697	11.596830	0.507772	
192	1	7.900615	5.233962	
193	1	1.481037	5.809843	
194	5	7.952336	37.819160	29.164310	0.334868	1.936618	4.986099	0.863030	9.594989	6.604647	0.944412	
195	5	15.435270	18.704190	8.623147	3.133626	3.597968	3.247998	1.503003	5.862518	17.129510	0.356229	
196	2	38.848430	0.513447	2.947879	3.120718	
197	3	1.785616	12.876290	2.255345	4.792946	16.099620	0.546953	
198	1	8.849130	1.200355	
199	5	16.733010	0.639615	0.966644	8.625973	5.347479	1.510728	16.565250	0.476601	4.170485	1.734425	
200	2	3.733620	2.595590	1.183162	6.171051	
