path4.100.txt
40
100
100 100
1	2	15.442040	25.905550	6.352188	3.514416	
2	1	84.829650	10.992710	
3	1	2.291478	12.001680	
4	5	90.232860	2.630592	30.204970	1.286591	1.010543	21.661690	0.935225	21.661690	16.222130	1.096349	
5	3	48.484550	4.248100	6.086305	8.659718	25.683520	1.540967	
6	2	6.565405	43.509230	12.388810	1.578938	
7	3	1.582422	15.832580	7.356105	2.599428	13.952160	1.286591	
8	2	84.829650	4.360635	7.714117	2.429995	
9	2	2.114002	21.661690	15.747120	1.644476	
10	3	9.233670	29.034390	33.618650	0.886165	9.495418	2.410484	
11	2	43.483110	1.286591	2.566703	11.076170	
12	2	32.735850	20.521830	16.236230	1.096349	
13	1	3.938166	19.893000	
14	3	10.102910	17.159840	22.801030	0.840549	4.630472	3.514416	
15	7	42.398250	8.659718	5.964880	7.941258	2.336392	19.991500	0.794034	43.509230	9.767138	2.630592	14.865900	1.274874	15.022810	1.096349	
16	1	40.497070	0.484307	
17	3	49.469150	2.410484	2.313590	25.905550	29.808070	0.551876	
18	1	11.223070	21.274930	
19	2	3.821976	7.941258	2.566703	6.140677	
20	3	22.394270	0.866676	29.808070	0.575131	7.714117	1.766631	
21	1	22.801030	0.700417	
22	1	0.829367	25.905550	
23	3	9.228553	21.661690	60.429940	0.939816	25.193450	0.911408	
24	1	2.336392	18.558640	
25	1	4.764465	3.514416	
26	4	48.484550	5.142226	10.761240	18.860010	6.821058	4.630614	25.193450	0.865184	
27	6	100.000000	4.072656	9.338425	21.661690	48.484550	2.771749	10.694260	2.410484	12.359760	1.286591	12.021760	1.096349	
28	2	9.233670	14.474850	20.372660	4.196626	
29	4	15.477740	19.893000	15.747120	2.205426	0.709055	15.832580	12.388810	0.831546	
30	2	9.446326	8.355457	25.193450	2.974184	
31	4	11.901410	1.597198	9.629046	1.939517	4.545304	2.599428	2.566703	4.444848	
32	4	21.974610	18.860010	25.193450	4.279446	39.632690	0.866676	29.808070	0.801706	
33	2	0.741498	43.509230	0.500977	43.509230	
34	2	4.402014	4.630614	33.618650	0.388709	
35	2	5.067440	17.159840	24.399710	0.939816	
36	2	15.747120	4.499285	25.193450	0.953714	
37	3	21.898730	38.550140	9.629046	6.001741	17.303720	0.612041	
38	1	22.802680	0.866676	
39	3	24.235120	4.959089	8.496363	4.196626	9.446326	3.508145	
40	3	32.735850	4.127392	17.952370	2.410484	23.193350	0.612041	
