path21.200.txt
80
200
100 72
1	2	8.572806	1.406427	13.221050	0.528447	
2	3	13.212820	3.814034	48.629630	0.487719	5.362972	1.773168	
3	2	13.221050	0.798391	1.546592	4.617228	
4	3	14.549590	1.212031	2.264241	4.057827	1.338676	6.734634	
5	5	10.939900	11.319010	28.629790	1.025850	0.479469	25.925230	1.951356	4.057827	9.728093	0.747661	
6	2	21.294760	1.019967	0.717475	21.903090	
7	2	10.115960	1.686306	0.677926	10.689470	
8	1	35.398690	1.055187	
9	2	10.910740	10.529690	2.580084	15.518750	
10	1	7.766891	1.773168	
11	1	13.914320	31.013480	
12	5	31.939620	0.768516	16.213830	1.210803	16.683670	0.846932	35.051730	0.393210	9.130397	0.947829	
13	2	13.293430	0.642934	0.677926	11.213620	
14	8	26.137060	26.615880	9.479025	6.734634	35.187190	1.410291	26.613660	1.210803	4.158679	7.071167	28.629790	0.867389	18.000960	1.109743	10.226010	1.831269	
15	3	6.665273	2.652069	16.502200	0.954672	3.441218	2.217218	
16	2	6.685163	5.342580	35.051730	0.406925	
17	2	20.750730	15.518750	36.098510	1.163747	
18	7	10.612380	7.371431	13.506110	1.976586	3.874809	5.642482	19.596310	0.954672	1.731444	9.771471	3.224055	2.217218	16.261360	0.431298	
19	2	10.939900	7.190587	7.774950	1.831269	
20	4	16.275710	9.188110	35.678410	0.574916	0.454946	43.661640	1.598648	10.871850	
21	1	48.629630	9.775454	
22	1	13.293430	1.097213	
23	4	6.665273	3.950415	8.572806	2.561835	10.217340	1.927783	2.198836	4.300848	
24	3	70.329690	1.727343	2.629088	3.015929	9.130397	0.819538	
25	3	29.322830	0.914400	2.470235	9.781866	2.967256	4.300848	
26	1	6.720963	2.400040	
27	3	33.321810	0.984279	6.492313	4.937321	8.123955	1.019967	
28	1	15.851510	1.216273	
29	1	2.629088	2.861320	
30	2	4.939032	3.668422	18.713030	0.781825	
31	3	3.259230	43.661640	6.492313	10.581430	7.888472	0.919640	
32	3	2.681979	26.448280	10.217340	2.479382	9.199265	1.619117	
33	3	45.856930	1.334018	45.856930	0.658167	7.574273	2.586688	
34	1	45.856930	0.518852	
35	2	24.401000	4.761875	18.713030	0.734935	
36	5	40.356120	0.747661	4.046760	6.942286	2.918391	5.342580	10.698720	1.410291	6.730548	1.269975	
37	2	7.574273	2.538656	5.796697	1.210803	
38	3	13.995890	1.210803	5.843459	2.709918	0.712592	16.627950	
39	2	14.549590	11.729500	7.819039	1.269975	
40	1	34.356090	2.766372	
41	1	10.910740	2.044786	
42	1	8.308561	2.040619	
43	3	1.353498	47.962480	7.228610	6.734634	15.483610	1.410291	
44	1	61.359450	3.477122	
45	2	7.129072	2.511038	17.896850	0.392619	
46	5	0.712592	31.334530	0.489174	43.661640	0.893719	21.903090	4.391244	1.907499	12.951220	0.574916	
47	4	8.918623	6.734634	12.432760	2.040619	5.843459	4.024716	18.166380	0.853663	
48	3	12.527620	3.132207	0.483272	43.661640	33.321810	0.342559	
49	3	10.506770	1.410291	7.888472	1.120979	18.201660	0.392619	
50	2	7.551523	1.972730	0.916401	9.771471	
51	2	2.974429	9.636436	30.333170	0.800136	
52	5	10.217340	8.167315	2.100816	10.871850	3.793549	3.814034	3.891415	2.400040	5.143938	1.767367	
53	3	4.391244	1.906534	9.740327	0.818982	7.080365	1.019967	
54	1	26.137060	22.907210	
55	1	9.848495	0.853663	
56	3	2.468797	9.781866	1.592203	9.771471	9.347089	0.818982	
57	3	22.980380	2.766372	2.280859	6.734634	8.750134	1.210803	
58	2	6.848022	40.659790	2.172260	9.771471	
59	4	2.974429	8.873165	20.452250	0.890969	3.246934	3.132207	8.484206	0.853663	
60	5	50.084220	1.170760	14.500360	1.619117	2.567791	7.071167	2.461377	4.057827	0.895668	9.771471	
61	2	4.939032	8.452803	0.346121	21.903090	
62	1	3.874809	5.229369	
63	1	8.299991	1.972730	
64	2	7.517730	1.767367	0.479469	17.736410	
65	1	48.763660	3.968262	
66	4	16.142060	34.004330	2.345546	9.188110	13.226590	1.516760	18.088100	0.818982	
67	1	13.681070	34.004330	
68	4	71.370210	1.162454	1.495699	49.523080	36.499080	0.603327	1.969302	7.071167	
69	1	11.867610	26.448280	
70	2	18.323120	1.200865	15.255950	0.846932	
71	3	26.090620	0.890969	4.046760	5.632194	18.621250	0.815894	
72	1	17.220030	0.914400	
73	2	50.084220	1.825532	5.742967	3.132207	
74	3	51.755890	5.342580	48.629630	0.681204	16.261360	0.769567	
75	3	70.329690	2.889885	8.285957	1.976586	5.491389	1.773168	
76	4	28.209380	0.818982	13.230950	1.055187	15.851510	0.868824	2.629088	3.894222	
77	2	21.397610	1.802355	1.872517	4.057827	
78	2	21.291050	1.740147	11.281640	1.686306	
79	2	36.499080	0.464055	2.219710	7.071167	
80	1	18.621250	0.797306	
