Solution value: 13.0
Elapsed time: 1.995862068 secs 
---------------------------------
ID x                 y                
---------------------------------
1R -2.8047404215306946 4.0600000000000005
2 -2.4799999999999995 -1.4299999999999997
3 -1.1750000000000003 2.835
4 3.0949999999999998 -1.6750000000000005
5 -0.9345908157009317 -4.4799999999999995
6 1.365 -2.9450000000000003
7 -4.814999999999999 0.26500000000000057
8R -2.78 -2.9499999999999993
9 0.0 0.0
10 -2.2 0.7200000000000003
12 4.195 0.729999999999999
13R 0.25525957846930547 4.574999999999999
14 1.9349999999999998 1.0999999999999996
---------------------------------
