Solution value: 137.4149
Elapsed time: 1.080768216 secs 
---------------------------------
ID x                 y                
---------------------------------
1 3.3514200573526445 -5.035
2 5.256420057352644 3.1549999999999994
3 3.2014200573526446 -3.2350000000000003
4 -5.278579942647355 -2.7500000000000004
5 1.8714200573526434 5.914999999999999
6 -3.9885799426473563 4.13
7 -1.6985799426473538 -5.805
8 4.871420057352644 -3.12
9 -1.5235799426473564 2.7199999999999998
10 -5.088579942647355 2.2149999999999994
21 -5.288579942647355 -0.34500000000000064
22 1.131420057352644 0.29000000000000004
23 -1.2185799426473563 4.8
24 -2.298579942647355 -3.625
25 2.6414200573526436 3.7849999999999993
27 1.1164200573526453 -3.9350000000000014
28 -2.0135799426473557 0.06500000000000017
30 4.706420057352644 0.0
---------------------------------
