Solution value: 66.69470000000001
Elapsed time: 3.898147693 secs 
---------------------------------
ID x                 y                
---------------------------------
1 -2.5686958282467875 3.0165825538055335
2 -2.4336958282467873 0.02658255380553387
4 -2.798695828246787 -2.6984174461944663
5 -3.0086958282467875 -1.4734174461944662
6 -3.9586958282467872 -0.01841744619446606
7 -3.178695828246787 1.6065825538055336
8 2.721304171753213 2.4800000000000004
10 2.451304171753213 -2.3949999999999996
13 0.09699897540956837 -3.9549999999999996
21R -0.06369582824678732 3.150000000000001
23 2.951304171753213 0.0
27 -0.36369582824678703 -0.7350000000000001
---------------------------------
