Solution value: 94.77060000000002
Elapsed time: 0.515055963 secs 
---------------------------------
ID x                 y                
---------------------------------
1 -2.953603565087781 4.482294774138538
2 -1.7786035650877814 4.497294774138537
3 4.3813964349122205 -2.9165913273250363
4 -5.503603565087782 0.2564012156539264
5 4.451396434912219 2.253408672674964
6 4.601396434912219 -1.4865913273250362
7 -2.1086035650877815 -4.352705225861463
8 4.896396434912219 0.4584086726749641
11 -3.0136035650877813 2.072294774138537
12 -3.0186035650877816 -1.5927052258614631
19 1.286396434912219 -2.487608881686691
20 1.2963964349122188 2.462391118313309
---------------------------------
