Solution value: 13.0
Elapsed time: 1.080170019 secs 
---------------------------------
ID x                 y                
---------------------------------
1 3.456566827075397 2.6750000000000003
2 3.5615668270753975 -2.69
3 2.271566827075397 2.7
4 2.3165668270753974 -2.745
5 2.3415668270753978 -4.07
6 2.4915668270753972 4.130000000000001
7 -2.738433172924603 -3.38292420002967
8 -3.8434331729246027 2.3220757999703325
9 -0.07343317292460316 -4.197924200029666
10 -3.803433172924603 -0.6079242000296676
11 -0.1634331729246029 -0.6279242000296675
13 3.7615668270753972 0.0
15 -0.5284331729246028 3.3970757999703323
---------------------------------
