820
100
0 5 4
1 3 6
2 3 5
3 3 3
4 4 28
5 3 5
6 4 75
7 3 6
8 3 13
9 3 3
10 5 5
11 15 23
12 3 4
13 5 5
14 8 6
15 3 3
16 49 3
17 3 3
18 3 3
19 3 3
20 3 4
21 3 5
22 22 5
23 18 24
24 3 5
25 5 34
26 4 4
27 5 3
28 5 4
29 4 5
30 4 6
31 9 3
32 5 5
33 3 5
34 3 3
35 3 3
36 5 5
37 3 5
38 9 23
39 4 5
40 3 5
41 3 3
42 3 3
43 3 4
44 3 4
45 3 4
46 3 7
47 5 7
48 5 5
49 5 3
50 3 3
51 19 12
52 3 4
53 3 5
54 12 31
55 4 11
56 3 3
57 3 3
58 3 16
59 4 3
60 3 3
61 3 5
62 31 3
63 9 3
64 4 10
65 3 4
66 3 5
67 5 18
68 3 3
69 4 3
70 15 8
71 3 12
72 3 4
73 3 5
74 12 3
75 3 3
76 4 3
77 3 4
78 4 3
79 36 33
80 4 11
81 5 3
82 3 5
83 3 4
84 3 3
85 3 5
86 3 9
87 3 4
88 3 7
89 3 21
90 3 3
91 33 18
92 3 3
93 3 12
94 3 12
95 16 8
96 9 8
97 4 4
98 3 4
99 3 4
100 3 3
101 3 4
102 3 3
103 3 6
104 7 33
105 3 28
106 5 3
107 3 7
108 3 3
109 5 5
110 36 27
111 3 4
112 5 5
113 3 3
114 4 4
115 3 10
116 5 3
117 3 3
118 3 8
119 3 5
120 5 3
121 3 14
122 5 3
123 4 3
124 3 6
125 3 3
126 5 51
127 4 26
128 4 5
129 31 5
130 5 4
131 4 5
132 3 3
133 5 3
134 3 35
135 4 3
136 5 4
137 3 3
138 5 5
139 5 11
140 3 12
141 28 5
142 3 4
143 4 10
144 5 3
145 4 4
146 3 18
147 4 4
148 3 3
149 4 5
150 5 8
151 3 4
152 3 5
153 3 5
154 3 3
155 3 3
156 22 10
157 3 3
158 3 3
159 40 10
160 12 5
161 5 3
162 3 6
163 3 10
164 4 6
165 3 5
166 3 10
167 9 18
168 3 3
169 5 3
170 3 3
171 9 34
172 20 4
173 5 3
174 5 3
175 5 3
176 3 4
177 5 20
178 3 4
179 3 3
180 4 5
181 3 4
182 4 16
183 4 4
184 3 3
185 3 26
186 3 3
187 3 3
188 3 3
189 3 5
190 3 4
191 6 98
192 3 5
193 5 3
194 3 5
195 4 3
196 3 3
197 3 10
198 3 3
199 3 3
200 5 3
201 17 3
202 4 3
203 5 16
204 4 4
205 3 4
206 4 5
207 9 5
208 3 5
209 5 7
210 3 3
211 3 36
212 3 7
213 3 4
214 3 3
215 3 3
216 3 7
217 5 9
218 7 6
219 4 5
220 3 3
221 3 4
222 3 3
223 3 3
224 5 5
225 3 7
226 4 3
227 5 4
228 3 3
229 3 3
230 18 3
231 3 4
232 5 3
233 54 13
234 3 3
235 3 21
236 3 4
237 8 4
238 5 4
239 10 27
240 5 3
241 10 10
242 12 19
243 3 3
244 12 4
245 3 4
246 3 21
247 3 21
248 3 7
249 14 3
250 3 17
251 4 3
252 5 4
253 3 68
254 3 23
255 10 17
256 5 3
257 3 4
258 3 3
259 3 4
260 3 8
261 7 15
262 3 3
263 3 3
264 3 3
265 3 3
266 3 3
267 5 3
268 5 5
269 5 4
270 5 13
271 3 9
272 3 4
273 3 5
274 3 5
275 3 4
276 3 44
277 3 3
278 5 23
279 3 51
280 5 4
281 3 3
282 3 5
283 3 3
284 18 5
285 5 20
286 43 11
287 8 98
288 4 4
289 3 3
290 3 3
291 3 5
292 3 5
293 6 5
294 3 3
295 6 7
296 3 4
297 3 3
298 4 3
299 3 4
300 3 3
301 3 3
302 31 61
303 3 33
304 3 3
305 3 3
306 4 3
307 4 10
308 4 3
309 3 4
310 3 3
311 7 20
312 4 8
313 3 3
314 3 3
315 21 3
316 4 6
317 4 3
318 3 3
319 3 8
320 5 4
321 5 6
322 4 3
323 3 3
324 9 5
325 3 5
326 4 5
327 4 3
328 5 3
329 5 3
330 3 4
331 4 5
332 3 5
333 4 10
334 3 11
335 4 13
336 4 3
337 5 5
338 3 4
339 3 4
340 3 7
341 9 3
342 3 7
343 3 4
344 12 33
345 3 4
346 3 12
347 3 7
348 4 3
349 5 11
350 10 125
351 6 35
352 3 5
353 5 3
354 3 3
355 7 4
356 3 4
357 4 3
358 3 5
359 3 5
360 3 3
361 4 3
362 3 3
363 11 3
364 3 29
365 5 4
366 4 5
367 3 4
368 4 4
369 3 3
370 3 3
371 3 3
372 3 3
373 3 3
374 5 6
375 3 6
376 3 5
377 3 4
378 3 3
379 3 3
380 3 5
381 5 3
382 5 94
383 3 4
384 5 5
385 14 27
386 5 10
387 4 3
388 4 7
389 3 4
390 6 8
391 4 3
392 5 4
393 3 3
394 3 3
395 3 5
396 12 3
397 4 14
398 4 3
399 24 4
400 7 3
401 3 4
402 3 3
403 8 7
404 3 3
405 18 25
406 4 4
407 3 6
408 5 3
409 11 3
410 3 3
411 3 3
412 8 58
413 4 3
414 3 3
415 4 3
416 5 4
417 3 3
418 3 5
419 4 24
420 14 5
421 3 4
422 5 18
423 5 6
424 5 3
425 4 4
426 3 13
427 5 3
428 5 4
429 10 25
430 4 5
431 30 4
432 3 4
433 3 3
434 3 3
435 3 3
436 4 5
437 11 49
438 5 5
439 3 3
440 3 4
441 3 4
442 3 3
443 4 4
444 3 4
445 3 3
446 3 3
447 17 3
448 3 5
449 3 3
450 4 5
451 3 5
452 5 4
453 5 4
454 3 10
455 4 5
456 3 3
457 4 5
458 4 5
459 4 3
460 3 4
461 5 3
462 4 3
463 5 5
464 3 4
465 4 5
466 3 3
467 18 25
468 4 7
469 15 4
470 3 3
471 3 6
472 7 3
473 3 5
474 54 19
475 3 3
476 3 4
477 3 3
478 3 25
479 5 8
480 18 9
481 5 3
482 3 3
483 3 5
484 8 3
485 4 3
486 34 12
487 4 16
488 12 3
489 3 3
490 6 16
491 4 5
492 4 9
493 5 5
494 3 4
495 5 10
496 3 4
497 3 5
498 6 12
499 3 3
500 8 6
501 11 4
502 10 3
503 4 7
504 12 6
505 11 6
506 12 8
507 3 6
508 4 3
509 3 8
510 9 1
511 1 3
512 8 6
513 11 3
514 11 1
515 9 8
516 9 1
517 11 5
518 1 7
519 7 8
520 10 3
521 2 8
522 8 3
523 7 3
524 8 4
525 2 7
526 12 7
527 1 2
528 3 8
529 1 1
530 12 7
531 3 4
532 8 4
533 11 5
534 5 6
535 8 8
536 4 1
537 10 3
538 12 7
539 12 3
540 10 7
541 5 4
542 3 2
543 7 7
544 11 8
545 10 5
546 4 7
547 5 4
548 2 3
549 3 3
550 8 3
551 11 4
552 8 1
553 8 7
554 6 5
555 8 5
556 4 8
557 8 8
558 7 2
559 6 2
560 9 2
561 7 6
562 1 5
563 5 2
564 11 4
565 11 3
566 3 1
567 9 2
568 11 7
569 10 4
570 5 4
571 11 2
572 7 3
573 12 6
574 11 5
575 2 6
576 10 4
577 10 4
578 1 3
579 2 4
580 8 6
581 11 4
582 10 3
583 4 7
584 12 6
585 11 6
586 12 8
587 3 6
588 4 3
589 3 8
590 9 1
591 1 3
592 8 6
593 11 3
594 11 1
595 9 8
596 9 1
597 11 5
598 1 7
599 7 8
600 10 3
601 2 8
602 8 3
603 7 3
604 8 4
605 2 7
606 12 7
607 1 2
608 3 8
609 1 1
610 12 7
611 3 4
612 8 4
613 11 5
614 5 6
615 8 8
616 4 1
617 10 3
618 12 7
619 12 3
620 10 7
621 5 4
622 3 2
623 7 7
624 11 8
625 10 5
626 4 7
627 5 4
628 2 3
629 3 3
630 8 3
631 11 4
632 8 1
633 8 7
634 6 5
635 8 5
636 4 8
637 8 8
638 7 2
639 6 2
640 9 2
641 7 6
642 1 5
643 5 2
644 11 4
645 11 3
646 3 1
647 9 2
648 11 7
649 10 4
650 5 4
651 11 2
652 7 3
653 12 6
654 11 5
655 2 6
656 10 4
657 10 4
658 1 3
659 2 4
660 8 6
661 11 4
662 10 3
663 4 7
664 12 6
665 11 6
666 12 8
667 3 6
668 4 3
669 3 8
670 9 1
671 1 3
672 8 6
673 11 3
674 11 1
675 9 8
676 9 1
677 11 5
678 1 7
679 7 8
680 10 3
681 2 8
682 8 3
683 7 3
684 8 4
685 2 7
686 12 7
687 1 2
688 3 8
689 1 1
690 12 7
691 3 4
692 8 4
693 11 5
694 5 6
695 8 8
696 4 1
697 10 3
698 12 7
699 12 3
700 10 7
701 5 4
702 3 2
703 7 7
704 11 8
705 10 5
706 4 7
707 5 4
708 2 3
709 3 3
710 8 3
711 11 4
712 8 1
713 8 7
714 6 5
715 8 5
716 4 8
717 8 8
718 7 2
719 6 2
720 9 2
721 7 6
722 1 5
723 5 2
724 11 4
725 11 3
726 3 1
727 9 2
728 11 7
729 10 4
730 5 4
731 11 2
732 7 3
733 12 6
734 11 5
735 2 6
736 10 4
737 10 4
738 1 3
739 2 4
740 8 6
741 11 4
742 10 3
743 4 7
744 12 6
745 11 6
746 12 8
747 3 6
748 4 3
749 3 8
750 9 1
751 1 3
752 8 6
753 11 3
754 11 1
755 9 8
756 9 1
757 11 5
758 1 7
759 7 8
760 10 3
761 2 8
762 8 3
763 7 3
764 8 4
765 2 7
766 12 7
767 1 2
768 3 8
769 1 1
770 12 7
771 3 4
772 8 4
773 11 5
774 5 6
775 8 8
776 4 1
777 10 3
778 12 7
779 12 3
780 10 7
781 5 4
782 3 2
783 7 7
784 11 8
785 10 5
786 4 7
787 5 4
788 2 3
789 3 3
790 8 3
791 11 4
792 8 1
793 8 7
794 6 5
795 8 5
796 4 8
797 8 8
798 7 2
799 6 2
800 9 2
801 7 6
802 1 5
803 5 2
804 11 4
805 11 3
806 3 1
807 9 2
808 11 7
809 10 4
810 5 4
811 11 2
812 7 3
813 12 6
814 11 5
815 2 6
816 10 4
817 10 4
818 1 3
819 2 4
