1000 1000
50
4
1
391 223 51444 1
195 204 21481 1
167 223 22717 1
90 355 15656 1
198 160 14890 1
185 141 13825 1
158 164 9328 1
95 257 14405 1
215 112 12281 1
282 80 11506 1
127 175 11335 1
154 142 11809 1
282 77 8686 1
232 92 5763 1
215 92 12461 1
138 142 11562 1
122 160 6442 1
256 72 5161 1
104 175 11102 1
142 127 8115 1
128 139 9964 1
112 160 9139 1
99 179 4785 1
84 204 10624 1
256 65 8819 1
256 65 6989 1
85 190 6137 1
104 155 10317 1
169 93 6915 1
81 190 6926 1
166 93 4168 1
98 157 6308 1
95 160 6992 1
128 118 7854 1
232 64 5494 1
115 127 9055 1
177 82 7838 1
177 82 6531 1
157 91 9144 1
85 165 6031 1
86 160 8256 1
86 159 5743 1
185 73 5942 1
95 142 6745 1
86 155 7198 1
99 135 6014 1
65 204 3448 1
81 165 7618 1
157 84 5143 1
81 155 4645 1
