1000 1000
1000
3
1
219 114 1
173 118 1
173 114 1
392 41 1
123 93 1
70 89 1
46 132 1
121 50 1
83 64 1
87 55 1
86 54 1
22 200 1
38 111 1
38 107 1
59 66 1
185 18 1
90 37 1
18 184 1
83 37 1
46 66 1
38 78 1
9 318 1
67 40 1
22 118 1
34 71 1
223 10 1
400 6 1
9 239 1
17 127 1
7 318 1
209 10 1
37 55 1
61 32 1
121 16 1
31 56 1
8 201 1
100 17 1
5 362 1
115 14 1
38 42 1
12 132 1
226 7 1
15 102 1
166 9 1
321 5 1
41 36 1
65 23 1
236 6 1
11 132 1
215 7 1
8 184 1
39 36 1
23 58 1
51 26 1
23 58 1
14 92 1
27 48 1
43 30 1
30 42 1
56 22 1
154 8 1
28 44 1
108 11 1
193 6 1
10 127 1
161 8 1
23 52 1
123 10 1
50 24 1
157 8 1
153 8 1
30 40 1
26 46 1
9 128 1
174 7 1
164 7 1
34 36 1
230 5 1
6 207 1
159 8 1
5 256 1
52 23 1
85 14 1
71 17 1
19 61 1
37 32 1
12 95 1
19 61 1
12 97 1
8 141 1
98 12 1
31 38 1
6 208 1
211 6 1
12 96 1
33 35 1
6 210 1
48 24 1
21 57 1
156 7 1
31 38 1
19 61 1
54 22 1
75 16 1
28 41 1
33 35 1
147 8 1
7 177 1
90 13 1
84 14 1
31 37 1
6 208 1
143 8 1
90 13 1
33 35 1
130 9 1
7 175 1
84 14 1
112 10 1
69 17 1
17 69 1
89 13 1
161 7 1
125 9 1
38 30 1
10 118 1
207 6 1
71 16 1
4 276 1
70 16 1
108 11 1
99 12 1
6 202 1
37 31 1
17 69 1
26 45 1
6 187 1
10 118 1
20 56 1
136 8 1
236 5 1
9 126 1
230 5 1
74 15 1
42 27 1
236 5 1
74 15 1
25 46 1
25 46 1
24 48 1
17 66 1
14 79 1
17 66 1
184 6 1
80 14 1
70 16 1
94 12 1
198 6 1
5 206 1
12 95 1
166 7 1
71 16 1
15 74 1
5 246 1
5 215 1
132 8 1
55 20 1
9 118 1
10 109 1
13 86 1
108 10 1
15 75 1
8 141 1
156 7 1
51 21 1
136 8 1
231 5 1
70 15 1
146 7 1
69 16 1
61 18 1
230 5 1
28 39 1
43 25 1
74 14 1
16 66 1
69 16 1
63 17 1
31 34 1
41 26 1
35 30 1
53 20 1
33 32 1
105 10 1
5 218 1
230 5 1
301 3 1
102 10 1
132 8 1
61 17 1
104 10 1
5 191 1
6 187 1
84 12 1
246 4 1
90 12 1
33 31 1
155 7 1
88 12 1
9 111 1
151 7 1
152 7 1
6 177 1
37 28 1
51 20 1
84 12 1
94 11 1
55 19 1
45 23 1
43 24 1
53 19 1
74 14 1
59 17 1
26 40 1
32 32 1
24 42 1
137 7 1
123 8 1
27 38 1
157 7 1
132 8 1
86 12 1
24 43 1
101 10 1
9 109 1
48 21 1
111 9 1
33 30 1
28 36 1
31 32 1
196 5 1
24 41 1
14 70 1
9 115 1
20 50 1
184 5 1
60 17 1
101 10 1
49 21 1
33 30 1
4 225 1
25 41 1
24 42 1
44 23 1
25 40 1
61 16 1
103 10 1
134 7 1
10 99 1
268 4 1
41 24 1
108 9 1
69 14 1
43 23 1
83 12 1
46 22 1
33 29 1
60 16 1
195 5 1
6 175 1
31 32 1
15 65 1
46 21 1
89 11 1
153 6 1
120 8 1
50 19 1
28 35 1
43 23 1
17 58 1
35 28 1
71 14 1
239 4 1
96 10 1
32 30 1
4 218 1
39 25 1
106 9 1
43 22 1
60 16 1
13 76 1
172 6 1
136 7 1
208 5 1
84 11 1
236 4 1
17 57 1
174 6 1
3 290 1
27 36 1
214 4 1
32 30 1
214 4 1
176 5 1
28 35 1
44 22 1
3 301 1
89 11 1
235 4 1
52 18 1
15 66 1
101 9 1
8 127 1
95 10 1
102 9 1
154 6 1
84 11 1
24 40 1
200 5 1
6 169 1
66 14 1
25 38 1
191 5 1
275 3 1
67 14 1
12 79 1
28 34 1
45 21 1
48 19 1
203 5 1
21 45 1
89 11 1
7 140 1
9 104 1
29 33 1
68 14 1
99 9 1
74 13 1
23 41 1
55 17 1
61 15 1
34 28 1
6 164 1
79 12 1
50 19 1
35 27 1
5 170 1
109 9 1
87 11 1
57 16 1
88 11 1
140 7 1
52 18 1
44 21 1
16 58 1
6 162 1
236 4 1
13 74 1
48 19 1
19 48 1
42 22 1
29 32 1
210 4 1
101 9 1
167 6 1
22 43 1
57 16 1
164 6 1
7 141 1
80 12 1
48 19 1
155 6 1
5 178 1
35 26 1
80 11 1
57 16 1
17 55 1
26 36 1
34 27 1
37 25 1
73 12 1
24 39 1
148 6 1
90 10 1
8 116 1
34 27 1
4 249 1
120 8 1
6 160 1
191 5 1
153 6 1
34 27 1
9 101 1
207 4 1
54 17 1
203 4 1
272 3 1
111 8 1
14 63 1
43 21 1
205 4 1
74 12 1
68 13 1
272 3 1
48 19 1
8 107 1
140 6 1
205 4 1
21 43 1
54 17 1
33 27 1
57 16 1
18 49 1
92 10 1
189 5 1
20 45 1
31 29 1
104 9 1
211 4 1
6 155 1
78 11 1
27 33 1
50 18 1
100 9 1
7 127 1
16 57 1
106 8 1
6 141 1
32 27 1
24 37 1
9 94 1
205 4 1
39 23 1
86 10 1
48 18 1
7 130 1
262 3 1
206 4 1
162 5 1
245 4 1
125 7 1
192 4 1
181 5 1
38 23 1
38 23 1
112 8 1
54 16 1
5 165 1
41 21 1
38 23 1
17 50 1
22 40 1
123 7 1
11 78 1
51 17 1
6 141 1
42 20 1
109 8 1
22 39 1
28 30 1
47 18 1
33 25 1
52 16 1
15 56 1
101 8 1
21 40 1
15 57 1
11 74 1
47 18 1
148 6 1
11 74 1
99 8 1
31 27 1
5 184 1
19 44 1
164 5 1
8 98 1
22 38 1
11 78 1
51 16 1
22 37 1
106 8 1
3 246 1
157 5 1
34 24 1
19 44 1
147 6 1
4 206 1
14 56 1
27 30 1
128 6 1
28 28 1
88 9 1
33 24 1
23 34 1
18 44 1
143 6 1
23 34 1
90 9 1
35 23 1
103 8 1
25 32 1
13 60 1
78 10 1
8 104 1
196 4 1
56 14 1
38 21 1
38 21 1
5 152 1
25 31 1
90 9 1
99 8 1
49 16 1
68 12 1
54 15 1
71 11 1
15 52 1
26 30 1
32 24 1
174 4 1
43 18 1
115 7 1
164 5 1
7 114 1
134 6 1
22 36 1
18 44 1
9 82 1
5 167 1
8 98 1
275 3 1
191 4 1
170 5 1
78 10 1
179 4 1
15 53 1
105 7 1
32 24 1
19 42 1
5 167 1
41 19 1
17 46 1
57 13 1
15 53 1
3 262 1
153 5 1
28 28 1
13 58 1
134 6 1
51 15 1
28 28 1
236 3 1
170 4 1
136 6 1
21 36 1
10 79 1
15 52 1
76 10 1
19 39 1
76 10 1
210 4 1
5 165 1
25 30 1
175 4 1
36 21 1
268 3 1
210 4 1
126 6 1
164 5 1
6 125 1
79 9 1
64 12 1
89 8 1
236 3 1
89 8 1
13 56 1
21 35 1
29 25 1
126 6 1
228 3 1
46 16 1
105 7 1
9 78 1
23 32 1
36 21 1
90 8 1
42 18 1
61 12 1
87 8 1
95 8 1
155 5 1
164 4 1
79 9 1
160 5 1
5 151 1
136 5 1
46 16 1
172 4 1
20 37 1
42 17 1
4 207 1
43 17 1
78 9 1
157 5 1
87 8 1
24 30 1
77 9 1
33 22 1
3 208 1
117 6 1
115 6 1
262 3 1
127 6 1
94 8 1
62 12 1
100 7 1
55 13 1
7 110 1
6 127 1
8 86 1
9 79 1
262 3 1
38 19 1
26 27 1
17 43 1
22 32 1
4 162 1
174 4 1
46 16 1
121 6 1
97 7 1
8 95 1
4 169 1
45 16 1
202 4 1
33 21 1
36 20 1
16 46 1
13 55 1
6 116 1
102 7 1
24 30 1
86 8 1
3 213 1
50 14 1
12 60 1
10 70 1
6 127 1
70 10 1
164 4 1
44 16 1
28 25 1
125 6 1
174 4 1
26 27 1
175 4 1
74 9 1
44 16 1
32 22 1
43 16 1
4 162 1
41 17 1
9 74 1
5 142 1
5 127 1
8 93 1
11 63 1
117 6 1
170 4 1
44 16 1
50 14 1
157 4 1
47 15 1
49 14 1
37 19 1
112 6 1
5 145 1
90 8 1
25 28 1
7 94 1
136 5 1
21 32 1
4 167 1
33 21 1
3 249 1
24 29 1
157 4 1
57 12 1
23 30 1
136 5 1
179 4 1
52 13 1
7 98 1
167 4 1
7 93 1
42 16 1
153 4 1
157 4 1
17 41 1
9 72 1
23 30 1
9 79 1
18 37 1
208 3 1
72 10 1
44 15 1
40 17 1
107 6 1
15 46 1
42 16 1
22 32 1
84 8 1
208 3 1
13 52 1
210 3 1
32 21 1
72 9 1
16 41 1
39 17 1
9 79 1
48 14 1
165 4 1
23 29 1
23 29 1
40 17 1
4 155 1
9 79 1
90 7 1
90 7 1
22 30 1
5 142 1
8 79 1
12 55 1
101 7 1
120 6 1
164 4 1
3 213 1
26 26 1
148 4 1
30 22 1
17 40 1
9 78 1
124 5 1
39 17 1
15 44 1
18 37 1
28 24 1
100 7 1
9 78 1
162 4 1
84 8 1
47 14 1
46 14 1
86 8 1
100 7 1
167 4 1
9 71 1
8 86 1
26 26 1
157 4 1
7 98 1
162 4 1
85 8 1
103 6 1
167 4 1
29 23 1
38 17 1
16 40 1
11 63 1
9 74 1
17 38 1
50 13 1
15 43 1
162 4 1
13 52 1
4 162 1
33 20 1
153 4 1
162 4 1
4 165 1
87 7 1
22 29 1
98 7 1
174 4 1
8 77 1
140 5 1
87 7 1
5 132 1
21 32 1
205 3 1
74 9 1
153 4 1
34 19 1
147 4 1
93 7 1
90 7 1
70 9 1
81 8 1
143 5 1
9 76 1
6 116 1
245 3 1
61 11 1
108 6 1
9 74 1
69 9 1
147 4 1
157 4 1
31 21 1
40 16 1
12 55 1
73 9 1
19 34 1
67 10 1
137 5 1
228 3 1
12 52 1
9 69 1
76 8 1
31 21 1
51 13 1
14 46 1
9 68 1
97 7 1
23 28 1
87 7 1
9 69 1
27 24 1
34 19 1
114 6 1
101 6 1
46 14 1
16 40 1
19 35 1
31 21 1
25 25 1
179 4 1
33 19 1
4 167 1
232 3 1
84 8 1
9 69 1
26 25 1
101 6 1
156 4 1
38 17 1
3 224 1
7 98 1
8 83 1
157 4 1
5 130 1
5 125 1
8 83 1
232 3 1
34 19 1
164 4 1
155 4 1
6 112 1
13 48 1
9 67 1
191 3 1
136 5 1
18 35 1
55 12 1
165 4 1
8 78 1
165 4 1
51 12 1
34 19 1
15 44 1
75 8 1
6 112 1
4 155 1
41 15 1
39 16 1
5 139 1
26 24 1
9 74 1
9 66 1
100 6 1
5 139 1
130 5 1
15 42 1
7 93 1
13 47 1
56 11 1
15 42 1
16 39 1
130 5 1
34 18 1
22 29 1
4 142 1
28 22 1
91 7 1
52 12 1
3 210 1
33 19 1
4 150 1
34 18 1
8 79 1
18 34 1
210 3 1
85 7 1
8 77 1
57 11 1
89 7 1
11 55 1
50 12 1
87 7 1
21 30 1
202 3 1
5 134 1
49 13 1
4 177 1
56 11 1
28 22 1
132 5 1
23 27 1
52 12 1
25 25 1
108 6 1
51 12 1
30 21 1
11 55 1
4 145 1
57 11 1
122 5 1
73 8 1
174 4 1
157 4 1
36 17 1
30 20 1
3 224 1
21 29 1
4 169 1
15 41 1
3 210 1
17 36 1
34 18 1
8 79 1
18 35 1
51 12 1
124 5 1
61 10 1
65 10 1
38 16 1
6 109 1
5 126 1
108 6 1
8 79 1
92 7 1
8 80 1
39 15 1
13 46 1
81 8 1
30 20 1
8 72 1
81 8 1
108 6 1
13 46 1
5 114 1
4 142 1
39 16 1
51 12 1
86 7 1
16 37 1
29 21 1
38 15 1
179 3 1
39 14 1
24 22 1
133 4 1
13 38 1
129 4 1
13 38 1
29 17 1
39 12 1
99 5 1
13 34 1
77 6 1
99 5 1
76 6 1
13 34 1
61 7 1
24 18 1
29 14 1
142 3 1
52 7 1
13 27 1
101 3 1
13 25 1
13 25 1
13 25 1
101 3 1
4 74 1
89 3 1
28 10 1
38 7 1
142 2 1
