1000 1000
500
4
1
627 75 27745 1
627 56 18960 1
627 49 18741 1
390 44 8408 1
627 18 5304 1
175 63 5843 1
237 44 3754 1
144 63 5352 1
210 36 3856 1
24 143 1750 1
69 47 1654 1
40 76 1642 1
32 95 1216 1
261 12 846 1
256 12 1935 1
108 28 1784 1
425 7 982 1
13 230 837 1
6 480 1757 1
14 212 1336 1
201 15 1688 1
23 130 1525 1
123 24 797 1
24 124 1845 1
60 48 1526 1
108 27 1225 1
6 515 1174 1
62 46 1825 1
256 11 1239 1
311 9 1260 1
414 7 782 1
161 17 1122 1
24 116 1281 1
30 93 1451 1
39 71 1025 1
300 9 1674 1
9 291 1414 1
319 9 1292 1
366 7 1640 1
27 100 1161 1
421 6 1516 1
73 37 1134 1
9 289 1144 1
7 371 1298 1
182 15 1474 1
127 21 1200 1
55 49 701 1
45 60 1539 1
166 16 1036 1
374 7 969 1
319 8 1327 1
306 9 1405 1
22 118 1376 1
22 118 986 1
8 330 1584 1
59 45 903 1
179 15 1316 1
10 273 1420 1
33 79 1121 1
58 44 1429 1
53 49 1558 1
43 58 1347 1
52 49 815 1
99 26 1570 1
33 76 752 1
51 49 1150 1
52 48 1572 1
15 161 869 1
35 70 1348 1
5 459 1377 1
24 100 816 1
64 38 1167 1
26 92 1316 1
134 18 1447 1
22 107 1318 1
23 104 1411 1
24 99 1307 1
16 146 1191 1
132 18 1521 1
13 187 972 1
13 186 1378 1
9 257 1133 1
268 9 1544 1
22 110 1549 1
131 18 590 1
49 48 1294 1
216 11 1426 1
74 32 1279 1
157 15 1295 1
20 119 1166 1
5 480 1488 1
158 15 1327 1
19 124 1084 1
13 184 670 1
20 118 1227 1
40 58 1392 1
5 480 1176 1
29 79 1420 1
53 43 1253 1
219 10 1183 1
108 21 975 1
24 93 1339 1
8 268 1286 1
138 16 552 1
59 38 1345 1
22 102 1212 1
10 215 1118 1
42 53 1024 1
148 15 1132 1
25 90 1260 1
308 7 1358 1
5 459 1446 1
11 207 729 1
234 9 1011 1
296 7 1098 1
41 53 1108 1
22 99 1198 1
58 37 1137 1
59 37 1353 1
119 18 536 1
18 121 915 1
48 45 1166 1
10 215 903 1
421 5 989 1
135 16 1188 1
129 17 1228 1
62 35 1085 1
26 83 1101 1
58 37 880 1
47 45 1206 1
16 130 1040 1
15 143 922 1
144 15 886 1
57 37 1139 1
67 32 622 1
45 48 907 1
296 7 912 1
13 161 1046 1
9 230 787 1
19 110 606 1
23 93 684 1
143 15 879 1
34 61 1078 1
17 121 1316 1
216 10 540 1
99 21 1081 1
26 79 883 1
18 118 913 1
27 76 595 1
12 170 816 1
220 9 1049 1
9 230 1014 1
208 10 1123 1
27 76 841 1
16 125 1140 1
319 6 785 1
52 39 568 1
231 9 956 1
12 164 1141 1
127 16 833 1
27 76 903 1
121 17 905 1
253 8 789 1
8 243 1050 1
22 90 733 1
90 22 871 1
41 49 1145 1
20 102 592 1
25 80 1240 1
272 7 1104 1
250 8 1180 1
20 102 1183 1
89 22 1116 1
123 16 590 1
319 6 632 1
24 83 518 1
405 5 891 1
40 49 804 1
223 9 642 1
17 119 991 1
23 83 1031 1
245 8 1235 1
8 257 987 1
99 20 911 1
319 6 689 1
186 10 614 1
319 6 976 1
99 19 997 1
32 60 1094 1
123 16 1141 1
7 257 1151 1
48 40 1037 1
268 7 900 1
44 43 870 1
99 19 1147 1
28 66 702 1
49 38 987 1
269 7 942 1
79 24 1194 1
131 14 990 1
16 113 560 1
18 102 881 1
179 10 555 1
81 23 1025 1
69 27 745 1
14 132 1146 1
124 15 1004 1
235 8 1015 1
17 107 455 1
24 76 1003 1
5 371 1132 1
67 27 1122 1
123 15 1125 1
199 9 931 1
159 11 595 1
159 11 857 1
267 7 953 1
53 34 541 1
267 7 972 1
157 12 1206 1
27 67 760 1
22 83 1132 1
49 37 1106 1
77 23 832 1
35 51 857 1
7 268 788 1
98 18 882 1
216 8 708 1
99 18 748 1
319 6 900 1
99 18 1016 1
31 57 1025 1
18 99 891 1
131 14 477 1
9 189 936 1
14 131 715 1
53 33 927 1
10 186 874 1
50 35 840 1
37 48 444 1
20 86 740 1
99 18 1016 1
31 57 477 1
76 23 961 1
13 137 748 1
79 22 852 1
71 24 699 1
15 118 974 1
7 234 934 1
16 106 729 1
7 230 692 1
59 29 958 1
31 55 597 1
59 29 479 1
102 17 434 1
133 13 813 1
16 104 616 1
35 48 991 1
6 257 601 1
49 34 783 1
31 52 484 1
7 224 674 1
184 9 662 1
45 36 859 1
58 28 406 1
19 87 446 1
97 17 907 1
30 54 875 1
71 23 882 1
92 17 438 1
47 34 943 1
14 114 670 1
9 185 783 1
179 9 709 1
7 230 998 1
27 58 799 1
30 53 556 1
67 24 595 1
15 102 704 1
15 107 690 1
197 8 772 1
267 6 577 1
58 27 626 1
201 8 917 1
27 58 893 1
161 10 773 1
31 50 682 1
30 53 652 1
187 8 928 1
108 14 665 1
15 107 819 1
9 172 882 1
187 8 718 1
12 128 799 1
131 12 676 1
7 221 882 1
27 57 539 1
16 96 906 1
12 128 860 1
130 12 562 1
7 221 665 1
19 83 552 1
58 27 673 1
356 4 655 1
58 26 633 1
30 51 933 1
12 131 723 1
99 16 855 1
20 75 690 1
356 4 655 1
102 15 887 1
52 30 702 1
27 57 877 1
28 54 968 1
18 83 762 1
179 9 854 1
40 38 730 1
15 102 979 1
15 102 750 1
108 14 665 1
27 55 401 1
69 22 972 1
87 17 385 1
158 10 727 1
7 233 620 1
25 61 930 1
7 215 647 1
31 47 889 1
6 237 796 1
172 9 944 1
7 226 791 1
14 102 357 1
71 20 398 1
103 14 389 1
11 122 738 1
109 13 907 1
12 120 864 1
7 199 696 1
28 48 806 1
52 26 690 1
147 9 714 1
169 8 690 1
5 272 639 1
95 14 665 1
161 8 605 1
27 47 508 1
10 125 400 1
26 48 612 1
11 108 345 1
26 48 337 1
39 32 512 1
28 43 771 1
339 4 529 1
64 19 778 1
5 221 530 1
38 32 316 1
272 4 337 1
25 48 720 1
22 53 746 1
20 57 650 1
5 257 347 1
6 185 699 1
12 100 636 1
30 39 515 1
339 3 254 1
17 69 727 1
5 221 431 1
206 6 309 1
19 61 464 1
33 35 693 1
50 22 341 1
71 15 650 1
181 6 576 1
6 173 436 1
35 31 553 1
13 83 658 1
48 22 285 1
172 6 289 1
15 71 469 1
8 125 590 1
24 43 413 1
33 32 507 1
27 38 441 1
57 18 585 1
17 60 571 1
20 51 347 1
12 83 319 1
18 56 272 1
5 208 572 1
11 91 641 1
6 173 384 1
33 31 317 1
48 21 474 1
7 137 527 1
102 10 428 1
68 14 238 1
133 7 512 1
52 18 599 1
20 48 442 1
10 96 403 1
52 18 243 1
161 6 464 1
30 32 470 1
8 112 564 1
9 102 450 1
11 87 364 1
81 12 457 1
267 3 280 1
80 12 576 1
99 9 330 1
7 131 257 1
7 131 587 1
5 191 420 1
24 37 364 1
17 55 552 1
111 8 559 1
7 130 419 1
20 45 333 1
10 90 576 1
52 17 451 1
98 9 476 1
76 12 347 1
163 5 244 1
21 43 470 1
272 3 522 1
4 252 363 1
206 4 445 1
9 102 468 1
178 5 543 1
3 252 212 1
38 23 542 1
110 8 378 1
55 16 449 1
10 87 374 1
102 9 248 1
76 11 359 1
21 42 556 1
55 16 378 1
40 22 458 1
8 112 403 1
38 23 498 1
5 191 353 1
105 8 496 1
57 15 393 1
51 17 277 1
22 39 386 1
156 5 460 1
124 7 512 1
18 47 372 1
3 252 386 1
93 9 368 1
147 6 512 1
107 8 402 1
212 4 237 1
94 9 431 1
12 70 496 1
6 134 410 1
7 115 322 1
64 13 466 1
212 4 237 1
138 6 455 1
17 48 351 1
105 8 437 1
58 14 406 1
8 98 368 1
23 36 356 1
27 30 251 1
26 30 390 1
59 13 437 1
27 26 442 1
161 4 328 1
141 5 226 1
15 47 437 1
8 91 291 1
30 23 228 1
40 16 250 1
90 7 290 1
3 185 322 1
20 32 198 1
3 221 332 1
11 57 314 1
6 96 144 1
58 10 249 1
161 4 167 1
3 185 272 1
6 92 309 1
12 48 323 1
3 185 189 1
78 7 240 1
3 172 273 1
16 32 292 1
63 8 282 1
6 80 206 1
61 8 307 1
4 109 257 1
23 22 283 1
15 32 192 1
3 185 355 1
15 32 211 1
4 106 178 1
