1000	1002
1000
628 52
345 53
312 56
208 81
181 91
212 56
254 47
324 36
871 13
269 42
744 15
109 81
665 13
76 92
327 21
195 35
97 68
47 125
142 42
529 11
122 46
324 17
574 9
64 81
215 23
90 54
86 56
111 42
87 52
100 42
64 65
64 64
109 36
66 60
328 12
72 52
181 20
89 42
228 16
164 21
228 15
75 45
289 12
73 46
228 15
121 27
268 12
278 12
480 7
143 23
41 68
297 9
106 24
39 65
228 11
392 6
345 7
45 53
113 21
175 13
342 7
152 15
156 14
119 19
399 6
181 12
177 11
36 56
342 6
101 19
9 217
26 72
72 25
34 54
66 27
127 14
191 9
250 7
72 25
323 5
118 15
79 22
114 15
86 19
29 54
52 29
28 54
197 8
50 30
53 28
110 14
188 8
164 9
37 40
31 48
74 20
65 22
49 29
261 5
58 24
18 78
14 99
181 8
172 8
9 144
247 5
259 5
218 6
89 15
32 42
28 46
250 5
51 26
30 43
119 11
17 78
13 97
56 23
152 8
58 22
13 95
195 7
18 68
198 6
114 11
142 9
61 21
121 10
17 72
15 83
115 11
10 117
57 21
48 25
175 7
29 41
133 9
58 20
12 99
21 54
9 122
22 53
98 12
47 24
20 56
21 53
69 16
25 45
28 40
49 22
250 4
114 10
100 11
78 14
59 18
20 54
114 9
18 57
148 7
142 7
126 8
84 12
152 7
253 4
38 27
72 14
141 7
40 26
12 88
40 26
58 17
49 21
268 4
135 7
119 8
71 14
19 52
26 38
55 18
7 143
86 12
146 7
151 7
39 26
134 7
34 29
63 16
189 5
121 8
49 20
10 95
26 37
159 6
20 48
23 42
191 5
10 99
74 13
10 93
38 25
14 66
14 65
52 18
188 5
111 8
19 50
31 30
22 41
125 7
121 8
16 57
133 7
156 6
181 5
16 58
142 6
63 14
146 6
211 4
47 19
150 6
19 47
125 7
27 33
121 7
82 11
170 5
6 160
30 29
48 18
155 6
81 11
180 5
44 20
10 83
21 40
65 13
98 9
8 106
109 8
33 26
157 5
133 6
24 36
143 6
10 83
125 7
64 13
11 78
28 30
75 11
75 11
37 22
20 40
47 18
141 6
30 27
75 11
60 13
109 7
145 6
61 13
5 160
31 26
95 8
250 3
109 7
17 48
16 50
28 28
24 33
19 41
121 6
12 65
144 5
83 9
101 8
181 4
109 7
64 12
188 4
9 84
13 57
151 5
107 7
16 48
47 16
26 29
26 29
188 4
37 20
181 4
10 74
75 10
15 50
33 23
211 4
10 72
47 16
67 11
51 14
98 7
188 4
61 12
85 8
11 64
66 11
257 3
24 30
106 7
72 10
31 23
257 3
68 10
10 72
31 23
120 6
14 50
7 95
62 11
30 23
20 36
24 29
7 102
23 30
66 11
203 3
158 4
6 117
94 7
67 10
51 13
101 7
23 30
33 20
19 35
26 26
42 16
158 4
30 22
18 36
16 41
10 64
98 7
46 14
100 7
21 31
21 32
54 12
22 29
102 6
28 23
46 14
20 32
70 9
16 41
16 41
9 72
84 8
40 16
16 40
16 41
53 12
91 7
34 19
14 48
22 29
77 8
71 9
25 26
90 7
43 15
36 18
9 73
46 14
126 5
173 4
102 6
9 72
115 6
4 154
191 3
35 18
174 4
71 9
28 23
96 7
78 8
11 55
67 9
211 3
8 82
6 106
196 3
159 4
157 4
34 18
31 20
8 78
45 14
26 24
113 6
21 30
12 54
47 13
51 12
21 29
23 27
17 36
76 8
152 4
58 11
188 3
98 6
100 6
102 6
51 12
62 10
135 5
34 18
30 21
47 13
33 18
4 160
30 20
22 27
95 6
170 4
7 92
78 8
143 4
130 5
122 5
108 6
25 23
27 22
39 15
100 6
7 86
29 20
77 8
20 29
50 12
18 33
32 19
12 50
68 9
32 18
18 33
44 13
20 30
75 8
23 25
23 25
101 6
211 3
56 10
100 6
28 20
100 6
23 25
149 4
92 6
100 6
8 72
7 85
7 84
22 26
64 9
17 33
42 13
52 11
21 27
92 6
104 5
4 154
158 4
67 9
24 23
44 13
101 6
11 52
23 25
33 17
53 11
53 11
77 7
159 4
7 83
20 28
22 26
14 39
119 5
43 13
92 6
197 3
35 16
9 63
188 3
24 24
80 7
12 48
100 6
14 40
17 33
28 20
19 29
81 7
24 23
78 7
119 5
30 18
8 72
127 4
23 24
175 3
153 4
5 117
75 7
41 13
42 13
6 93
188 3
33 17
140 4
146 4
55 10
51 11
23 23
7 77
71 8
14 37
15 36
44 12
33 16
93 6
20 27
38 14
82 6
67 8
26 21
8 66
105 5
27 20
146 4
11 47
78 7
39 14
5 102
18 30
123 4
24 22
46 12
60 9
94 6
21 25
22 24
149 4
209 3
20 27
31 17
73 7
138 4
47 11
193 3
41 13
44 12
30 18
152 3
188 3
32 17
8 65
13 40
38 14
95 6
35 15
21 25
59 9
20 26
39 13
39 13
9 59
45 12
89 6
131 4
48 11
3 160
78 7
75 7
115 5
28 18
55 9
112 5
75 7
8 64
18 28
16 33
11 48
36 14
13 39
134 4
5 112
75 7
63 8
23 22
31 16
181 3
19 27
17 30
12 41
191 3
6 88
35 15
17 29
7 73
21 24
24 21
31 16
109 5
94 5
36 14
12 41
12 41
21 24
36 14
108 5
57 9
100 5
38 13
47 11
180 3
51 10
36 14
48 11
7 74
5 106
216 2
174 3
22 22
7 72
11 45
16 31
128 4
74 7
32 15
17 29
74 7
19 26
42 12
191 3
75 7
41 12
92 5
102 5
39 13
10 50
121 4
38 13
10 51
14 35
67 7
71 7
173 3
21 24
46 11
8 59
75 7
45 11
20 25
3 160
5 97
18 28
41 12
26 19
191 3
37 13
14 35
18 28
6 83
106 5
170 3
67 7
29 17
7 72
57 9
77 6
18 28
104 5
35 14
37 13
21 24
27 18
86 6
142 3
39 12
6 82
53 9
47 10
61 8
153 3
28 17
153 3
34 14
78 6
21 23
16 30
36 13
9 52
5 93
19 25
74 6
107 5
74 6
103 5
18 27
39 12
131 4
23 21
15 31
57 8
65 7
65 7
56 9
75 6
62 8
5 102
59 8
39 12
12 41
12 41
6 83
5 105
17 28
193 2
62 8
91 5
40 12
10 47
23 21
34 14
51 9
71 7
103 5
216 2
93 5
20 23
101 5
21 22
17 27
105 5
27 18
78 6
21 23
142 3
28 17
9 52
121 4
34 14
188 2
5 93
19 25
10 48
42 11
7 70
7 65
65 7
7 64
39 12
7 66
17 28
104 4
35 13
142 3
188 2
34 14
152 3
150 3
170 3
206 2
33 14
58 8
101 5
75 6
37 12
18 25
39 12
38 12
15 32
39 12
52 9
9 51
28 16
52 9
50 9
40 12
5 95
8 55
16 29
75 6
170 3
22 21
14 33
64 7
33 14
73 6
122 4
110 4
129 4
92 5
28 16
68 7
94 5
38 12
38 12
142 3
14 33
48 9
20 23
22 21
6 71
43 11
31 15
94 5
7 64
51 9
74 6
211 2
83 5
11 42
209 2
32 14
12 39
30 15
10 47
14 31
19 24
11 39
17 26
20 22
37 12
18 25
31 14
20 22
17 26
12 36
68 6
16 28
30 15
29 15
56 8
65 7
18 25
42 10
9 48
65 7
197 2
61 7
25 17
12 35
57 7
10 43
11 39
37 11
57 7
50 8
68 6
61 7
23 18
61 7
12 36
62 7
109 4
14 30
10 42
36 12
26 16
28 15
58 7
11 37
48 8
22 18
3 160
84 5
11 36
54 7
6 73
7 62
25 16
121 3
22 18
9 43
10 39
35 12
27 15
20 20
38 11
30 13
39 10
73 5
24 17
92 4
16 25
10 41
5 82
34 12
62 6
22 18
21 18
16 25
28 14
106 4
38 10
10 40
50 8
17 23
52 7
94 4
36 11
12 31
89 4
10 40
131 3
96 4
13 29
131 3
78 5
65 6
126 3
65 6
6 59
84 4
45 8
39 10
127 3
8 45
82 5
6 59
22 17
100 4
21 18
60 6
126 3
50 7
41 9
34 11
14 25
42 9
19 19
96 4
68 5
65 6
31 12
114 3
18 19
20 18
40 9
131 3
76 5
21 17
49 7
95 4
49 7
21 16
130 3
22 16
93 4
42 8
42 8
54 6
92 4
68 5
48 7
11 30
78 4
11 30
126 3
20 17
82 4
10 33
12 29
54 6
38 9
127 3
41 8
82 4
109 3
11 30
8 43
82 4
5 73
5 71
11 30
54 6
22 15
181 2
23 14
5 71
8 40
23 14
76 4
