1000	999
1000
220 123
125 202
144 158
202 87
65 202
212 47
422 22
149 56
46 182
158 52
231 36
46 169
28 273
202 36
52 136
154 44
33 197
193 33
106 60
257 23
52 107
140 36
96 47
21 222
34 131
96 44
78 53
386 11
212 19
126 31
40 98
188 21
165 23
56 66
41 84
310 11
34 100
72 47
21 157
71 46
45 71
23 134
65 47
14 205
67 43
44 66
34 84
158 17
55 49
239 11
11 222
11 220
39 62
422 6
20 123
186 13
17 136
62 38
168 14
22 102
43 51
18 119
189 11
15 135
329 6
78 26
44 47
17 119
422 5
6 345
106 18
15 125
42 44
268 7
20 91
42 42
301 6
331 5
21 83
108 16
49 36
33 53
48 36
15 113
36 47
77 22
46 37
71 24
254 6
32 52
186 9
11 140
126 13
20 78
22 72
231 7
44 36
7 222
29 52
106 14
287 5
14 106
7 226
157 10
254 6
15 98
25 60
55 27
165 9
7 205
96 15
44 32
11 129
22 63
96 15
178 8
234 6
14 95
115 12
120 11
6 208
17 77
331 4
14 95
14 97
5 254
307 4
13 97
12 110
13 99
162 8
14 90
5 250
196 7
168 8
20 63
20 63
5 249
14 89
9 134
7 178
88 14
33 36
168 7
74 16
71 17
128 9
11 106
178 7
243 5
78 15
231 5
55 21
29 40
18 64
222 5
81 14
178 6
104 11
9 119
317 4
34 33
21 53
52 21
12 90
78 14
21 52
96 11
15 71
21 51
297 4
21 52
32 34
26 41
55 20
239 4
170 6
222 5
158 7
31 33
31 33
96 11
200 5
163 6
7 141
39 26
60 17
42 24
144 7
15 67
110 9
40 25
13 76
43 23
15 66
67 15
34 29
66 15
32 31
27 37
11 91
19 51
78 12
169 6
78 12
33 29
12 79
22 44
5 179
48 20
9 102
33 29
35 26
38 24
5 178
38 25
96 10
8 123
188 5
66 14
41 22
132 7
144 6
27 33
28 32
46 20
15 60
43 21
9 97
36 24
8 106
6 149
71 12
40 22
9 101
6 149
158 6
9 99
125 7
17 51
108 8
57 15
13 65
9 99
209 4
23 38
44 20
5 159
96 9
27 31
13 65
85 10
178 5
108 8
61 14
10 88
16 52
184 5
177 5
10 87
102 8
50 17
142 6
6 141
9 88
35 24
3 248
74 11
97 9
127 6
192 4
26 31
103 8
189 4
40 20
3 284
23 36
13 64
6 134
47 17
64 13
8 97
170 5
11 70
17 47
9 94
29 27
114 7
25 31
76 11
23 34
11 70
178 4
142 6
12 68
54 15
92 9
18 43
216 4
28 28
7 119
22 35
27 28
7 117
33 23
90 9
7 117
7 119
18 44
31 25
6 119
7 117
231 3
184 4
56 14
184 4
40 19
37 20
5 140
90 8
118 6
36 21
13 60
30 26
56 14
169 5
12 63
34 22
37 20
6 117
29 26
24 31
122 6
108 7
29 26
19 40
61 12
89 9
23 32
32 24
82 9
14 52
7 106
11 69
5 157
6 123
33 22
78 9
140 5
4 174
175 4
96 8
104 7
116 6
52 14
36 20
178 4
96 8
23 32
35 21
7 99
189 4
77 9
7 110
44 16
20 37
20 35
16 45
26 28
23 31
32 22
55 13
23 31
236 3
97 7
61 12
69 10
15 46
42 17
11 62
68 10
92 8
113 6
4 166
41 17
11 62
165 4
78 9
36 19
5 134
8 83
11 63
22 31
5 132
72 10
20 35
26 26
22 31
157 4
10 66
23 30
4 159
32 22
13 53
6 108
6 120
10 67
5 135
46 15
28 24
5 151
60 11
5 149
26 26
38 18
13 52
3 222
92 7
9 72
163 4
12 54
33 20
3 248
5 132
29 23
7 91
4 162
87 8
8 86
5 139
203 3
24 28
43 15
149 4
7 89
14 46
4 184
24 28
12 55
20 33
42 16
27 25
104 6
14 48
65 10
58 11
104 6
25 26
157 4
29 23
111 6
240 3
58 11
12 55
96 7
44 15
31 21
12 54
177 4
53 12
65 10
14 45
5 124
149 4
22 29
151 4
32 20
15 42
6 112
9 74
14 47
188 3
60 11
43 15
85 8
108 6
76 8
52 12
11 55
64 10
12 55
32 20
60 11
11 57
23 27
43 15
9 68
58 11
149 4
66 9
4 145
20 32
15 41
12 53
17 36
14 44
6 109
11 57
94 7
23 27
15 40
4 149
5 129
231 3
163 4
144 4
11 54
5 121
6 97
12 50
88 7
42 14
33 18
34 18
27 23
7 83
31 20
23 26
7 89
20 31
97 6
41 15
13 48
11 55
23 26
54 11
48 12
12 50
87 7
172 3
72 8
133 4
4 142
34 17
72 8
6 102
13 45
63 9
50 12
42 14
68 9
81 7
42 14
23 25
74 8
178 3
68 9
8 70
125 5
55 10
15 38
38 15
34 17
106 5
9 67
14 41
4 147
28 20
70 8
12 48
5 114
3 178
62 9
9 66
34 16
18 32
92 6
8 69
18 32
132 4
45 12
11 50
23 24
85 7
8 72
9 63
8 68
8 69
17 33
27 21
18 32
53 11
178 3
4 151
33 17
5 106
73 8
15 36
27 21
35 16
103 5
11 48
20 27
70 8
2 222
64 9
96 6
5 120
103 5
17 31
30 18
92 6
75 7
4 132
26 21
18 30
17 32
31 17
12 44
11 48
32 17
74 7
92 6
3 186
56 10
12 47
81 7
5 102
50 11
30 18
8 66
3 179
4 140
30 18
71 8
39 14
46 12
76 7
20 26
4 139
9 60
5 114
47 11
22 24
9 57
17 31
38 14
11 47
103 5
73 7
90 6
26 20
15 36
2 222
132 4
30 17
81 7
90 6
15 34
157 3
8 63
95 6
22 23
11 47
32 16
39 13
9 60
88 6
78 7
12 44
61 8
18 30
94 6
12 42
6 83
78 7
30 17
44 12
3 184
7 74
5 106
24 21
4 120
8 67
10 53
43 12
89 6
8 60
133 4
14 35
7 77
38 13
14 36
9 55
28 17
15 32
15 32
16 31
7 67
30 16
96 5
32 15
52 9
84 6
155 3
2 201
13 36
87 6
12 42
22 22
81 6
35 14
8 59
144 3
12 39
7 69
56 9
56 9
12 41
38 13
57 8
14 35
20 24
4 106
54 9
10 47
135 3
67 7
27 18
5 92
78 6
4 120
92 5
209 2
50 9
3 137
186 2
43 11
2 186
17 27
5 99
9 51
3 178
9 54
24 20
7 63
4 107
40 11
74 6
10 45
83 6
10 47
5 91
14 32
11 42
78 6
9 48
15 30
11 41
28 16
103 4
98 5
30 15
27 17
12 38
8 55
27 17
3 140
4 106
2 201
90 5
6 69
8 55
26 17
61 7
4 97
15 29
5 81
94 5
34 13
36 12
15 29
5 83
8 51
2 184
4 102
54 8
9 47
125 3
103 4
6 71
33 13
39 11
9 46
19 22
43 10
139 3
46 9
43 10
3 140
177 2
8 51
32 13
40 11
3 147
6 77
69 6
14 31
3 148
3 124
3 140
7 58
16 27
5 84
78 5
4 98
12 36
83 5
4 99
12 36
5 92
89 5
29 14
12 36
2 178
28 15
5 81
4 107
49 8
3 137
94 4
41 10
67 6
8 53
41 10
141 3
153 3
153 3
18 22
3 139
8 53
11 36
104 4
38 11
24 17
29 14
4 99
20 21
23 18
18 22
11 37
28 15
8 49
92 4
12 35
22 18
8 49
2 190
15 27
11 37
4 98
29 14
79 5
144 3
7 55
11 37
14 29
28 15
22 18
36 11
73 6
78 5
38 11
65 6
7 60
7 58
48 8
8 47
47 9
3 147
186 2
40 10
6 71
7 60
100 4
4 110
90 4
7 55
69 6
36 11
33 12
6 68
86 5
43 9
3 134
10 39
47 8
23 17
56 7
34 11
15 26
77 5
5 77
36 11
15 26
14 27
23 17
8 47
10 39
144 3
42 9
70 6
23 17
6 69
22 17
77 5
3 136
12 31
141 3
139 3
74 5
141 3
98 4
15 26
10 38
78 5
90 4
2 178
46 9
9 42
59 7
141 3
12 31
36 11
194 2
141 3
177 2
4 99
15 26
194 2
8 47
46 8
155 2
4 100
6 60
12 32
11 35
4 100
20 19
10 38
144 3
2 190
8 47
24 16
38 10
20 19
35 11
38 10
3 134
6 66
9 42
141 3
5 77
64 6
31 12
40 9
34 11
22 17
30 12
59 6
64 6
131 3
78 5
114 3
57 6
119 3
95 4
8 43
22 15
106 3
18 19
66 5
4 74
35 9
9 33
78 4
66 5
37 8
57 5
110 3
97 3
69 4
6 52
82 4
34 9
18 17
34 9
106 3
78 4
34 9
78 4
34 8
90 3
4 62
97 3
65 4
4 62
9 30
135 2
135 2
