1000	1000
100
631 186
935 107
481 131
174 329
631 83
812 44
134 258
307 102
111 193
106 193
61 329
812 24
384 47
384 47
91 193
181 78
161 72
146 78
104 109
599 19
494 20
759 13
137 72
134 71
276 34
307 30
260 36
175 51
706 11
482 17
222 36
276 28
471 16
833 9
482 15
86 80
101 68
307 21
276 23
43 148
46 131
52 107
212 25
72 72
579 8
237 19
53 80
384 10
482 7
52 68
31 105
21 148
164 19
116 25
69 43
109 27
27 102
168 16
185 14
276 9
33 79
69 37
70 36
494 5
482 5
35 68
149 16
104 22
80 29
177 13
185 12
346 6
27 80
254 8
276 7
346 6
75 27
41 48
70 27
18 107
47 40
80 24
70 27
47 39
102 17
110 16
66 25
70 23
276 6
102 16
20 78
57 25
276 5
230 6
55 25
41 32
12 105
12 102
230 5
12 105
