1000	1002
2000
254 84
289 69
117 115
104 120
131 72
54 122
248 25
109 56
72 83
47 115
87 53
51 83
47 87
187 21
89 44
84 41
36 92
36 91
131 23
144 20
36 80
41 69
39 71
77 35
375 7
23 113
61 42
24 103
151 16
160 15
98 22
26 80
33 62
131 15
31 65
21 91
142 14
26 73
52 35
33 55
67 25
98 17
59 27
36 44
151 11
174 9
159 10
21 72
48 31
276 5
68 20
109 13
131 11
116 12
39 35
48 27
47 28
276 5
51 25
31 42
109 11
59 21
27 44
70 16
45 25
137 8
35 30
99 11
52 20
20 51
7 144
24 42
92 11
49 21
22 45
113 9
41 24
66 15
48 20
99 10
38 26
12 82
5 185
39 24
268 3
134 7
98 10
6 145
16 59
15 62
6 143
37 25
160 6
33 28
11 85
3 267
33 27
254 3
24 36
5 186
91 10
22 40
159 5
44 20
16 53
6 152
80 11
42 20
16 52
35 24
22 38
20 41
10 83
64 13
34 25
7 120
32 26
28 29
13 64
52 16
27 31
98 8
99 8
69 12
10 84
27 30
219 4
22 37
140 6
5 160
16 51
49 16
39 21
46 18
22 36
7 124
159 5
25 32
187 4
27 30
10 78
39 21
43 19
12 68
80 10
43 19
40 20
5 167
9 84
91 9
60 13
189 4
27 29
24 33
99 8
74 11
159 5
122 6
7 116
11 70
58 13
16 48
17 46
58 13
43 18
68 11
24 32
5 152
182 4
47 17
37 21
9 88
30 26
248 3
5 152
103 7
167 5
37 20
7 109
183 4
51 15
189 4
99 8
24 31
93 8
15 51
248 3
140 5
104 7
273 3
99 8
15 49
9 87
216 3
179 4
23 32
51 15
6 120
132 6
39 19
20 38
64 12
61 12
33 23
8 89
73 10
77 10
172 4
37 20
49 15
19 40
39 19
66 11
144 5
9 86
6 129
248 3
100 7
31 24
161 5
41 18
42 17
6 126
14 50
124 6
7 103
20 36
5 153
14 50
188 4
26 28
135 5
14 50
157 4
19 37
14 50
78 9
257 3
77 9
16 44
25 28
4 192
81 9
80 9
9 79
16 43
31 22
50 14
9 73
7 102
34 20
15 44
123 6
234 3
4 179
27 25
19 35
70 10
4 192
69 10
26 26
9 78
221 3
122 6
32 21
22 30
153 4
5 129
21 32
168 4
41 16
18 36
208 3
13 49
91 7
13 49
76 9
99 7
11 62
8 77
78 8
24 27
53 12
10 63
21 30
35 18
51 13
13 51
181 4
43 15
248 3
41 16
112 6
30 21
7 95
8 79
8 84
38 17
108 6
38 17
124 5
65 10
100 6
123 5
11 58
173 4
35 18
140 5
9 71
162 4
8 77
29 22
38 16
20 32
38 17
19 32
33 19
127 5
19 32
179 3
100 6
37 17
37 17
248 3
121 5
59 10
29 21
127 5
27 23
43 14
20 31
9 71
228 3
13 46
99 6
21 30
9 65
80 8
179 3
152 4
16 38
10 63
45 14
97 6
33 19
9 71
30 20
60 10
7 87
12 52
135 4
107 6
10 58
6 97
69 9
38 16
130 5
234 3
67 9
15 40
50 12
104 6
87 7
14 42
235 3
97 6
76 8
105 6
13 46
5 116
90 7
143 4
7 87
42 14
91 7
104 6
7 87
3 235
48 12
124 5
30 20
119 5
188 3
28 21
25 24
9 67
61 10
44 13
19 31
4 159
87 7
9 67
30 20
135 4
11 52
58 10
51 11
62 9
153 4
30 19
82 7
134 4
8 69
7 79
54 11
8 70
32 18
136 4
19 29
14 40
13 44
5 116
19 30
4 150
68 8
126 5
124 5
17 33
86 7
53 11
20 29
4 142
5 106
20 29
56 10
37 15
10 58
35 16
3 176
31 18
26 22
98 6
23 24
40 14
9 65
57 10
11 50
13 44
8 73
49 11
12 44
127 4
215 3
7 83
53 10
41 14
14 38
6 87
28 20
6 87
18 31
11 49
18 31
26 21
122 5
14 39
118 5
6 95
99 6
5 107
23 24
4 126
12 44
20 27
11 49
11 51
71 8
11 49
99 6
94 6
124 4
37 15
91 6
88 6
42 13
41 13
52 10
8 64
151 4
25 21
10 53
17 32
106 5
66 8
4 152
38 14
100 5
10 52
7 78
26 21
219 2
33 16
37 15
208 3
107 5
35 15
12 46
8 71
6 93
16 34
34 16
60 9
8 63
8 63
6 82
170 3
24 22
27 20
108 5
30 18
71 7
18 29
27 20
71 7
55 10
39 14
81 7
143 4
26 21
112 5
13 40
76 7
3 158
92 6
6 93
35 15
68 8
22 24
13 39
35 15
189 3
3 193
6 81
9 59
16 33
5 95
101 5
6 83
4 123
71 7
85 6
9 58
28 18
189 3
43 12
4 130
6 87
18 29
4 125
39 13
12 43
17 29
164 3
29 17
35 14
93 5
50 10
118 4
37 13
64 8
4 135
3 152
16 30
3 142
173 3
86 6
41 12
27 18
134 4
65 8
40 12
24 20
168 3
34 14
9 53
7 68
53 9
7 68
63 8
8 59
59 8
81 6
141 3
47 10
172 3
49 10
23 20
20 24
141 3
3 162
7 64
32 15
9 51
7 68
25 19
31 15
19 25
62 8
73 6
24 19
30 16
6 82
6 79
211 2
9 49
16 30
23 20
75 6
12 39
64 7
13 34
27 17
28 17
151 3
12 37
173 3
14 32
46 10
63 7
40 11
117 4
19 24
15 30
26 18
110 4
34 13
19 24
24 19
31 15
54 8
189 2
39 12
47 10
86 5
70 6
46 10
4 124
42 11
145 3
211 2
9 48
10 44
12 39
110 4
10 43
71 6
17 27
9 48
92 5
70 6
39 12
99 5
18 25
87 5
28 16
59 8
12 38
5 90
13 33
8 56
137 3
54 8
24 19
85 5
6 68
65 7
26 17
40 11
63 7
48 9
6 70
28 15
7 64
5 89
73 6
18 24
39 11
6 73
3 159
46 9
130 3
130 3
48 9
42 10
23 19
10 43
5 79
6 67
109 4
9 50
73 6
71 6
25 17
5 80
10 42
6 73
13 34
31 14
142 3
130 3
100 4
52 8
27 16
22 19
3 124
50 9
24 18
20 22
3 124
130 3
15 29
144 3
130 3
13 32
9 48
14 30
37 12
52 8
5 79
3 159
17 25
26 16
105 4
6 77
4 107
17 25
45 9
104 4
76 6
15 28
36 12
45 9
25 17
76 6
70 6
61 7
135 3
144 3
15 28
99 4
114 4
23 19
3 146
61 7
4 98
11 40
5 92
91 5
6 66
46 9
20 21
22 19
88 5
42 10
6 74
137 3
20 21
5 79
90 5
26 16
64 6
149 3
135 3
64 6
49 8
8 52
66 6
37 11
130 3
19 22
32 13
127 3
6 64
4 115
109 4
5 82
14 29
18 23
45 9
17 24
35 12
46 9
3 152
107 4
63 6
41 10
5 86
65 6
9 45
8 48
4 107
109 4
17 23
2 185
7 58
4 94
93 4
17 24
7 56
48 8
8 50
3 139
24 16
101 4
66 6
90 4
28 14
5 79
25 16
21 19
47 8
50 8
11 35
105 4
78 5
15 25
17 23
40 10
192 2
66 6
192 2
7 56
25 16
192 2
81 5
33 12
116 3
9 45
71 5
71 5
74 5
69 6
26 15
124 3
179 2
11 35
15 26
4 92
32 12
29 13
6 58
54 7
27 14
39 10
86 4
10 38
110 3
13 28
17 22
67 6
63 6
24 16
5 72
71 5
78 5
17 22
15 26
102 4
32 12
73 5
58 6
3 112
23 16
34 11
8 48
24 15
72 5
7 52
35 10
2 162
7 51
95 4
192 2
47 8
68 5
101 4
18 21
51 7
25 15
20 19
128 3
76 5
10 38
158 2
128 3
60 6
116 3
75 5
15 24
111 3
9 39
61 6
25 15
86 4
23 16
51 7
77 5
10 35
100 4
182 2
117 3
96 4
16 22
5 68
23 16
53 7
119 3
67 5
100 4
8 46
19 19
14 25
54 7
13 26
11 32
158 2
37 10
109 3
55 6
37 10
14 26
120 3
3 107
153 2
5 68
4 93
95 4
20 18
17 21
113 3
28 13
114 3
9 40
117 3
172 2
116 3
6 62
16 22
5 73
23 15
86 4
5 64
143 2
5 70
10 35
130 3
45 8
11 32
26 13
12 28
11 32
7 49
149 2
15 23
5 64
3 122
97 4
7 49
3 104
94 4
182 2
131 3
186 2
186 2
76 5
5 64
3 104
64 5
16 21
42 8
60 6
39 9
63 5
53 6
179 2
78 4
131 3
19 18
68 5
27 12
4 76
29 12
125 3
68 5
103 3
4 93
72 5
2 153
75 5
7 50
68 5
16 21
22 15
125 3
65 5
11 31
30 11
126 3
21 16
16 21
17 19
120 3
116 3
6 52
36 9
120 3
15 23
67 5
8 42
34 10
30 11
118 3
15 23
121 3
16 21
33 10
141 2
83 4
179 2
12 27
10 32
91 4
38 9
113 3
6 60
108 3
48 7
42 8
24 14
26 13
39 9
27 12
65 5
91 4
34 10
6 52
130 3
5 64
100 3
2 162
40 8
14 23
6 52
40 8
3 114
37 9
4 80
134 2
2 139
10 34
76 4
22 15
33 10
16 20
28 12
45 7
10 32
3 97
55 6
92 4
41 8
111 3
45 7
24 14
43 8
3 113
127 3
16 20
23 14
35 9
9 36
15 21
8 40
130 2
33 10
3 112
37 9
110 3
122 3
61 5
28 11
13 25
9 37
21 15
4 73
11 28
77 4
9 36
12 26
88 4
15 22
27 12
23 14
12 27
26 12
51 6
4 74
31 10
30 11
28 11
121 3
115 3
62 5
54 6
5 58
58 5
8 40
40 8
21 15
52 6
88 4
63 5
34 9
15 21
109 3
68 5
26 12
88 4
20 16
9 35
17 19
51 6
5 70
63 5
93 3
28 11
68 5
28 11
19 16
71 4
124 3
3 104
13 24
6 55
42 7
7 45
37 8
57 5
8 40
50 6
20 16
3 102
85 4
7 48
2 142
47 7
99 3
19 17
130 2
7 44
43 7
14 22
2 133
63 5
7 46
21 15
33 9
41 7
70 4
2 124
78 4
92 3
3 109
17 18
47 6
30 10
7 43
37 8
8 40
48 6
5 58
98 3
12 26
4 74
3 113
6 48
8 40
67 5
23 13
62 5
17 18
76 4
5 66
3 120
41 7
81 4
119 3
17 18
7 43
71 4
2 153
34 9
54 6
72 4
102 3
12 25
19 16
67 5
5 64
110 3
99 3
20 15
16 18
9 32
13 23
4 86
24 12
40 8
69 4
116 3
7 41
45 7
75 4
22 14
71 4
86 4
20 15
81 4
4 67
134 2
53 6
61 5
37 8
7 44
20 15
21 14
16 19
45 7
7 45
9 35
14 21
9 32
20 15
15 20
5 65
7 45
3 104
143 2
143 2
42 7
144 2
16 18
13 23
4 83
7 41
30 10
54 5
4 85
4 68
27 11
10 30
35 8
9 32
170 2
50 6
23 13
100 3
2 139
45 7
2 130
116 3
63 5
76 4
25 12
134 2
60 5
2 120
148 2
41 7
4 83
3 91
63 5
10 30
141 2
11 27
54 5
47 6
11 27
75 4
52 6
88 3
43 7
42 7
10 30
59 5
17 17
5 64
64 5
8 36
55 5
99 3
39 8
14 21
26 11
7 39
2 162
38 8
124 2
29 10
63 5
25 11
71 4
76 4
11 26
12 24
8 36
16 18
33 9
111 3
42 7
41 7
3 91
35 8
10 29
41 7
130 2
58 5
26 11
3 114
134 2
26 11
30 10
3 104
12 24
109 3
3 112
5 59
9 34
64 4
8 36
40 7
4 79
87 3
13 22
4 64
13 22
15 19
6 49
12 23
5 55
66 4
66 4
19 15
60 5
36 8
25 11
65 4
29 10
53 5
135 2
64 4
7 40
37 8
99 3
16 18
7 40
105 3
19 15
88 3
141 2
8 34
100 3
4 78
75 4
43 7
40 7
18 16
8 34
99 3
50 6
17 17
2 120
35 8
2 152
4 78
9 32
99 3
89 3
30 9
30 9
6 43
16 17
54 5
17 17
42 7
20 14
54 5
39 7
37 7
3 108
87 3
7 40
70 4
41 7
4 67
35 8
25 11
41 7
53 5
31 9
50 6
6 43
31 9
52 5
33 8
14 19
10 27
59 5
83 3
2 158
6 48
17 16
130 2
33 8
5 56
3 108
110 2
9 31
3 79
72 4
63 4
92 3
8 34
34 8
103 3
24 11
40 7
2 123
85 3
144 2
42 6
46 6
4 66
3 86
4 65
63 4
10 26
2 150
5 49
19 14
45 6
6 43
15 18
97 3
7 41
70 4
42 6
39 7
38 7
141 2
67 4
68 4
13 20
48 6
5 56
8 35
29 9
63 4
27 10
11 25
5 59
55 5
130 2
20 13
39 7
2 158
50 5
31 9
131 2
4 74
3 104
73 4
33 8
22 12
55 5
21 12
58 5
10 27
23 11
21 12
36 7
63 4
42 6
14 20
43 6
11 25
115 2
141 2
85 3
16 17
134 2
7 40
18 15
14 19
2 158
13 20
5 58
18 15
40 7
4 66
59 4
123 2
59 4
13 20
3 93
48 5
38 7
18 14
48 6
22 12
16 16
28 9
72 4
88 3
20 13
36 7
4 69
18 14
36 7
19 14
7 38
53 5
71 4
5 50
4 67
134 2
85 3
76 3
20 13
4 75
5 56
71 4
13 20
22 12
39 7
22 12
60 4
3 81
72 4
3 78
119 2
6 40
37 7
26 10
10 26
67 4
37 7
7 40
3 76
52 5
8 33
2 126
12 21
61 4
37 7
49 5
13 20
21 12
12 21
12 21
3 83
9 28
2 104
65 4
42 6
3 86
65 4
2 158
15 17
5 54
2 107
76 3
14 18
34 7
100 3
94 3
92 3
42 6
6 45
5 49
35 7
76 3
51 5
2 150
8 31
51 5
9 28
17 15
5 53
64 4
34 7
5 46
50 5
77 3
120 2
2 150
9 27
98 3
31 8
64 4
99 3
71 4
99 3
143 2
27 9
6 46
55 5
7 38
7 38
51 5
97 3
19 13
43 6
26 10
25 10
42 6
6 41
54 5
85 3
3 79
110 2
2 104
64 4
32 8
4 64
6 43
9 28
22 11
52 5
57 4
4 64
6 39
20 12
16 15
36 7
11 24
52 5
88 3
7 38
59 4
21 12
130 2
26 10
130 2
6 40
84 3
25 10
28 9
13 19
75 3
2 107
23 11
28 9
8 31
97 3
5 54
10 25
43 6
2 153
9 29
7 36
2 124
59 4
19 13
8 31
57 4
37 7
7 38
73 3
31 8
6 43
4 55
76 3
2 114
46 5
99 2
3 97
10 25
19 13
50 5
15 17
9 26
6 40
77 3
87 3
79 3
5 53
29 8
19 13
45 5
8 32
90 3
3 85
50 5
61 4
52 5
2 125
36 7
9 27
65 4
74 3
19 13
45 5
151 2
98 2
35 7
11 23
91 3
94 3
106 2
41 6
64 4
39 6
17 14
21 11
2 126
41 6
2 130
8 29
64 4
5 51
10 23
39 6
115 2
3 73
24 10
54 4
98 2
5 46
27 9
34 7
72 3
6 40
34 7
11 21
10 23
46 5
10 23
3 86
4 54
25 10
72 3
29 8
16 15
4 54
10 24
4 62
3 79
3 68
31 8
8 31
98 2
9 26
122 2
125 2
64 4
109 2
50 5
99 2
3 87
99 2
22 11
116 2
70 3
5 52
3 83
68 3
24 10
55 4
4 59
8 29
143 2
2 107
23 10
32 7
4 58
11 20
2 107
48 5
9 25
95 2
2 122
11 22
4 59
31 7
83 3
98 2
100 2
28 8
4 64
34 7
19 13
27 9
4 57
11 21
11 21
24 10
15 15
33 7
40 6
2 150
9 26
17 14
10 25
54 4
62 4
45 5
22 11
148 2
2 107
58 4
18 13
61 4
25 9
6 39
19 12
37 6
91 3
6 39
9 26
5 44
46 5
3 80
88 3
18 13
18 13
39 6
22 10
45 5
17 14
102 2
5 48
7 33
16 14
130 2
3 72
63 4
46 5
100 2
13 18
33 7
29 8
50 5
22 10
53 4
35 7
11 22
33 7
5 48
12 19
4 60
8 29
9 26
39 6
3 71
87 3
8 28
12 19
32 7
100 2
11 21
100 2
19 12
4 64
14 17
38 6
3 79
6 40
13 17
14 16
102 2
14 17
36 6
69 3
6 41
13 17
57 4
20 12
4 55
34 7
2 107
58 4
51 4
12 19
3 79
31 7
2 102
64 4
3 77
12 20
37 6
34 7
17 14
58 4
29 8
20 11
4 58
10 23
12 20
48 5
4 64
20 11
31 7
85 3
64 4
63 4
3 79
10 23
44 5
27 8
28 8
16 14
42 5
34 7
2 123
16 14
8 29
92 2
2 116
27 8
56 4
2 104
3 66
4 62
95 2
109 2
5 42
4 62
17 13
8 29
3 68
23 10
68 3
3 68
26 8
49 5
27 8
53 4
3 87
16 14
53 4
5 46
6 39
115 2
25 9
14 16
12 19
8 29
39 6
3 67
15 15
25 9
114 2
5 46
5 44
44 5
22 10
71 3
10 21
3 66
4 54
123 2
67 3
4 57
12 19
52 4
84 3
24 9
25 9
4 54
3 80
22 10
14 16
42 5
10 22
8 26
32 7
43 5
49 4
35 6
59 4
7 31
16 14
3 78
3 66
10 22
3 79
16 13
41 5
41 5
52 4
5 46
85 3
28 8
15 14
25 8
10 22
10 22
29 7
114 2
