nice8.200.txt
40
200
100 19
1	8	13.977720	4.506623	7.762616	5.935259	8.151022	5.421683	4.322717	10.063060	5.490026	7.334385	11.122320	3.467820	5.970112	6.367406	4.032339	8.266462	
2	9	6.652242	12.990040	5.199864	13.230060	6.938526	7.361870	6.548477	7.442347	4.317025	9.621965	5.970112	6.390694	7.417454	5.035444	6.351503	5.150767	8.961877	3.365624	
3	3	8.256763	7.506639	6.039263	6.135603	4.238236	7.697015	
4	5	5.155421	11.558300	9.365062	4.743399	3.584017	10.655940	4.384236	8.266462	3.280936	11.039840	
5	4	4.485520	11.558300	5.146883	8.239538	3.111308	12.297690	6.351503	5.505177	
6	7	6.052448	11.594140	11.029820	4.958540	5.193521	10.367920	5.124759	8.457514	7.498868	5.703054	3.946257	10.267910	11.578450	3.072663	
7	7	9.118858	6.973491	7.498868	7.058836	6.265356	7.118658	6.056826	7.008046	7.170838	5.684273	8.961877	4.372662	5.165368	6.361771	
8	5	14.903600	8.486624	5.755388	11.731510	9.871950	4.802028	7.133811	6.457471	3.324792	12.428190	
9	6	17.135150	4.360065	8.572762	6.286253	4.052522	12.428190	8.386549	5.438779	8.615129	4.958540	3.054410	11.851460	
10	5	8.770575	12.211720	10.124210	6.184920	7.871525	7.945356	7.702388	6.291142	6.921128	5.502672	
11	5	4.320900	16.748550	5.849088	11.558300	5.970112	9.381020	3.696605	13.093080	5.314852	6.973491	
12	9	5.388529	11.558300	7.827919	6.325014	6.762423	6.824112	8.961877	5.023604	6.056826	7.216275	7.805029	5.597034	5.642084	6.520787	4.317025	6.988166	7.805029	3.777529	
13	9	8.864610	8.287258	8.553724	7.625008	14.026730	3.565694	4.849802	10.053250	11.740470	3.775762	3.767485	11.558300	7.170838	5.874028	6.545490	5.157995	6.176144	5.303975	
14	2	10.564520	18.531860	9.778357	5.478396	
15	5	13.903400	5.271902	6.265356	7.083063	5.642084	7.398289	7.013157	5.935259	4.172504	7.697015	
16	3	6.652242	9.149076	10.166220	5.461562	9.871950	5.313033	
17	4	13.903400	5.384042	7.392015	7.270599	3.698584	10.655940	4.658699	8.239538	
18	3	7.511583	7.270599	4.412698	7.772354	4.365120	6.527285	
19	8	6.056826	9.315706	6.530111	6.824112	3.705621	11.558300	5.041462	8.457514	4.911873	8.478271	4.607154	7.772354	6.545490	5.109912	11.122320	2.946231	
20	2	13.937880	3.617893	8.854072	5.475268	
21	3	7.800103	9.134791	4.317933	12.297690	7.707240	5.035444	
22	10	6.001742	10.117150	3.872344	13.422930	8.577501	5.935259	8.084283	6.135603	6.001742	8.208320	4.489331	10.906850	4.584992	10.655940	11.740470	3.921253	13.242640	3.315085	3.941963	10.267910	
23	4	3.836644	13.919080	7.702388	6.470748	6.570638	7.506639	7.012852	5.359990	
24	7	11.122320	6.347839	7.786530	7.618263	7.158175	6.278588	4.064393	10.906850	3.777061	11.594140	7.010940	6.184920	4.654732	6.527285	
25	2	7.786530	6.583458	6.938526	6.197043	
26	6	5.554925	9.241894	13.937880	3.660226	5.462338	9.120324	5.193521	7.957552	6.964867	5.359990	5.894022	5.421683	
27	7	5.755388	10.826210	8.770575	6.104860	7.158175	6.483303	6.999482	6.325014	4.911873	8.270284	4.395699	8.266462	2.895208	11.039840	
28	5	4.689944	13.093080	11.000150	5.478396	13.937880	3.515852	7.805029	5.426271	6.733460	5.421683	
29	4	7.046366	10.793970	13.242640	4.168163	4.836671	10.655940	8.030483	5.271656	
30	2	6.548477	6.417574	4.295010	8.266462	
31	5	11.386350	5.271656	3.756082	13.230060	3.775923	11.594140	10.345630	4.146005	5.554925	7.368238	
32	4	7.429241	13.413690	3.927759	13.422930	3.529718	11.594140	7.805029	3.731025	
33	1	6.027663	6.135603	
34	3	13.977720	3.728286	4.170049	10.053250	6.921128	6.055629	
35	4	10.552230	8.287258	3.839770	11.924690	11.578450	3.213590	5.165368	6.219310	
36	4	14.646810	11.239040	8.536709	7.334385	5.033735	11.239040	3.537544	11.924690	
37	6	4.706582	12.581080	10.790880	5.475268	7.834480	6.203598	8.955946	5.095410	7.290214	6.203598	7.871525	5.613557	
38	4	6.245990	8.266462	6.858675	6.824112	13.242640	3.310724	9.365062	4.376925	
39	2	5.484467	10.655940	3.494067	11.851460	
40	8	14.903600	8.595661	14.433710	4.897722	7.133811	7.104656	8.770575	5.223451	10.345630	4.093534	6.176144	5.795309	7.133811	4.969733	4.322717	6.685496	
