nice31.50.txt
10
50
100 42
1	6	18.427760	41.657620	10.570510	20.442140	13.989240	15.050980	10.199100	13.810260	13.521530	8.695670	11.825200	9.430809	
2	7	16.401250	19.263970	17.180170	18.113960	10.509090	20.050340	8.688920	13.623980	11.072670	10.622560	8.688920	13.083650	12.873060	8.695670	
3	6	29.999860	11.583000	10.651860	19.708230	16.627720	11.073260	20.006520	8.477842	8.610732	14.230310	11.072670	10.248450	
4	5	15.128330	20.329800	29.999860	7.680973	18.095090	9.746727	14.841830	9.430809	13.446280	8.511813	
5	7	10.467250	23.241070	11.748230	20.050340	8.972380	21.327810	17.180170	10.170180	17.180170	9.906916	12.546560	11.778840	8.268079	15.050980	
6	4	32.239270	13.494340	7.722348	20.871010	20.006520	7.359504	14.144180	9.746727	
7	5	10.651860	21.949380	10.570510	21.215480	13.446280	14.729250	12.546560	9.092168	8.491248	13.276080	
8	3	11.413650	22.687680	6.155954	21.327810	16.467930	7.070395	
9	5	16.627720	30.584350	11.413650	18.969940	14.760840	14.230310	8.491248	13.431550	7.970008	14.230310	
10	2	26.394590	7.141676	16.467930	6.739863	
