nice15.200.txt
40
200
100 18
1	6	4.558755	14.047630	13.440530	4.748733	9.942967	6.119050	4.642111	10.010220	5.898177	6.046334	3.804875	7.087643	
2	4	16.051120	6.262256	13.428030	5.150003	6.551064	6.478885	12.224680	3.438128	
3	7	9.450061	7.120165	9.939917	6.636777	5.076831	10.469420	7.904573	6.230478	5.774679	7.017187	7.867899	5.022688	6.008446	6.142410	
4	2	3.349632	11.279510	4.441819	7.922730	
5	5	7.447721	9.024551	6.318551	8.783749	3.873202	11.279510	3.694530	10.010220	5.522290	6.311871	
6	5	5.867049	17.275670	12.127920	4.427370	6.201360	6.103587	4.655879	7.816009	6.839534	5.253330	
7	2	4.124955	15.982900	3.379558	7.334430	
8	4	5.589849	10.619630	11.003020	4.732510	6.398225	7.788665	4.438791	8.101765	
9	1	4.000723	13.701830	
10	5	11.207670	6.311871	11.384600	5.022688	14.288110	3.735498	6.852018	6.478885	4.520065	9.507017	
11	6	7.520047	7.239287	6.315114	7.655766	6.174679	7.092181	5.140783	7.525909	3.791281	10.010220	5.713419	6.408384	
12	2	4.497376	8.070676	7.541589	4.615150	
13	4	13.440530	4.132696	4.897269	10.622760	3.660062	13.254920	4.520065	8.163046	
14	5	10.158240	9.856253	6.318551	8.279327	4.866136	10.469420	10.625510	3.323376	5.062007	6.958495	
15	9	5.030761	13.445020	13.403080	4.978162	7.124572	8.210834	3.924430	13.529730	7.673140	6.618296	6.112615	7.571646	6.775326	6.203718	5.459275	6.898268	3.299115	10.871220	
16	3	4.917837	8.425438	6.284506	5.766273	6.284506	5.513241	
17	7	15.761640	3.949570	8.259843	7.239287	8.226359	6.824385	12.224680	4.377881	12.127920	4.296546	3.637953	13.445020	7.239167	6.103587	
18	5	12.538490	5.137978	8.932106	7.049695	9.126591	6.304010	5.003481	8.165431	5.254997	7.565484	
19	3	8.545657	9.024551	7.948454	7.049695	5.589849	7.783907	
20	7	4.274699	14.876370	9.269011	4.813222	4.660980	9.114314	4.603663	9.024551	5.254997	7.300220	4.897269	7.568184	8.096593	4.338716	
21	9	9.942967	10.948350	7.124572	10.523300	6.635048	10.084900	6.942042	9.388592	5.969896	10.871220	8.867582	7.087708	3.655359	13.254920	6.400423	6.690843	5.412838	7.637086	
22	5	6.632270	9.901085	9.718011	4.145273	6.333114	5.803377	5.608117	6.408384	10.625510	3.294920	
23	4	4.429871	14.865700	3.783037	14.876370	4.458476	8.728792	6.557188	5.253330	
24	10	5.662490	17.275670	3.850141	13.445020	6.832572	7.087708	5.495808	8.321071	4.481164	9.972109	4.497376	9.725875	5.311628	7.385274	5.607499	6.480147	11.837370	3.066784	5.030795	6.898268	
25	8	9.718011	7.275351	7.315420	9.313109	7.748487	7.876022	9.234655	6.142410	3.521497	13.529730	5.691393	6.431854	9.301929	3.919168	7.954532	4.338716	
26	5	6.112615	14.996380	5.495808	7.661832	7.733924	4.725909	4.779756	7.637086	5.062007	7.089131	
27	6	5.311628	9.440017	6.251132	7.337004	5.900549	7.525909	7.733924	4.662683	11.837370	2.979283	9.126591	3.780886	
28	2	4.263243	14.154580	4.458476	8.941271	
29	1	5.781879	7.637086	
30	4	5.898177	9.883387	6.632270	8.289860	6.400423	8.174861	6.333114	5.617247	
31	2	9.715874	7.062286	7.599191	9.024551	
32	7	5.644896	14.154580	7.786888	6.898268	9.620763	5.436085	3.532269	13.445020	7.541589	4.773441	4.763191	7.334430	4.751889	7.337004	
33	8	7.494614	7.876022	9.269011	5.778273	5.646538	9.308102	4.720306	7.525909	5.898177	6.007026	5.500130	6.408384	4.265530	8.165431	5.487599	6.311871	
34	8	11.353000	14.154580	14.288110	4.052457	7.618890	7.334430	5.118403	9.024551	4.917837	8.637638	5.274055	7.922730	6.714002	5.137978	3.804875	7.066938	
35	3	6.900509	9.493362	6.767360	6.618296	6.621396	6.203718	
36	5	8.226359	8.051989	6.606831	9.493362	9.269011	5.838471	6.514834	5.965053	5.395890	6.408384	
37	7	9.939917	6.185655	5.691393	10.393440	6.923614	7.920548	10.158240	5.128763	5.607499	8.385557	6.174679	6.926252	5.522256	7.655766	
38	1	6.383533	6.230478	
39	8	8.826898	7.120165	4.375080	13.529730	6.504421	7.920548	5.646538	9.095436	5.278937	9.114314	5.504177	8.101765	5.774679	6.512547	6.514834	5.491995	
40	5	4.621871	13.529730	6.024122	7.637086	6.218705	7.239287	9.301929	3.869497	4.481164	7.824442	
