nice46.50.txt
10
50
100 36
1	5	17.236930	21.862110	24.486910	12.560540	12.958330	15.906630	12.753840	8.638510	10.163730	9.024697	
2	4	35.820630	17.208680	17.190860	11.732190	12.958330	11.686670	14.028970	10.086770	
3	3	17.190860	17.354990	9.528870	19.376660	5.274838	18.951970	
4	3	14.028970	24.208900	14.098010	21.310930	7.027125	18.429170	
5	4	21.708290	15.898310	14.098010	11.649850	14.402030	10.007440	5.525506	18.226820	
6	7	17.878190	18.951970	11.604230	29.086110	17.489110	18.359260	14.708230	14.155030	9.498187	18.359260	7.801424	15.898310	14.098010	7.128141	
7	6	12.882680	14.198250	8.438608	15.898310	13.778080	7.926346	5.879863	15.898310	12.753840	7.259803	4.739858	18.951970	
8	6	22.840490	14.155030	26.630650	9.282337	9.655838	18.951970	19.521910	8.034461	10.163730	9.404477	5.869253	15.898310	
9	5	12.958330	20.940450	12.882680	14.887860	16.932900	10.007440	19.323080	8.762176	7.661987	19.376660	
10	7	24.486910	25.246350	11.711420	18.226820	7.704549	14.238080	12.011860	8.762176	12.852570	7.926346	11.813030	8.034461	6.324419	14.238080	
