nice16.200.txt
40
200
100 21
1	6	4.817452	12.230870	9.392398	5.612056	6.063891	8.601028	7.860238	6.365084	7.103164	6.767949	11.034250	3.206791	
2	4	6.131147	12.168610	4.235897	10.363290	5.058713	8.621237	3.192998	12.257200	
3	4	13.657100	7.929945	7.945403	11.538200	4.733835	11.745370	7.099345	4.378107	
4	7	5.797005	8.978266	7.525957	6.320043	9.465774	4.977078	7.525957	5.453832	9.345195	4.108809	6.027950	5.841083	7.141866	4.238434	
5	4	8.344445	6.973884	6.029485	9.383197	8.654623	6.178728	7.086649	5.335085	
6	4	11.282510	6.452342	12.203310	4.848734	10.262970	5.633062	5.058723	9.618050	
7	4	12.306030	4.571778	11.034250	3.957291	8.654623	4.343798	4.171464	6.956268	
8	4	4.395747	16.000160	9.465774	6.152503	3.868241	9.956217	9.392398	3.270399	
9	2	4.317595	16.678290	7.860238	5.629127	
10	6	7.141866	7.713886	4.060216	12.591600	5.499619	9.181409	6.919494	5.494838	6.998114	4.231297	4.153548	6.956268	
11	7	4.583603	12.086710	5.113654	10.537260	8.946898	5.137328	11.034250	4.032775	4.067440	9.618050	2.923586	10.363290	6.868758	4.231297	
12	10	11.775400	8.719431	14.374970	4.829060	11.034250	3.748399	3.741367	10.537260	8.855021	4.401345	3.669663	10.409360	8.161699	4.675209	7.945403	4.713798	3.737314	9.181409	5.774498	5.249055	
13	3	8.309301	7.772653	10.283790	5.387727	7.242316	4.812099	
14	6	13.657100	5.353932	4.443616	15.827520	4.898739	12.230870	4.673585	12.257200	9.225918	6.095561	7.114130	6.767949	
15	7	16.514860	5.649149	13.445500	4.112471	10.081210	5.387727	8.432547	6.028729	4.671222	9.233443	8.469807	4.909775	9.465774	4.280674	
16	4	10.092090	8.583858	9.392398	4.955930	6.185001	6.679825	5.797005	6.577942	
17	6	7.159482	17.006220	7.945403	7.982435	3.769200	12.591600	4.882661	8.616687	8.654623	4.718532	7.117949	4.378107	
18	3	9.946013	20.328070	4.737005	8.871256	7.242316	4.499927	
19	4	8.581463	9.007358	15.712120	4.066517	7.521208	3.962125	5.212178	5.610234	
20	3	6.131147	11.643150	6.063107	7.966217	3.619280	10.409360	
21	9	12.203310	5.047641	9.082497	6.452342	12.110460	4.430501	8.317657	6.380361	7.185199	6.161151	3.622928	10.833670	9.392398	3.909410	3.318552	9.011360	8.654623	3.375512	
22	4	10.092090	6.127695	3.589891	12.230870	6.949052	5.402884	3.673110	8.871256	
23	7	4.653328	12.086710	11.034250	4.556397	7.525957	6.355703	5.019936	9.233443	3.428739	13.420710	11.034250	3.562361	7.288318	5.335085	
24	7	10.102040	5.633062	6.878902	6.897742	5.064899	8.523203	4.357437	8.616687	3.696098	9.007358	6.027950	5.417472	3.352995	9.618050	
25	8	8.344445	7.603119	6.971059	8.663837	9.465774	5.857863	8.855021	4.434484	4.199036	9.198386	8.469807	4.402251	3.652507	9.011360	4.849249	6.679825	
26	5	9.240098	11.748450	4.874918	9.726135	4.306025	9.726135	7.657375	5.392064	3.208778	12.230870	
27	4	5.094489	11.234070	8.161699	5.221166	3.929851	9.956217	5.212178	6.135140	
28	5	7.900350	9.383197	5.427892	9.726135	8.432547	5.141816	3.412061	11.146060	6.717591	5.392064	
29	5	9.392398	11.815730	5.774498	11.429230	13.445500	4.329283	11.034250	3.700018	4.012287	9.007358	
30	3	5.927684	9.726135	7.860238	6.622358	8.190914	3.962125	
31	5	5.593562	12.868330	8.344445	6.673140	5.041062	9.198386	7.525957	5.682186	4.035702	9.618050	
32	7	7.829416	10.232950	6.354364	11.258550	4.456898	12.868330	12.110460	4.580422	9.225918	4.313796	7.945403	4.723161	7.141866	4.047843	
33	4	8.344445	7.707449	8.855021	4.856394	3.699857	11.146060	4.123947	8.871256	
34	3	6.207532	9.233443	8.855021	5.334038	7.185199	5.829730	
35	1	4.696683	12.868330	
36	5	4.821900	16.000160	6.063107	8.033947	11.034250	3.651786	5.064899	7.476962	6.892010	4.604232	
37	7	9.735233	6.956268	8.309301	8.054871	8.946898	6.121227	9.345195	4.332945	6.947378	5.494838	6.892010	4.629211	9.946013	2.937886	
38	6	12.306030	4.811419	8.197203	6.380361	6.878902	7.051056	3.562270	10.833670	3.338058	11.234070	9.946013	2.953621	
39	3	6.716682	8.621237	4.243876	12.257200	5.526182	8.871256	
40	4	10.092090	5.705799	3.450163	13.420710	6.063891	6.955180	6.949052	4.553333	
