nice7.50.txt
10
50
100 34
1	6	14.354380	19.251030	29.173860	7.438162	8.353651	23.416040	9.551970	20.124870	13.514870	12.799410	16.854760	10.166790	
2	3	31.077120	8.064260	31.077120	8.058466	15.804440	5.199959	
3	5	15.657090	23.416040	9.235390	27.772840	22.627330	10.629910	16.124870	14.401440	15.804440	12.612540	
4	2	22.627330	8.572488	8.539470	18.167060	
5	13	9.038038	23.416040	14.354380	14.684200	22.627330	8.353928	22.979490	7.945807	22.013890	8.254702	16.854760	9.958080	22.627330	6.378897	12.965180	9.890953	6.899032	17.812500	8.124534	14.875890	8.323364	9.890953	5.466169	14.875890	7.483580	9.890953	
6	5	19.802440	23.416040	33.858620	13.371400	12.499460	20.124870	11.542690	17.812500	8.779101	14.401440	
7	6	31.941170	16.122730	26.334140	18.167060	15.591260	12.799410	22.013890	6.718733	8.954644	14.401440	12.410150	7.027627	
8	4	28.772130	7.921547	29.173860	7.437730	12.275180	9.663047	8.242599	10.977060	
9	4	15.887250	12.799410	10.086640	14.875890	12.275180	8.504010	10.569340	7.027627	
10	2	11.912610	27.772840	8.242599	9.147816	
