nice29.200.txt
40
200
100 20
1	7	14.960670	8.769779	8.997457	5.447021	10.122390	4.504983	12.266300	3.083172	5.533732	6.470223	8.596193	4.014541	3.023710	10.781790	
2	9	4.570069	18.110570	10.014580	5.909844	7.413463	6.818721	6.877689	7.341482	10.004120	4.908731	4.591928	9.471914	7.193608	4.612992	3.697921	7.700241	6.825777	4.115776	
3	3	7.820539	4.433802	8.992661	3.812847	7.193608	4.041847	
4	3	7.986287	9.063014	9.115539	5.030776	8.992661	4.152647	
5	5	6.075736	18.110570	5.619942	11.943120	9.521259	6.046259	11.034310	4.498286	6.974385	6.361864	
6	7	8.609651	5.612955	3.891732	12.145550	8.516225	5.447021	8.992661	4.947807	5.322688	8.016183	5.320872	7.162348	4.478367	6.265589	
7	5	6.452894	8.129820	3.942487	12.145550	4.108417	11.596310	5.168293	8.722248	5.879981	7.340727	
8	7	10.315810	10.690460	11.034310	4.505350	9.123764	4.115776	5.819125	5.948299	3.063371	10.369550	2.754597	10.781790	6.365544	4.516046	
9	3	9.471560	5.948299	7.820539	5.076755	4.652924	7.700241	
10	6	11.503470	13.176580	13.293440	4.604957	3.740355	14.781370	5.565574	7.887300	3.673218	10.781790	5.990369	4.859281	
11	6	4.221692	16.544810	5.902564	8.765941	5.142371	9.356609	4.646056	7.641453	8.596193	3.696038	5.142371	6.162046	
12	6	7.347885	12.579380	4.985156	9.711049	6.774968	6.903944	9.517959	4.879135	5.767329	6.601835	5.791241	5.180330	
13	2	5.101927	6.369768	3.347033	8.395851	
14	4	12.216870	5.471848	4.068425	12.645870	10.637710	3.714483	7.166945	4.029520	
15	4	8.567139	8.395851	7.413463	7.498926	10.725060	4.516046	8.596193	3.933298	
16	5	11.034310	4.947155	5.377975	8.765941	4.591928	8.023573	6.475056	5.180330	11.034310	2.961203	
17	3	8.198716	6.634886	5.565574	9.577053	4.514294	6.265589	
18	4	5.303737	18.110570	5.414365	11.943120	6.974385	7.888890	10.014580	3.222391	
19	3	5.149705	12.645870	12.629190	4.428387	6.634995	5.866433	
20	4	8.596193	5.927954	4.201513	9.711049	4.011722	7.234914	6.812349	4.258270	
21	7	4.964977	16.544810	7.489291	8.412748	7.489291	8.103342	13.293440	3.573132	5.178098	9.132236	3.612474	12.675410	2.945067	10.431570	
22	1	5.055000	15.518660	
23	1	3.202276	10.781790	
24	4	4.859881	10.781790	4.134463	7.700241	4.195653	7.076972	6.336754	4.490661	
25	8	10.004120	7.236822	5.603261	9.581818	6.791098	6.819094	6.176389	6.784323	6.336754	6.588737	6.336754	5.435787	2.977634	10.690460	5.320872	5.417028	
26	4	11.620580	4.745372	5.292905	8.395851	5.853251	6.601835	5.186036	6.082661	
27	8	9.786032	8.765941	9.521259	7.157543	5.496791	10.126140	8.184969	6.520441	5.080596	8.654839	8.478334	4.258270	6.449654	4.523825	5.299008	5.461406	
28	6	5.873896	9.132236	10.195480	5.030776	8.904031	5.612955	5.496791	9.052754	3.877870	11.596310	7.296343	4.524745	
29	4	11.034310	4.403408	4.770505	7.641453	5.735299	5.461406	6.886655	4.548105	
30	5	5.533732	12.708670	10.637710	4.415337	9.366735	4.879135	5.879981	6.976920	7.820539	4.069891	
31	6	11.503470	13.079280	8.515717	6.903944	6.383201	9.002012	9.761340	4.859281	10.122390	4.217265	5.186036	6.592751	
32	5	7.764157	7.076972	11.442040	4.791476	5.322688	9.448171	3.228230	12.145550	4.011722	8.283742	
33	9	6.337120	13.580450	11.112300	6.634886	4.855839	14.781370	11.034310	4.980484	13.583940	3.635629	6.335148	7.641453	6.850111	7.063922	8.874475	4.963620	3.905045	10.431570	
34	9	11.821730	16.516090	7.992422	13.203800	6.974385	6.800787	5.101927	9.148888	11.442040	3.968899	6.502346	6.819094	5.603261	7.882535	6.877234	4.963620	7.322782	4.523825	
35	5	6.375024	8.133257	13.293440	3.695123	5.841845	8.133257	5.636978	8.395851	6.885781	4.548105	
36	3	6.974385	6.537607	5.239477	8.654839	7.296343	4.477267	
37	5	12.629190	4.573626	6.399385	7.700241	12.266300	3.083705	3.464676	8.395851	6.336754	4.456615	
38	5	7.298807	12.579380	8.082983	7.341482	4.602886	10.602250	4.372311	10.369550	5.581874	5.866433	
39	3	6.609025	17.464350	5.520566	19.178890	6.040479	6.784323	
40	6	5.359148	12.675410	7.986287	6.929825	13.583940	3.441343	7.105715	6.520441	8.782597	4.029520	2.832796	10.602250	
