nice40.100.txt
20
100
100 32
1	4	23.688330	6.811097	11.306970	8.981461	6.403867	15.495520	3.754428	15.015910	
2	7	8.899945	20.265580	11.251370	9.241746	4.608975	16.588000	9.497221	7.107464	3.937792	15.015910	6.811370	8.290385	10.415110	5.375867	
3	4	12.852920	18.481520	4.420343	16.588000	6.865678	8.732242	6.865678	8.183213	
4	6	13.426360	15.298980	16.412590	7.951701	14.997210	5.068463	16.135720	4.036865	10.512530	6.010732	10.635640	5.375867	
5	8	10.733040	10.175770	9.793314	10.404290	16.135720	5.941510	4.230067	16.594100	10.227290	6.807005	5.286805	12.182870	6.403867	9.497406	8.423266	7.064205	
6	7	16.135720	7.881584	8.899945	13.638680	6.861522	17.589020	10.693350	11.063800	8.878120	10.404290	9.029319	10.062510	11.306970	5.360884	
7	3	13.080200	10.917700	6.148818	16.915450	10.140940	6.049361	
8	4	23.688330	12.159500	4.246896	16.594100	8.520295	8.115675	3.756705	15.015910	
9	4	9.729568	11.258420	6.443548	15.538790	10.145450	6.411865	10.512530	5.294098	
10	4	6.962524	15.015910	4.485646	16.915450	5.696129	12.182870	13.485260	4.777839	
11	4	10.668140	16.847730	7.730726	11.258420	8.032050	9.312033	4.886540	12.182870	
12	6	13.426360	18.865390	9.497221	10.986300	14.997210	5.995340	8.522308	7.830367	9.497221	6.281181	11.049320	5.369162	
13	5	12.852920	8.425347	8.476963	10.300070	9.029319	7.253761	6.443548	9.454131	6.811370	8.625070	
14	7	28.509610	13.608630	10.733040	10.443920	5.435498	20.619690	13.542890	6.411865	12.610360	5.418186	12.852920	5.024495	11.251370	5.156555	
15	4	8.522308	26.073900	12.847410	6.938437	11.049320	5.889257	7.989327	7.064205	
16	5	7.549898	12.715280	10.151140	8.115675	8.205701	9.312033	12.610360	5.499509	13.485260	4.519479	
17	3	5.569609	16.847730	4.445444	17.589020	4.906046	12.182870	
18	5	31.238230	8.521806	12.440930	13.284570	6.413329	20.619690	16.135720	4.121540	8.476963	7.010099	
19	5	11.251370	13.705870	15.024350	9.297318	16.237750	8.004610	7.549898	12.667180	11.251370	5.800098	
20	5	18.671430	13.411400	10.823470	6.807005	10.140940	7.235213	9.497221	7.556419	10.512530	5.610624	
