nice1.50.txt
10
50
100 47
1	2	25.323280	8.614737	8.949194	15.035530	
2	2	13.635460	16.939690	13.823140	10.996420	
3	7	19.618840	19.611160	10.406370	21.417320	18.376710	11.896630	14.435110	9.614314	11.147750	11.872290	9.712276	13.334350	16.056550	8.057572	
4	5	46.531270	17.065670	9.135109	31.948490	13.483080	16.750770	6.085396	22.928380	9.095674	14.742400	
5	4	19.246190	22.903100	6.613276	22.928380	12.604040	10.480170	7.791021	14.645050	
6	4	16.323010	13.258480	12.103530	12.597960	15.269320	8.057572	9.633463	12.579100	
7	6	21.776250	10.480170	21.481580	8.997871	21.338630	9.020110	9.712276	18.614140	11.500150	10.996420	12.898710	8.997871	
8	3	20.658380	19.478040	13.635460	22.149520	10.547210	11.896630	
9	12	14.105770	21.417320	16.323010	16.256490	8.950342	28.962310	12.973780	16.750770	17.607340	11.896630	9.633463	19.369390	16.890760	9.614314	6.813729	21.417320	19.246190	6.514524	12.103530	10.330420	8.531988	14.645050	8.949194	13.926780	
10	5	10.096550	19.611160	9.112337	16.750770	10.150520	14.742400	14.611320	9.020110	11.147750	11.056090	
