nice24.200.txt
40
200
100 19
1	6	7.009654	17.593130	13.798890	4.108279	4.560891	11.145610	6.350611	7.741498	9.752874	4.755649	8.699074	3.673862	
2	5	9.045672	6.828436	7.852682	6.221583	9.135941	5.278014	6.589416	6.469898	10.307120	3.869040	
3	5	3.503214	12.970550	5.640849	8.037092	10.307120	4.351848	6.887415	5.666431	4.870138	7.762511	
4	8	10.385830	8.629744	14.804220	4.562004	15.539580	4.083238	14.804220	4.206979	7.971172	7.680034	7.125185	6.878681	9.263243	4.509994	10.279790	3.887267	
5	5	12.816830	3.942014	10.515910	4.566399	7.819943	5.049202	11.711650	3.360081	4.102637	7.894730	
6	3	7.725402	6.736334	5.939581	5.690380	4.182980	7.591857	
7	6	6.836829	13.073160	9.888375	6.564106	8.245090	6.634002	6.332186	6.702628	8.047050	4.839694	7.636585	4.343322	
8	3	8.014824	11.496520	8.047050	7.615881	4.488939	10.893220	
9	4	13.798890	4.186728	6.123487	7.890501	3.379390	13.028440	4.217667	9.640665	
10	12	9.104745	5.909892	7.819943	6.830005	4.981689	10.242260	7.313794	6.451183	7.916806	5.666431	5.428917	7.634603	5.948927	6.946683	6.087093	6.488283	4.438951	8.781048	7.819943	4.718184	5.675825	6.451183	7.819943	4.663002	
11	7	8.736329	7.930172	11.963670	4.255315	3.252343	12.970550	5.075468	7.818966	9.752874	3.971444	6.090407	5.234429	10.307120	3.087583	
12	3	8.096938	7.021425	13.678410	3.465682	5.946656	7.360703	
13	3	10.173810	5.903885	6.330577	7.764141	3.798303	12.062590	
14	3	7.220583	9.640665	5.069167	8.222726	4.438951	8.812080	
15	4	7.520676	7.894730	7.031522	7.741498	6.194920	8.507792	9.796212	3.251300	
16	4	13.678410	4.429048	9.008357	4.830751	6.341041	6.185529	7.636585	4.164469	
17	8	5.404144	10.242260	7.269197	6.736334	4.268831	10.545400	8.734256	5.100238	11.448610	3.794555	6.475862	6.702628	5.948927	7.040082	3.116865	10.545400	
18	4	11.927830	5.659267	10.281860	5.100238	3.586886	12.062590	10.291350	3.111492	
19	6	5.720543	9.281279	7.386155	6.731520	13.601420	3.580474	3.556622	12.970550	6.589416	6.558538	10.515910	4.028831	
20	4	7.480791	6.878681	7.355086	6.744946	6.330577	5.309018	7.725677	4.228554	
21	1	5.285298	8.573074	
22	5	11.470210	4.279297	9.135941	5.267390	7.137835	6.225599	5.237953	8.222726	12.816830	3.216244	
23	4	10.918270	8.025343	10.024490	6.731520	8.119844	6.744946	7.609411	5.154122	
24	2	11.470210	4.228494	6.068147	6.451183	
25	4	8.815640	6.941357	9.218612	6.564106	7.035146	7.360703	6.773577	5.255348	
26	6	6.717666	10.549450	7.852682	8.000348	10.226140	3.865633	4.067256	9.640665	5.361512	6.488283	7.819943	4.271017	
27	4	15.539580	4.211770	8.337095	6.225599	10.317660	4.720176	8.014824	4.897549	
28	6	8.331034	8.550744	9.976804	5.941014	5.720543	9.866495	6.780468	6.986473	6.243954	6.451183	2.961276	11.577360	
29	6	9.796212	6.389365	5.075468	11.328810	6.897661	7.021425	3.481831	12.970550	7.819943	4.769793	6.393829	5.255348	
30	5	14.804220	5.213737	5.896894	10.893220	9.613635	5.586479	9.425970	5.265924	8.047050	5.368351	
31	9	11.963670	18.325500	11.927830	5.903004	11.448610	6.087222	9.045672	7.158329	8.047050	7.429875	9.493352	5.586479	6.601665	6.986473	6.341041	6.842906	7.852682	4.925842	
32	4	4.183633	16.493520	8.933173	5.903885	6.833049	7.680034	4.030186	11.145610	
33	4	13.601420	4.444869	7.609411	6.908468	8.047050	5.047402	2.978305	11.577360	
34	3	3.602651	13.028440	9.263243	4.217099	7.725677	4.492536	
35	3	6.717666	10.960220	12.469700	5.589113	7.076999	5.234429	
36	8	11.963670	5.117698	12.469700	4.527465	5.553371	7.591857	5.428917	7.512891	8.402284	4.830751	10.291350	3.829865	10.307120	3.782402	4.555832	7.762511	
37	4	9.039313	5.941014	5.100535	8.573074	6.559132	6.634002	8.699074	3.686840	
38	8	17.770330	5.378689	6.880299	8.721089	4.513695	12.597110	12.816830	3.387145	8.014824	5.115592	5.086993	7.792926	5.939581	6.295195	5.501231	5.909892	
39	4	8.033983	7.591857	12.469700	4.611393	4.077382	12.597110	11.711650	3.342547	
40	7	7.657591	7.360703	6.123487	8.603014	3.332247	12.970550	10.226140	4.171460	10.279790	4.042906	10.317660	3.830569	5.086993	7.354568	
