nice13.100.txt
20
100
100 38
1	2	8.264081	7.339723	7.433155	7.978749	
2	7	16.576240	13.600900	11.490170	18.640380	9.469756	10.479100	7.786036	12.622230	5.554202	14.401140	6.036354	12.045470	3.938660	14.401140	
3	5	9.920983	22.008760	5.805700	19.818830	5.608207	14.399070	11.085030	6.088439	10.770540	5.503221	
4	5	11.031220	24.399580	9.754232	9.600958	8.303385	10.511260	5.303892	10.913430	11.399110	4.784981	
5	6	9.920983	15.485140	9.754232	11.871850	7.525414	11.629960	11.399110	6.213832	8.094145	7.641450	9.444294	6.332380	
6	4	7.525414	9.016345	8.249693	7.978749	7.651520	8.317160	9.444294	6.289848	
7	7	16.568730	12.922900	14.474650	6.753723	6.919620	13.865910	6.562619	13.865910	5.274086	15.145960	7.483784	9.903069	10.074640	5.552011	
8	6	9.672211	13.352270	11.490170	10.906570	10.074640	8.847056	12.651200	6.340591	8.924719	8.317160	8.417010	7.339723	
9	5	16.576240	13.127770	7.188229	14.401140	9.336439	9.903069	15.682850	4.296398	5.928616	10.798380	
10	7	17.975600	15.190280	7.681464	12.922900	6.412500	14.200550	12.523540	6.340591	8.482094	7.641450	7.279777	8.872176	4.081389	13.865910	
11	5	17.334830	6.826768	4.930494	13.865910	6.412500	8.894518	4.340890	12.922900	11.399110	4.855641	
12	3	9.252998	23.095070	11.085030	8.996023	5.245029	15.145960	
13	7	16.820220	13.192000	7.174992	23.095070	8.303385	11.792350	15.262490	5.452603	10.700080	6.753723	4.552175	13.865910	14.143520	4.334761	
14	8	9.656908	37.493900	7.982711	27.382150	16.681090	10.298180	11.490170	7.946948	16.681090	5.256715	16.681090	4.564046	15.682850	4.842976	11.085030	5.561841	
15	5	11.069620	12.922900	8.107164	12.045470	10.770540	7.547787	10.770540	6.767825	11.399110	5.586267	
16	4	14.143520	8.019349	11.399110	9.142502	5.095557	12.622230	10.519120	5.582276	
17	3	11.399110	11.276580	15.682850	4.192641	5.215224	10.913430	
18	2	9.672211	8.951344	7.279777	8.504933	
19	4	9.469756	10.167200	6.562393	13.865910	6.052022	13.865910	15.262490	4.659140	
20	5	17.334830	5.795460	15.682850	5.323472	7.279777	10.005040	5.928616	10.674420	10.519120	5.852231	
