nice36.100.txt
20
100
100 33
1	3	12.593960	20.699210	9.654270	9.219687	9.582182	7.484181	
2	6	12.793280	7.957359	6.667744	11.801570	9.654270	8.116220	14.767250	5.094242	9.281104	7.959779	9.740326	5.707474	
3	6	14.540230	16.643570	8.522370	9.402304	10.625920	6.439919	4.910553	13.038010	13.564440	4.440216	8.817675	5.918746	
4	2	14.540230	5.818164	13.564440	6.193034	
5	4	9.408529	10.386200	10.763880	9.042319	7.009061	13.022220	9.582182	7.791320	
6	8	9.434738	11.654910	14.767250	5.699658	12.542380	6.052836	5.634830	13.038010	9.837422	7.071249	4.954709	13.558800	4.432039	13.558800	4.165802	13.558800	
7	3	9.740326	11.050050	13.186300	5.281729	9.015635	7.605550	
8	1	4.793827	13.022220	
9	6	7.241791	26.103210	12.542380	9.518087	10.123810	11.092580	10.264940	9.402304	4.996119	15.868890	12.542380	5.700883	
10	7	6.582376	26.103210	8.663592	8.906683	9.446528	7.809612	9.281104	7.909114	9.223376	7.809612	13.186300	5.351520	4.243352	11.716380	
11	6	23.788030	12.551940	10.254130	7.957359	10.719020	7.593808	12.421490	6.439919	5.090312	14.448300	5.009940	12.183160	
12	7	23.047410	7.736917	6.721011	26.103210	6.076877	23.671260	6.075949	20.699210	14.740880	6.158257	9.582182	8.861841	8.663592	9.408331	
13	4	14.637310	10.386200	4.344426	14.448300	9.837422	5.950968	3.986609	14.335450	
14	8	13.307090	16.757520	15.707340	12.551940	6.908806	13.558800	8.295202	11.092580	8.280160	10.793900	9.015635	9.730357	6.667744	11.869680	8.068292	7.593808	
15	4	10.123720	18.315010	9.189371	11.767760	7.896419	13.558800	12.998020	5.504899	
16	6	15.672580	9.042319	12.565130	6.674696	4.392682	15.868890	11.137590	5.829973	12.542380	4.831404	9.969639	5.918746	
17	3	9.205132	32.666920	23.047410	12.494800	7.311639	15.717020	
18	6	16.205360	13.038010	9.702259	10.386200	14.740880	5.558118	9.582182	8.529573	5.202762	14.335450	14.540230	3.641473	
19	3	6.751379	13.022220	4.680495	12.183160	4.063177	11.716380	
20	7	8.979469	12.183160	13.871330	6.674696	8.078329	11.092580	6.828468	13.022220	11.137590	7.728823	12.998020	5.587684	4.275211	13.022220	
