nice28.100.txt
20
100
100 24
1	6	12.697230	13.092300	9.165991	14.632040	9.988967	12.734630	16.669820	7.259810	12.182610	5.337422	10.877580	5.952117	
2	2	18.727960	10.894190	15.253340	7.543032	
3	8	11.044620	17.932840	10.149160	17.029790	15.545010	9.240722	9.913652	12.087860	6.140217	18.469780	12.454440	8.327509	4.202144	15.009590	6.889461	7.815209	
4	4	12.645840	10.010120	7.746180	15.215940	10.168250	10.986990	11.484670	7.715485	
5	6	19.462610	8.302602	9.200818	10.894190	5.337381	17.029790	9.252381	7.366292	8.417990	7.698848	13.613020	3.699402	
6	6	18.969030	5.858041	9.165991	10.445900	9.796800	9.267903	9.151565	8.394776	13.613020	4.407606	6.134304	8.094353	
7	1	13.817690	9.530791	
8	10	22.155240	7.019670	8.908205	14.558730	13.817690	8.938987	15.253340	8.084620	7.427173	14.037800	9.796800	9.394345	5.785974	15.627650	5.318760	16.729360	12.182610	5.012698	7.417443	7.366292	
9	5	21.655820	6.679675	10.296620	11.255910	12.697230	7.011495	9.817470	8.394776	6.498712	7.990669	
10	5	8.500221	11.171080	5.340440	15.009590	6.134304	10.375430	6.889461	7.812442	6.393456	8.327509	
11	3	6.501572	21.682540	9.913652	9.546412	9.055382	5.241640	
12	4	10.296620	13.822030	9.055382	15.284320	7.427173	12.786000	5.019701	18.469780	
13	2	9.542583	11.814210	8.791523	8.493940	
14	6	14.315750	8.107008	9.913652	10.878670	9.509403	10.010120	12.697230	7.068269	8.568648	10.383270	10.177510	8.493940	
15	6	6.000617	18.469780	8.923645	7.640550	14.206300	4.760993	8.923645	7.575392	6.704688	8.327509	3.424027	9.240722	
16	4	13.957480	10.754290	8.061552	14.558730	6.980790	12.734630	6.540701	7.990669	
17	3	16.053420	7.715485	16.669820	6.051754	5.353011	17.029790	
18	4	10.168250	10.695550	19.428550	5.218960	9.473209	10.350120	8.627264	7.990669	
19	10	8.417990	23.421040	13.722470	10.709830	13.580610	10.754290	11.044620	13.187040	16.669820	6.924088	9.796800	11.489780	8.401109	10.383270	14.206300	5.948837	8.550974	5.952117	6.262099	7.990669	
20	5	12.855360	10.442700	9.055382	11.986990	7.536596	9.515982	7.536596	7.213381	9.796800	5.347545	
