nice16.50.txt
10
50
100 38
1	5	9.946013	37.964950	10.092090	37.095640	8.855021	29.563530	9.460646	16.000160	18.060250	6.956268	
2	5	16.289850	28.957590	11.860900	15.556210	9.236932	9.181409	11.034250	7.448417	11.034250	7.164083	
3	3	22.790700	8.441754	18.060250	8.871256	13.866870	9.726135	
4	7	21.329210	22.404610	20.365010	16.348720	12.752920	15.827520	7.860238	18.616570	13.929840	9.383197	12.306030	9.383197	11.034250	8.208183	
5	4	9.392398	29.563530	20.365010	11.020790	16.514860	12.230870	7.525957	11.136020	
6	2	22.790700	9.233443	12.110460	12.257200	
7	5	16.514860	15.998410	20.536520	9.726135	16.289850	9.007358	6.971059	17.675200	7.525957	12.675750	
8	8	14.038380	27.369510	14.747140	22.824550	9.240098	29.563530	14.374970	15.556210	13.657100	13.283880	15.712120	9.312026	6.131147	23.811760	15.712120	8.028642	
9	5	16.514860	16.058510	9.465774	21.268120	8.432547	22.404610	8.654623	18.616570	7.141866	16.000160	
10	6	15.014620	22.824550	11.775400	17.340670	10.885010	16.000160	11.034250	14.274960	9.236932	12.086710	12.110460	9.010922	
