nice7.500.txt
100
500
100 15
1	6	4.291512	10.901820	6.216825	5.199959	3.640657	8.383957	4.458636	5.537435	4.379203	3.807753	3.633380	4.418250	
2	2	5.122198	2.945190	3.265652	4.395223	
3	2	3.688046	3.928968	2.923083	4.063352	
4	4	4.586258	5.894775	5.132250	4.827986	3.045788	5.345413	2.271122	6.735375	
5	8	5.267799	5.493358	7.486041	2.940668	2.594966	6.735375	2.261147	7.539876	3.210764	4.852910	3.911290	3.975871	3.603317	4.021230	4.586258	3.146456	
6	3	4.066058	8.249127	2.659804	6.489856	5.132250	2.623770	
7	7	7.828374	5.338478	4.885262	7.438162	4.540299	4.883000	2.030988	7.303744	3.240113	4.491289	3.512425	4.107740	4.152254	3.329350	
8	1	3.909065	5.111990	
9	6	8.169023	4.927961	3.737167	5.091081	2.307887	8.064260	8.360023	2.144534	2.878554	5.659736	5.331702	2.970066	
10	1	3.179968	6.378897	
11	5	2.570637	9.958080	4.681571	4.506485	2.866243	7.334558	2.944713	6.667983	3.633109	4.475312	
12	7	6.842487	4.058541	4.091218	5.354527	2.851632	6.718733	3.973903	4.394001	3.244251	5.057045	2.682030	5.570880	2.196171	6.667814	
13	4	8.353651	4.264269	5.124365	4.374472	4.794038	3.271685	6.236264	2.387877	
14	8	7.153501	9.868286	2.934306	9.095594	2.872131	8.254702	2.653057	7.437730	3.999170	4.883000	3.344973	5.345413	3.938642	3.878788	4.566198	3.144336	
15	8	7.109748	4.043030	6.181188	4.640367	4.472744	5.946460	6.053247	3.842288	8.526008	2.641937	3.376477	4.616858	3.672328	4.112411	5.307543	2.842494	
16	3	3.427904	6.586026	5.034697	3.633272	2.878580	4.979811	
17	4	11.912610	3.065866	7.304659	3.197675	6.489807	2.572543	2.660791	6.144258	
18	2	3.079586	4.658281	3.506431	4.021230	
19	7	3.383489	7.303744	2.976893	8.064260	3.916871	4.579328	3.633380	4.369580	3.289995	4.590796	4.599147	3.141075	3.341266	4.277050	
20	3	5.696773	4.277050	2.236850	6.735375	4.355893	3.385223	
21	3	8.169023	2.211934	2.730923	6.083896	5.884417	2.679696	
22	7	4.247199	13.371400	3.287865	8.223537	3.230875	7.287381	3.319516	4.858318	4.524180	3.405244	3.676615	4.084966	3.376477	4.272845	
23	8	3.360859	8.064260	3.064567	7.027627	3.643090	5.582420	3.921597	5.019995	3.676615	4.693985	6.183602	2.532758	4.586258	3.288265	5.167083	2.839144	
24	3	5.122198	3.454229	3.659932	4.493261	3.911290	3.722102	
25	3	2.539201	8.572488	2.645119	6.038212	6.548982	2.269348	
26	8	4.600076	14.875890	4.313277	10.867070	4.831525	3.507897	2.435127	6.378897	2.619738	5.681072	3.676615	4.020455	3.571630	4.047401	3.547953	4.058172	
27	3	5.934125	3.842288	4.403865	3.671601	3.364947	4.360733	
28	3	4.331372	5.681072	2.150807	8.583319	2.138151	8.254702	
29	6	6.401442	2.711922	3.972938	4.342222	5.028608	3.405244	3.191114	5.338428	2.989853	5.241694	3.335761	4.292100	
30	4	6.187841	4.360733	3.623234	4.759450	4.682145	3.244073	2.646256	5.494533	
31	7	4.821199	3.970312	3.244251	5.810025	3.198539	5.406900	2.167462	7.437730	3.057888	5.111990	4.152254	3.495066	2.889252	4.122129	
32	4	5.845325	3.569500	2.125942	7.921547	3.749142	4.150347	2.455645	6.122685	
33	7	5.414476	6.067656	2.675471	6.692827	2.934214	5.004766	3.226300	4.529793	3.022551	4.781828	2.132451	6.735375	2.726212	4.522343	
34	3	5.145702	4.384099	4.213243	4.163023	4.794038	3.128302	
35	6	7.636755	7.438162	9.280914	2.815193	3.198539	4.609563	5.096487	2.836927	3.928873	3.674321	2.474915	4.986230	
36	4	3.440246	7.027627	2.664680	8.661470	2.982824	6.107571	3.440840	4.533381	
37	5	4.379340	7.758139	2.563543	5.896019	3.558945	4.230082	3.571630	4.154309	2.640253	4.986230	
38	6	4.032263	7.921547	4.279548	6.028445	4.237442	5.196959	4.403865	3.563610	3.882874	3.854839	5.094317	2.836927	
39	11	3.643090	7.788980	2.979082	7.334558	7.483580	2.500727	4.424192	3.855629	4.258101	3.698199	3.829634	4.058172	3.672328	4.142291	6.570465	2.269133	2.315871	6.292572	2.585769	5.570880	6.401442	1.837138	
40	6	4.383784	12.612540	6.698760	3.210745	2.288413	9.147816	4.152254	4.358259	2.162752	7.027627	2.944713	4.941113	
41	7	3.416971	5.896019	3.429022	5.517923	3.627586	5.111990	5.739404	3.081416	4.302028	3.594078	3.431310	4.440265	5.076286	2.822047	
42	5	3.224302	5.196778	3.525205	4.490211	4.897852	2.988048	3.797635	3.812961	3.265652	4.392606	
43	4	3.444002	8.572488	9.038038	2.338062	2.468505	6.667814	3.431310	4.655329	
44	9	8.030063	4.975741	2.575576	7.438162	4.458636	3.885980	5.105489	3.197675	4.691773	3.246668	5.032960	3.022779	5.845325	2.467341	2.989853	4.626592	3.596813	3.605890	
45	5	5.282084	5.261365	5.541132	4.540967	3.420013	5.533504	2.795967	5.417337	3.820603	3.157149	
46	3	3.971453	4.986230	2.592328	6.692827	6.183602	2.482618	
47	3	2.155631	8.058466	3.467260	4.596424	1.952096	7.539876	
48	9	3.824977	5.946460	5.307543	3.876239	3.147146	6.421054	5.071770	3.854839	4.586258	3.793229	4.676639	3.366799	3.092591	4.774545	4.669191	3.144336	2.838289	4.103519	
49	9	7.406937	2.980136	2.815028	6.586026	3.230875	5.512025	2.157660	8.249127	4.355893	3.975592	7.756465	2.136170	2.660475	6.122685	3.287865	4.575869	5.093081	2.445148	
50	6	3.815089	6.413522	3.489063	5.027832	6.489807	2.627416	3.092591	4.888502	4.409981	3.366799	2.972838	4.852910	
51	4	8.494223	3.508762	8.169023	2.368448	2.141815	8.058466	3.619517	3.998417	
52	6	4.470594	4.288359	2.129933	8.249127	2.844310	6.054910	3.489063	4.195222	3.191114	4.552525	6.401442	1.850927	
53	6	3.829007	8.298771	3.319516	7.941088	3.719360	5.659736	4.584973	3.855629	6.539895	2.544891	7.656240	2.025591	
54	3	4.941217	7.437730	3.393763	5.201614	5.884417	2.665717	
55	5	8.360023	3.561707	6.739641	3.753385	4.682145	3.648654	4.821199	3.467417	2.795488	5.658974	
56	10	7.078168	5.533504	4.231197	6.718733	7.483580	2.793802	8.169023	2.481695	3.659932	4.654555	8.169023	2.063064	4.237442	3.693098	3.625339	3.998417	4.355893	3.299450	2.889252	4.078407	
57	4	3.910079	8.064260	2.796917	7.921547	4.682145	3.767538	3.393763	4.479118	
58	5	4.871216	4.506485	6.848693	2.140327	4.172715	3.502719	3.595742	3.981945	2.901654	4.103519	
59	10	8.526008	2.712589	2.694600	8.064260	5.016002	3.878788	5.660418	2.970066	4.279548	3.680037	5.282084	2.929277	2.614202	5.494533	1.968518	6.820410	4.213243	3.172992	4.587121	2.749620	
60	3	4.897852	5.070418	4.580987	4.540967	3.558945	4.362157	
61	1	5.167083	3.539753	
62	7	9.210087	3.796831	7.418435	3.907788	3.765999	5.517923	3.958776	4.370005	3.039860	5.354527	4.748568	3.391042	4.822435	3.157149	
63	2	4.302028	5.295979	2.962057	4.975741	
64	6	6.796852	3.254998	4.640705	3.855629	6.796852	2.328578	2.795967	5.460478	3.911290	3.336756	4.572634	2.792023	
65	4	6.503341	6.064953	3.746142	5.743958	4.613972	4.058172	2.253402	6.718733	
66	6	5.470873	8.298771	3.162458	5.019995	7.418435	2.124234	3.810039	3.999925	3.545086	3.985029	7.244855	1.906509	
67	5	5.466169	14.875890	4.133311	4.058172	6.698760	2.470327	3.746142	4.363618	3.839542	3.042336	
68	1	2.294253	9.147816	
69	5	4.565567	4.394001	3.912145	5.091081	2.817256	5.111990	3.147146	4.556004	2.923083	3.995114	
70	6	9.368723	5.792322	4.071963	4.288359	2.920515	5.896019	5.093081	3.088356	2.246943	6.718733	7.244855	2.016621	
71	5	5.912848	5.789570	5.274113	3.914001	2.218344	8.058466	6.232716	2.534204	6.548982	2.260445	
72	3	5.123177	6.718733	3.173618	4.759450	4.289470	3.391042	
73	5	4.016320	4.596424	3.114930	5.658974	3.525205	4.732842	3.916871	3.804629	3.039523	4.779665	
74	5	3.598427	5.896019	5.730359	3.633272	6.173205	3.081416	4.572634	3.246189	2.878580	5.036652	
75	3	12.965180	5.361160	4.831525	7.330043	2.489444	6.413522	
76	2	3.274223	9.024466	5.274113	4.144464	
77	6	12.410150	3.829952	5.910619	6.378897	2.566588	8.572488	4.152254	4.940050	3.376477	4.481697	6.848693	2.138310	
78	3	4.898968	4.640367	3.558945	4.779160	6.796852	2.201665	
79	3	4.831525	3.914114	3.225822	5.004766	2.456316	6.489856	
80	7	6.232716	3.573367	3.549163	5.599950	5.202544	3.230338	2.254754	7.094889	4.636243	3.141075	5.114518	2.822047	3.512425	4.093969	
81	6	4.289968	6.667814	5.835490	3.927333	3.132406	6.259518	4.458636	4.373074	5.281703	3.156080	3.080450	4.658281	
82	5	2.654874	6.378897	3.022551	4.881218	5.912848	2.465131	1.901779	7.027627	1.871894	7.094889	
83	2	4.806176	3.928968	4.623792	4.058541	
84	2	4.603191	8.064260	3.974448	3.807753	
85	7	2.537702	9.223054	3.746142	4.293864	7.656240	1.974334	3.633109	4.097176	1.923991	7.437730	5.132250	2.439197	2.823914	4.342222	
86	6	9.210087	3.641330	3.866972	6.820410	4.278850	3.803334	1.995544	7.921547	3.545086	4.205614	3.549163	4.108532	
87	1	6.739641	2.301525	
88	7	12.275180	3.158597	9.552788	3.850264	7.756465	3.523566	5.934454	4.384099	3.170697	6.292572	3.736899	4.150347	3.862178	3.157149	
89	5	4.403865	7.516843	3.295174	9.958080	2.756858	7.438162	3.132406	5.349578	2.109326	7.438162	
90	5	3.672286	8.190642	10.765060	2.766147	5.728336	3.803334	3.701215	5.658974	6.539895	2.523542	
91	2	2.143708	8.200537	3.335761	4.291219	
92	8	6.216774	5.517923	5.095452	4.832801	3.039523	6.098150	3.097805	5.199959	6.796852	2.364113	2.444132	6.054910	4.691773	3.153319	3.393763	3.690667	
93	4	4.227003	7.094889	8.360023	2.215306	6.236264	2.680556	3.658919	4.491289	
94	7	7.582313	4.288359	8.169023	3.703964	6.848693	4.293850	4.244358	4.374472	3.458192	4.533381	5.281703	2.882132	6.304533	2.398712	
95	9	8.297721	4.011621	2.691232	9.958080	6.247430	4.103519	4.096787	6.054910	6.304533	3.800307	4.458636	4.016011	3.869598	4.370005	5.032960	3.178126	3.189902	4.529793	
96	4	6.324484	3.812961	3.503845	6.064953	4.258101	4.600573	4.013076	3.674321	
97	3	4.113860	8.064260	7.941949	3.591581	2.216586	7.921547	
98	7	3.700936	8.661470	6.489328	4.522343	9.280914	2.381586	3.279663	6.378897	7.418435	2.222680	4.172715	3.935011	2.434661	6.144258	
99	9	5.260458	5.407288	4.379340	5.613261	7.486041	3.075779	3.794060	4.590796	7.649312	2.174822	3.595742	4.590543	3.911290	3.841163	4.450917	2.749620	3.839542	3.041561	
100	2	7.573616	3.230338	3.810124	3.605890	
