nice32.50.txt
10
50
100 44
1	4	28.353950	22.261100	26.537430	8.089454	12.660280	16.681980	19.247800	7.229443	
2	3	26.629140	9.086554	18.759370	12.494050	16.608420	13.931400	
3	4	14.394350	43.301390	7.417201	27.652810	9.231526	15.814690	8.151909	14.992650	
4	7	13.678060	15.491710	10.396060	16.385440	23.057600	6.307533	12.154000	11.456330	8.868634	14.194250	8.358011	14.674320	10.080710	11.890040	
5	5	7.937234	29.045800	28.353950	7.108889	23.057600	8.366789	13.267810	11.890040	19.247800	7.142030	
6	7	12.154000	19.777610	14.286730	13.685310	14.451800	11.996920	11.745530	13.931400	9.527843	15.814690	12.085630	11.996920	8.868634	13.458560	
7	6	8.019534	27.652810	13.678060	15.058730	12.926940	15.762780	26.629140	6.676224	12.154000	12.067460	9.846524	14.371470	
8	3	15.046410	10.942440	5.744322	22.926920	10.396060	12.660350	
9	7	12.660280	26.619410	15.371580	14.674320	15.046410	11.984480	13.678060	12.750950	12.250700	13.685310	5.746696	22.926920	8.342081	14.674320	
10	4	26.034950	14.371470	9.601126	27.652810	16.207560	11.890040	10.607460	14.992650	
