nice42.50.txt
10
50
100 37
1	2	18.334740	25.305180	12.642190	17.100610	
2	4	21.128860	15.979140	18.405880	12.495810	12.754600	11.943430	7.356538	14.096210	
3	5	10.072760	25.305180	24.193110	10.375970	10.853330	21.353800	9.670931	12.102080	7.260599	11.353150	
4	6	13.467170	23.704990	8.286675	28.710680	19.693240	11.761560	12.920240	15.979140	7.130600	28.302720	20.364150	5.976583	
5	8	25.415890	14.198380	18.488680	10.750970	8.108419	17.917160	7.356538	14.614470	9.612579	9.413932	8.404935	10.750970	7.392848	11.943430	7.260599	10.000650	
6	4	12.816550	25.305180	15.643210	14.018960	17.980570	9.413932	12.642190	12.535430	
7	9	11.275280	28.302720	14.484650	21.353800	24.193110	10.977830	21.845970	11.106800	8.157644	29.636040	9.159215	21.353800	6.584513	25.305180	17.104620	7.956491	9.331009	11.943430	
8	5	12.426350	23.704990	10.297460	17.917160	9.670931	13.203090	20.364150	5.784980	9.210848	9.413932	
9	1	36.804000	9.471131	
10	6	15.643210	15.986040	8.347069	29.636040	20.674540	11.106800	10.578930	11.943430	17.104620	6.241889	9.910388	10.750970	
