nice23.100.txt
20
100
100 24
1	7	10.633560	14.493280	10.495740	13.935240	9.441510	11.774740	12.234580	7.884984	7.262811	12.614890	10.495740	7.214421	13.769200	5.498213	
2	1	9.368822	10.414380	
3	1	7.642469	12.614890	
4	5	16.156320	9.037818	7.007748	18.894000	8.252876	11.966010	3.800790	12.376020	8.589527	5.386949	
5	1	5.566058	18.801020	
6	9	11.963820	10.162020	8.250423	14.721720	10.446450	9.178198	8.956636	9.715799	6.217302	13.940720	6.341554	12.544310	8.871405	7.467398	7.269110	7.834432	7.243734	7.337307	
7	7	15.345740	11.395520	13.761720	9.715799	7.719777	16.223340	13.769200	8.429640	15.985250	5.854750	7.937885	11.774740	4.767228	10.414380	
8	5	9.437015	13.211980	10.693970	9.178198	10.497610	8.780002	15.768340	5.612338	12.770900	4.554003	
9	6	14.563490	12.972650	16.346830	7.214777	9.518779	11.483000	15.091540	6.373259	13.769200	4.084243	3.849499	12.376020	
10	3	14.905280	7.668441	11.556500	7.880282	11.381360	7.884984	
11	3	10.497610	16.823680	7.997496	12.376020	4.292010	12.544310	
12	7	7.513315	13.940720	7.960844	12.771170	7.564079	12.972650	9.103098	7.337307	7.756667	7.420273	8.023589	7.141774	6.349967	7.591586	
13	4	16.156320	9.424090	10.728940	9.178198	7.269110	6.717652	6.220133	7.467398	
14	5	22.582330	6.517978	8.252876	14.333580	7.960844	14.266420	11.963820	8.795748	7.395719	5.386949	
15	1	11.556500	6.060442	
16	8	11.652120	14.566600	8.903915	12.771140	7.719777	12.979400	9.779679	9.817311	7.907722	11.774740	15.768340	5.870663	9.779679	8.983712	6.017408	10.414380	
17	4	11.652120	11.741020	11.963820	7.349852	8.132730	7.141774	8.098667	5.966907	
18	7	12.770900	21.049680	14.011570	11.241700	8.098667	16.644610	14.034280	7.889471	15.345740	5.630914	5.133659	10.414380	8.098667	5.853218	
19	4	8.543745	18.894000	9.437015	15.990760	15.091540	6.442678	11.252840	7.889471	
20	12	23.615940	6.757632	7.589071	19.674860	8.558725	14.800140	8.903915	13.528450	7.869250	12.972650	7.756667	12.254590	8.558725	10.803540	8.250423	10.881970	9.150999	9.715799	6.934547	12.376020	10.495740	7.315075	7.419237	7.591586	
