nice34.50.txt
10
50
100 48
1	6	23.128930	11.866450	21.424310	8.216019	19.660200	8.888598	8.579675	18.743670	8.574142	17.239620	5.801057	20.572780	
2	2	18.735960	10.902350	17.747330	10.424120	
3	6	14.539330	14.114800	10.854760	17.235200	11.970100	14.100210	13.158230	11.892950	7.900191	18.743670	6.412144	18.743670	
4	7	16.528300	14.114800	18.831990	11.866450	17.747330	10.657470	14.006480	12.106230	10.023290	14.770940	9.603523	15.264560	7.932083	15.264560	
5	7	47.713050	17.239620	18.823110	19.437740	24.226470	11.185940	15.477350	14.114800	10.023290	17.668290	10.583920	16.129090	6.233609	20.572780	
6	6	13.415890	17.462680	17.747330	11.776870	21.424310	9.246662	24.226470	7.153087	12.256370	14.100210	11.694710	11.892950	
7	3	12.114910	17.239620	18.735960	9.670431	10.583920	16.310140	
8	2	24.852940	8.859281	15.187080	10.109060	
9	8	12.774790	19.437740	13.901700	17.462680	14.062290	15.264560	13.205400	14.466000	10.854760	15.623260	8.465890	18.743670	10.846450	12.106230	15.187080	8.634604	
10	3	13.205400	17.973240	11.190290	20.572780	19.660200	8.574082	
