nice44.200.txt
40
200
100 22
1	4	4.864708	15.103310	6.900829	7.842412	4.621713	9.156807	9.526964	3.715451	
2	4	7.929122	7.646520	4.910721	8.317842	3.953908	8.699230	4.715256	4.985664	
3	3	7.628416	6.265891	5.169295	7.646520	3.188196	11.019260	
4	4	6.929558	6.265891	7.488530	5.624283	7.563676	4.576231	9.281466	2.655057	
5	7	6.551558	10.015430	6.161197	9.191262	6.247082	7.842412	6.313028	7.646520	7.620469	5.697246	9.281466	3.759055	8.455721	3.202670	
6	8	5.901819	12.458480	9.938316	6.311179	3.869620	14.783570	7.898947	6.068390	4.083046	10.122710	8.803989	4.574834	6.589152	5.563725	6.509944	5.264996	
7	7	13.147910	4.803387	6.317391	9.191262	7.620469	5.921128	7.001372	6.316883	4.165541	10.459480	6.509944	6.301157	4.715256	8.466019	
8	4	4.955328	12.365720	7.763134	6.084745	10.768910	3.607924	4.305251	7.869428	
9	9	11.352040	6.714842	4.241632	13.040650	9.281466	5.583866	5.288923	7.849916	3.428583	11.566150	4.169765	8.665947	7.620469	4.634587	3.201900	11.019260	3.956424	5.861018	
10	5	7.456320	6.909629	5.676140	8.699230	3.267647	13.040650	8.839285	3.993271	4.752447	5.600941	
11	1	4.224173	10.459480	
12	5	5.827024	9.159669	5.502831	7.604972	7.735721	5.128346	5.929370	6.322496	5.489563	6.516792	
13	7	15.455020	7.807685	5.780310	11.563140	8.389097	7.367910	6.484172	9.159669	5.174795	8.581421	7.888113	5.442276	5.037416	8.017263	
14	9	14.765960	9.782548	19.181320	5.148193	8.247730	9.782548	6.355734	8.613363	10.328850	5.285167	3.762423	9.633457	3.016826	11.563140	4.377035	7.937803	7.763134	4.037199	
15	7	15.275420	9.191262	3.983427	15.103310	6.774712	8.581421	4.555260	11.563140	4.286463	9.450696	3.735646	9.450696	7.427909	4.576231	
16	3	6.355734	7.928457	4.819386	8.672393	4.550127	5.411362	
17	2	4.213028	11.563140	8.803989	4.616428	
18	5	5.502831	10.763640	5.293190	8.675074	5.305572	8.017263	3.650172	10.776530	4.458827	5.253351	
19	1	5.992544	19.895600	
20	6	4.422886	17.691470	5.922872	10.122710	8.187360	6.316883	3.343496	13.040650	4.458827	7.112370	8.455721	3.063221	
21	4	9.068458	8.017263	7.439115	5.765287	5.929879	5.784954	7.382943	3.310299	
22	3	10.005920	6.831822	7.456446	5.784954	4.810181	8.581421	
23	5	5.357885	7.797353	5.313710	7.289028	5.886888	6.358494	4.604803	7.797353	4.391292	7.935580	
24	7	19.181320	6.643826	10.171130	6.099991	9.873129	4.754883	8.999393	4.910476	5.022249	8.665947	9.281466	4.254982	4.621713	7.385013	
25	4	6.445343	21.810480	7.554421	6.228294	7.317953	5.912181	6.937314	5.615816	
26	4	12.533030	12.458480	7.488530	5.938852	3.541594	11.563140	10.768910	3.106918	
27	6	9.630048	7.553730	4.651385	11.563140	8.818321	5.563725	3.447797	11.566150	7.098357	4.874465	5.498212	5.442276	
28	6	7.735721	9.616270	9.525652	6.322496	9.873129	4.404786	4.712729	8.675074	7.898947	4.993882	9.526964	3.938181	
29	5	5.361265	8.581421	3.525639	11.563140	4.425249	8.791661	10.005920	3.781715	6.911623	5.365410	
30	8	3.788728	14.783570	6.551558	6.526390	7.898947	5.190688	3.788943	10.776530	7.723787	5.285167	4.822064	7.935580	5.808388	6.358494	3.956424	8.269163	
31	5	7.456320	18.589500	14.659000	5.600941	10.218090	7.137138	7.735721	5.348323	7.893229	4.874465	
32	6	4.503433	13.133410	9.526964	6.007945	7.853053	6.228294	9.192015	4.374702	4.673766	7.849916	10.005920	3.383463	
33	6	5.937297	21.810480	13.386320	6.394393	6.664567	9.159669	9.526964	4.689353	4.425249	8.899810	4.910721	4.815571	
34	2	9.053247	4.910476	6.932221	6.316883	
35	6	5.995519	12.948320	6.390096	8.876347	5.585654	7.935317	5.157561	7.869428	4.377035	9.209707	3.255116	11.563140	
36	3	5.585654	9.212193	3.141698	11.563140	7.763134	2.918705	
37	3	7.317953	7.128468	6.937314	7.424833	4.627291	9.633457	
38	7	9.663544	7.367910	7.709107	9.159669	9.473129	6.311179	8.907092	6.099991	4.904376	7.289028	8.839285	3.942309	4.550127	7.047123	
39	4	5.489563	8.266779	5.995519	7.144623	2.915579	11.563140	6.236288	5.365410	
40	5	11.496170	11.792020	13.386320	3.607006	4.643425	8.672393	4.715256	4.916931	7.382943	3.048195	
