nice30.100.txt
20
100
100 22
1	3	17.542220	8.718643	6.408975	9.742056	5.169014	9.499463	
2	6	10.221820	5.605019	8.935225	6.293673	5.169014	10.674090	6.126531	8.794705	5.997104	8.946836	11.727550	4.317395	
3	5	10.256950	14.539550	6.095194	17.862310	8.612959	9.071400	11.240430	5.216843	7.850639	6.535450	
4	6	13.189930	11.992010	20.907290	6.683056	11.420280	8.875235	10.530590	9.029172	8.612959	6.224804	10.705540	4.621273	
5	7	8.180797	14.069910	16.076650	6.700238	20.575600	5.204156	6.480196	14.676890	15.986160	4.103655	6.482976	9.027561	3.958039	14.676890	
6	8	18.113940	18.563870	17.998210	6.527132	10.256950	9.397944	17.153520	5.569373	15.986160	5.374783	6.416230	8.635830	3.971166	13.879880	5.280620	9.195756	
7	4	8.673627	20.454030	10.889640	8.492016	15.986160	4.003595	9.335163	5.216843	
8	6	21.976420	8.946836	11.727550	9.578811	5.540627	14.676890	10.353780	5.605019	5.968677	8.946836	6.614487	7.601100	
9	7	13.335690	11.193190	13.206980	9.078411	10.871570	8.875235	17.153520	5.321124	15.477770	4.371596	6.356468	8.448002	8.737117	5.608158	
10	4	9.981453	17.862310	7.414385	21.307280	10.530590	9.564590	10.385060	9.078411	
11	2	15.477770	6.518900	4.964060	13.879880	
12	5	15.863130	18.563870	20.907290	8.225416	11.727550	13.004280	8.925533	12.635750	10.705540	4.574483	
13	4	7.718745	20.173550	12.304940	9.027561	11.650350	8.875235	15.986160	4.027526	
14	4	11.775580	11.193190	18.787920	6.138845	8.673627	12.786740	8.180797	12.830580	
15	7	14.197190	8.794705	5.590398	20.173550	20.575600	5.362819	10.256950	9.303273	6.495701	11.992010	6.416230	9.915642	7.354623	6.870058	
16	6	17.998210	8.149758	9.702147	14.908470	11.818280	11.992010	4.968231	19.685200	6.356468	12.859280	5.720011	11.992010	
17	7	10.530590	14.647000	7.441701	19.685200	7.463688	15.296200	20.575600	5.238328	18.787920	5.007145	10.350160	9.078411	7.354623	11.681410	
18	2	12.307570	8.794705	8.135521	6.535450	
19	3	20.575600	6.613599	8.925533	14.264730	14.221630	8.492016	
20	4	17.542220	5.846750	6.408975	10.431500	8.805104	5.608158	6.614487	7.307372	
