nice19.50.txt
10
50
100 33
1	3	28.218040	20.108540	19.670200	9.461418	15.376520	6.462372	
2	9	27.298340	11.252050	15.286050	16.525420	14.468600	16.963200	15.881020	13.780390	15.325000	11.365030	14.245430	11.279100	16.451460	9.064134	15.325000	8.743516	5.263423	20.108540	
3	6	20.652450	12.889030	14.601510	15.390320	13.044170	16.525420	17.409220	9.878607	19.976650	7.381968	12.784430	8.481379	
4	5	18.876070	19.733430	11.807820	16.963200	19.670200	8.403584	14.513910	8.481379	15.376520	7.318020	
5	8	7.795157	26.669420	11.034610	18.613450	15.081230	12.889030	11.656780	16.525420	19.670200	9.043348	10.558250	16.525420	15.462270	9.878607	11.720560	10.615790	
6	4	32.871500	18.391900	20.954100	8.356938	8.817194	16.963200	5.562232	20.108540	
7	4	14.648590	15.390320	9.509649	20.108540	11.080790	16.963200	8.953508	19.673630	
8	2	19.976650	6.398424	5.416842	18.613450	
9	4	13.333110	16.525420	19.670200	9.725606	11.720560	16.053630	16.451460	8.956378	
10	5	32.871500	8.426115	12.000590	19.673630	15.500510	12.889030	20.954100	8.666060	15.004670	11.279100	
