nice50.200.txt
40
200
100 22
1	5	12.939730	3.788112	4.559724	8.848639	7.609172	4.956420	5.620359	6.083846	10.732140	3.019935	
2	4	5.820771	11.974010	14.351030	3.628953	7.769674	5.035931	7.669804	5.091285	
3	7	4.936775	14.858280	10.804390	5.661702	14.216390	3.747643	5.492232	7.470150	4.110849	9.005049	5.509165	5.914056	3.300145	8.973472	
4	6	10.732140	5.581304	5.685036	8.375032	13.102350	3.358433	4.885512	9.005049	3.680189	10.154440	5.564770	5.966852	
5	5	6.525821	6.669773	3.415759	11.651340	3.726957	10.154440	6.638320	4.597264	5.875643	5.091285	
6	6	9.128572	10.683170	6.163847	11.651340	9.787376	4.548254	6.053786	5.876142	3.620983	8.848639	6.654501	4.786300	
7	2	5.402790	15.244080	10.732140	5.074780	
8	3	12.697430	8.733745	5.492232	8.549347	4.301484	10.349000	
9	6	5.372260	21.169740	9.666001	7.092395	5.358713	10.749050	14.216390	3.666667	5.343463	7.678803	7.316712	5.358022	
10	6	11.271860	5.845955	13.024010	3.511054	12.360480	3.622964	5.479596	7.251818	7.199043	5.221035	9.423101	3.966498	
11	5	14.351030	4.476853	9.251565	6.637992	6.126940	7.592491	6.155755	6.596156	5.820771	6.332413	
12	8	9.007571	7.795062	5.184865	9.497395	3.871809	11.651340	7.218545	5.704510	3.976767	9.301371	10.732140	3.431473	5.002736	6.364511	5.620359	5.660871	
13	2	4.721685	9.825263	9.025578	4.790395	
14	2	6.350683	6.300913	11.077240	3.159828	
15	3	8.935446	4.413828	3.981620	9.293432	4.430862	6.345553	
16	6	4.626375	10.154440	8.416746	5.562915	6.155755	7.273365	8.436699	4.786300	7.769674	5.118510	4.191567	9.293432	
17	7	9.519031	7.400127	6.245782	8.506954	14.351030	3.666501	5.039396	9.339866	5.683888	7.703091	6.899679	5.358022	10.693250	2.719614	
18	8	7.169986	11.651340	7.483337	9.032795	6.457625	7.092395	7.892157	5.221035	6.997846	5.704510	6.616670	5.298285	3.960376	8.375032	4.799606	6.456613	
19	4	10.732140	6.351727	11.079940	5.966852	13.102350	3.510619	4.866962	8.973472	
20	4	4.167603	13.728640	7.313259	6.299240	6.245780	5.930049	3.026306	10.154440	
21	2	7.777941	6.299240	6.289292	6.068888	
22	2	7.112759	9.301371	8.935446	3.488014	
23	5	9.787376	4.753117	3.673628	11.651340	3.786674	10.154440	3.282364	10.713930	2.844576	10.713930	
24	3	9.020902	7.400127	10.732140	5.034194	5.743809	5.298285	
25	5	12.014110	6.669773	5.508386	10.370120	4.843302	8.848639	5.334669	7.009889	7.712714	4.597264	
26	9	15.139110	11.744720	7.199006	8.733745	5.334538	10.749050	7.516041	5.724139	5.893644	6.456613	6.532772	5.673552	7.638794	4.844645	3.815860	9.273624	3.667477	9.273624	
27	6	8.096527	8.720056	8.935446	5.967678	6.970223	5.876142	6.778228	5.930049	11.077240	3.432695	10.693250	3.332363	
28	5	12.360480	5.855394	11.170140	5.845955	4.647420	10.154440	6.826264	4.501557	3.456941	8.375032	
29	6	6.734716	13.401600	12.360480	6.966278	15.091200	4.343840	5.343463	7.609347	9.251565	4.045175	7.482028	4.956420	
30	8	7.342903	9.005049	11.230310	5.809844	6.994672	9.266596	4.673965	11.876310	5.585008	9.814999	12.939730	3.639615	5.048255	7.703091	7.136435	5.230098	
31	3	11.077240	11.025650	9.025578	4.214654	5.585008	6.204498	
32	6	4.431728	14.858280	4.008897	14.858280	6.589046	6.300913	5.508386	7.280296	9.286401	4.110707	2.693189	10.349000	
33	9	12.715050	6.737129	7.321084	9.339866	9.007571	7.493088	13.024010	3.340563	5.002736	8.493768	7.309621	5.809844	3.499223	11.876310	4.430862	8.898530	5.334669	6.718751	
34	4	6.968566	10.818460	6.289292	7.332716	6.700349	5.724139	7.524770	4.501557	
35	2	9.286401	5.190663	5.797288	5.966852	
36	4	12.514550	6.894304	10.732140	4.711546	5.479596	7.992266	7.079956	5.230098	
37	7	13.073520	9.715305	12.473210	9.715305	8.707226	5.914056	5.378341	8.973472	3.535556	11.744720	4.050851	9.301371	9.423101	3.125897	
38	9	12.514550	8.349779	6.968566	12.577600	14.351030	4.748772	6.469272	8.506954	5.184865	8.153017	4.689222	9.005049	7.638794	4.980618	4.160091	9.005049	5.799644	5.562915	
39	2	4.530981	10.895540	7.012676	5.673552	
40	4	11.077240	7.270377	5.650290	8.733745	7.735540	5.661702	3.565546	10.895540	
