nice6.50.txt
10
50
100 32
1	3	12.883440	16.315430	13.344460	12.740220	7.862552	15.829870	
2	5	8.874346	23.312920	11.267810	15.260870	8.615152	14.277210	5.990372	20.014480	16.646580	6.826524	
3	9	11.202440	30.091090	31.527950	9.646437	26.450630	7.564815	8.115971	23.312920	22.322010	7.491113	9.719791	15.581090	8.840721	15.725330	16.646580	6.818325	8.283028	13.075550	
4	3	27.750740	26.581510	30.681120	14.830230	8.840721	16.252080	
5	1	10.458810	17.384880	
6	6	31.527950	10.368040	8.717866	26.581510	12.338400	15.260870	22.322010	7.769756	8.283028	13.505960	9.719791	11.000410	
7	2	18.973350	23.312920	15.127510	12.390850	
8	10	10.477850	26.581510	9.788992	26.581510	13.344460	17.350870	18.935970	11.349990	8.984266	23.312920	7.970781	20.014480	15.127510	8.995975	7.862552	14.261230	16.646580	6.535017	8.615152	12.304300	
9	5	19.788740	15.661980	24.821000	11.349990	11.203530	15.260870	11.295090	13.826810	11.295090	9.486105	
10	6	10.753920	20.014480	26.450630	7.265411	15.127510	10.590590	10.458810	12.706210	6.905306	16.315430	16.646580	6.401642	
