nice4.100.txt
20
100
100 25
1	2	8.809903	14.370280	6.022564	15.584120	
2	5	13.069130	10.127010	10.929860	10.692510	14.220490	5.587387	10.576210	7.023330	5.906304	11.945220	
3	4	12.652780	9.543861	8.008059	14.038100	13.619880	6.042878	5.828945	11.945220	
4	6	11.823120	8.783281	10.454360	9.611538	9.916971	9.923332	13.965630	5.825347	11.534780	6.595047	6.529006	10.753560	
5	7	13.619880	12.017780	9.380420	14.370280	12.581000	8.807929	9.012229	10.692510	5.967479	15.357070	9.681657	7.497951	12.461960	3.944311	
6	4	7.692842	17.731830	12.464440	8.783281	15.513730	6.582219	7.570623	9.923332	
7	7	21.016370	6.282017	11.814990	10.118260	6.270883	15.584120	7.508439	10.692510	8.615337	8.553255	6.908598	10.505710	12.807290	4.239828	
8	3	10.436060	8.553255	6.242932	11.289210	10.853800	6.436337	
9	6	5.445595	20.885940	12.633610	8.807929	10.763220	8.187973	6.826201	11.289210	9.369744	7.497951	6.775170	6.765708	
10	7	9.838606	11.945220	13.965630	7.727980	7.890882	12.885930	10.210280	9.543861	14.220490	6.432175	11.466950	6.800841	10.778880	6.582219	
11	6	24.518040	12.886910	11.406910	10.505710	6.416503	17.731830	6.922297	15.584120	13.965630	7.674060	5.799258	12.019560	
12	9	13.294950	12.886910	19.051400	7.282673	11.534780	11.395140	7.679376	15.584120	12.099840	8.187973	11.004330	8.843252	4.841267	17.990190	12.461960	6.748198	9.053160	7.944510	
13	4	18.190320	7.214003	8.921518	8.103365	11.064040	6.436337	9.528234	7.395413	
14	4	11.814990	11.822580	12.820600	6.800841	11.488130	7.395413	11.085840	5.785450	
15	3	8.586657	20.885940	7.565736	10.505710	10.440160	7.023330	
16	3	11.931740	10.505710	11.004330	6.740870	12.807290	4.684077	
17	4	20.325400	9.923332	8.256595	15.357070	8.933911	5.785450	7.190460	6.765708	
18	5	5.987498	20.885940	8.008059	13.955000	12.407320	8.923905	4.827328	15.357070	9.159121	7.944510	
19	5	18.556260	11.945220	7.890882	15.107160	18.190320	6.408817	4.640319	17.990190	6.529006	10.662670	
20	6	13.619880	9.937784	11.463480	9.611538	9.290762	8.103365	6.694475	10.885090	11.814990	6.052253	6.694475	10.531130	
