path1.50.txt
10
50
100 75
1	3	41.204610	12.539110	32.430660	1.379453	19.663980	1.748960	
2	5	18.799120	6.028456	1.320217	25.809700	29.664580	1.112942	32.430660	0.848866	15.718090	1.748960	
3	4	29.664580	2.626990	41.204610	1.025541	22.369430	1.473467	14.372880	1.748960	
4	4	30.711950	10.826190	41.204610	7.661683	2.912739	22.131920	29.664580	1.735629	
5	7	25.772350	22.586380	20.800680	2.228320	16.732200	2.376595	29.664580	1.250198	39.197770	0.873415	26.025000	1.116649	2.912739	9.920597	
6	3	9.305867	50.443830	16.828340	1.473467	3.947375	6.242819	
7	4	29.664580	14.215570	13.002550	6.028456	1.314470	25.809700	7.552056	3.701800	
8	4	70.335420	34.549190	5.538497	22.174880	7.552056	10.603970	18.443390	1.748960	
9	9	10.808390	50.443830	16.732200	29.675930	1.998271	50.443830	42.173330	1.116649	36.585800	0.934528	1.312688	25.809700	14.966990	2.228320	2.888855	10.826190	31.612530	0.934528	
10	7	74.227650	22.586380	5.556846	36.138070	70.335420	2.436572	7.603799	10.826190	31.137650	2.346882	1.995210	36.138070	5.538497	9.877637	
