path15.50.txt
10
50
100 100
1	6	52.166400	37.644250	100.000000	1.753258	8.072933	10.863630	44.480150	0.924112	37.079510	1.004338	25.041970	1.216855	
2	6	7.142750	46.047180	55.519850	1.638366	1.932070	19.208020	34.302160	1.004338	0.775844	42.094750	28.618330	1.004338	
3	5	22.973560	42.094750	67.256470	13.450970	1.936288	42.094750	28.551210	1.295014	10.358400	1.930939	
4	4	36.297260	1.295014	35.151530	1.295014	29.717000	1.216855	0.642336	42.094750	
5	3	89.641590	1.930939	45.241030	1.729397	8.605383	2.364215	
6	6	20.790300	42.257870	8.072933	28.479750	1.374179	42.094750	1.664195	19.943680	44.480150	0.714254	26.628790	1.011905	
7	6	67.256470	28.643780	26.586450	3.996127	54.758970	0.904504	21.300850	1.425087	26.211730	1.011905	5.924724	4.406798	
8	5	11.827620	42.257870	3.109257	22.151070	54.758970	1.102891	11.317070	3.789302	25.782910	1.011905	
9	5	25.579940	3.996127	45.241030	1.039895	1.932070	22.886730	12.695460	2.364215	21.376570	1.011905	
10	4	46.241670	4.406798	8.072933	6.703803	1.445063	19.943680	45.241030	0.454958	
