path15.100.txt
20
100
100 56
1	6	13.348400	1.930939	1.932070	12.097150	21.573200	1.038528	28.551210	0.783242	45.241030	0.454958	21.250370	0.924112	
2	5	3.109257	22.151070	3.030652	21.911310	52.166400	0.530524	12.809270	1.729397	11.216420	1.930939	
3	3	20.096170	28.643780	13.504250	2.629699	0.775844	20.282660	
4	6	15.989810	42.257870	4.238256	18.486220	8.072933	8.453213	45.241030	1.039895	5.924724	4.406798	0.742880	19.943680	
5	5	34.690200	1.102891	26.211730	1.011905	35.151530	0.548876	7.040522	2.629699	26.593740	0.594527	
6	4	47.160290	28.643780	1.936288	42.094750	1.374179	42.094750	8.605383	2.364215	
7	4	46.241670	4.406798	34.302160	1.004338	20.068780	1.102891	8.072933	2.704139	
8	7	9.664398	42.257870	11.931940	13.450970	35.680360	1.930939	33.946660	1.038528	25.782910	1.011905	10.268780	1.930939	8.072933	2.411867	
9	4	25.579940	3.996127	21.049460	1.729397	25.521030	0.650832	15.116250	1.004338	
10	6	14.475520	13.450970	23.229780	0.924112	23.593680	0.904504	11.382300	1.729397	29.531670	0.650832	4.238256	3.425096	
11	6	7.142750	46.047180	20.106980	1.753258	25.041970	1.216855	6.041687	2.629699	6.211763	2.364215	1.445063	9.952427	
12	4	1.422893	42.257870	24.840320	1.753258	1.932070	10.789570	0.921315	19.943680	
13	6	39.972180	35.907320	22.973560	42.094750	6.606430	13.450970	36.297260	1.295014	0.804025	21.911310	28.551210	0.511772	
14	3	8.072933	4.291935	13.870520	1.366427	0.872134	19.208020	
15	3	11.317070	3.789302	31.165290	0.904504	1.445063	9.991255	
16	9	12.194220	35.907320	23.783450	13.450970	4.800491	42.257870	21.300850	1.425087	28.618330	1.004338	19.861700	1.102426	1.059936	19.208020	0.775844	21.812090	26.601860	0.611878	
17	4	10.459130	13.450970	55.519850	0.599838	0.740329	42.257870	0.642336	42.094750	
18	7	35.191000	1.102426	19.127620	1.930939	29.717000	1.216855	26.628790	1.011905	8.072933	2.410416	12.715940	1.366427	25.564540	0.611878	
19	1	35.151530	0.746138	
20	7	44.480150	0.714254	8.072933	3.864292	21.963260	1.004338	21.376570	1.011905	10.358400	1.930939	6.483700	2.364215	25.572660	0.594527	
