path10.500.txt
100
500
100 88
1	9	7.493410	3.566299	5.092613	3.502797	5.848029	2.384555	14.157980	0.881379	10.061840	1.237250	6.261684	1.447471	1.151834	5.392445	6.729802	0.738376	10.450980	0.451995	
2	3	13.399470	1.187911	4.247624	3.131419	5.511422	0.983894	
3	6	47.929370	4.150489	10.019370	1.179892	9.085219	1.221331	3.941130	2.498410	5.084126	1.199828	0.368672	15.385410	
4	4	4.711408	5.285926	12.147420	1.084231	6.282234	1.572163	0.595256	8.257900	
5	4	20.325370	1.369150	9.189618	1.042451	2.109324	2.920518	7.134571	0.696342	
6	2	15.880490	0.748941	3.793420	2.656080	
7	7	21.086670	3.256414	3.568935	5.564764	3.692419	4.048265	7.778268	1.493369	4.568888	2.338622	4.433620	2.350125	19.059550	0.501839	
8	2	14.618830	0.735653	6.010262	1.395354	
9	3	6.379191	2.567140	5.240496	2.233603	7.435167	0.648892	
10	4	7.296071	4.616301	6.938822	2.478646	26.092380	0.538723	15.203700	0.678310	
11	3	10.111760	4.119782	3.006217	2.923126	8.108671	1.077725	
12	2	6.982141	5.285926	10.810190	1.393179	
13	7	6.653074	1.881709	3.793420	2.835224	5.930077	1.682303	9.430052	1.042285	8.121666	1.199828	15.163020	0.638618	0.413938	15.385410	
14	3	2.390705	5.030074	0.456717	21.676020	2.581154	2.923126	
15	2	87.092440	2.001890	6.549726	2.478646	
16	9	38.464210	2.083214	17.460350	2.321332	2.482612	4.803657	2.482607	4.089095	15.096410	0.660953	19.059550	0.520270	0.679829	10.191850	11.522710	0.552750	3.799408	1.206144	
17	9	61.005970	5.577812	6.596791	2.545201	18.111480	0.751804	2.417720	4.524420	26.805150	0.389127	0.653929	15.385410	2.173416	4.524420	4.541398	1.090283	3.320348	1.401351	
18	10	26.330380	2.923126	9.382814	1.682303	15.759630	0.890113	1.772889	7.834433	7.778268	1.637281	11.374850	0.931656	15.203700	0.685911	9.671175	1.053612	7.778268	1.272609	13.524540	0.450213	
19	4	2.852584	4.137097	5.827668	1.052387	0.378277	15.991520	10.447230	0.447198	
20	4	2.964996	4.089095	12.147420	0.926735	19.725990	0.498649	6.791238	0.675796	
21	6	66.502240	1.274142	7.206027	3.533300	18.806140	0.815666	19.725990	0.769835	1.652191	7.834433	7.090253	1.542694	
22	4	2.848577	4.616301	11.374850	0.851473	12.467380	0.678043	0.701514	7.251145	
23	3	15.203700	0.710444	3.568935	2.960080	3.710452	1.249398	
24	3	71.483240	6.369323	25.712430	0.538723	1.397142	9.906597	
25	10	8.653426	2.053134	4.998974	3.026080	4.603344	3.061603	20.590200	0.596099	1.764653	5.744845	2.315062	4.129143	18.111480	0.412613	3.621473	1.418458	14.157980	0.333091	14.211320	0.321813	
26	11	22.784170	4.593804	12.147420	2.078129	2.577387	7.182016	8.551703	1.904354	4.060761	3.302735	2.161536	5.319610	2.303653	3.871654	2.809614	2.974549	6.005809	1.341712	1.215289	6.475336	2.791959	2.273378	
27	4	10.256270	11.685170	18.014080	0.712132	1.795758	5.728607	10.870090	0.739720	
28	4	19.059550	0.947751	19.573700	0.810094	2.149447	4.761731	3.870341	1.235543	
29	7	7.902716	2.188191	1.911715	8.817715	1.676427	7.438677	14.864510	0.385463	3.608219	1.401351	0.912543	5.165139	2.007971	2.273378	
30	4	61.005970	1.226161	12.217320	0.938514	1.062395	10.627090	14.157980	0.643278	
31	7	4.798045	5.405581	6.136743	2.979754	2.623411	6.263992	3.716182	4.023396	9.814781	1.500132	0.806531	14.371780	25.010970	0.440835	
32	5	48.001370	1.221331	11.754470	1.492368	4.998974	2.259846	11.681220	0.881861	8.122818	0.678043	
33	4	10.362560	1.023969	3.389734	2.786287	25.313760	0.294249	15.163020	0.345276	
34	4	16.417710	0.914383	19.219900	0.744787	18.806140	0.732542	0.809554	10.627090	
35	4	2.028508	9.328077	2.120049	3.131419	2.303653	2.672378	5.735700	0.878361	
36	5	9.773479	1.965782	12.735730	1.418458	2.720846	6.002698	4.402904	2.922606	7.393084	1.288051	
37	5	14.195010	1.091473	7.657324	1.881709	1.764653	6.442715	5.848029	1.735227	2.809614	1.644114	
38	6	87.092440	1.335133	5.047086	5.405581	8.909070	1.489066	2.297423	5.533620	15.018810	0.648892	7.425345	0.648892	
39	5	19.059550	0.601579	14.157980	0.744301	12.085090	0.807994	20.891220	0.467168	9.955180	0.667525	
40	5	17.460350	2.338001	2.085091	11.679220	1.964157	8.257900	2.315062	4.128757	5.143976	1.052387	
41	3	4.716134	5.392445	10.921500	1.623309	0.309328	15.991520	
42	9	25.284640	0.810094	7.177580	2.478646	7.423370	1.965782	4.215721	2.923126	9.250936	1.091473	18.928750	0.518595	2.733389	3.256414	13.260090	0.645685	3.296667	1.838096	
43	2	18.111480	0.775820	15.203700	0.848461	
44	2	25.313760	0.417883	7.493410	1.389393	
45	6	3.338424	4.593804	26.805150	0.377854	10.285450	0.929192	1.856595	5.030074	13.260090	0.696027	1.474302	3.649653	
46	7	4.660182	5.328100	2.809614	6.102754	3.094930	5.149935	1.412472	9.906597	2.816803	4.761731	2.020510	4.761731	8.421777	0.772073	
47	7	77.277660	1.500132	7.577763	9.990853	14.310400	2.258341	7.090253	2.431616	13.329750	0.881861	3.276647	3.061603	14.541650	0.552750	
48	4	20.786050	8.074664	12.063780	2.923126	0.835925	9.990853	10.663230	0.451995	
49	3	4.860852	4.089095	15.794530	1.221331	1.073562	8.186966	
50	2	12.224780	6.803973	19.126330	0.847187	
51	3	9.955180	4.239412	1.842585	9.990853	2.040819	4.119782	
52	3	2.072676	4.616301	1.021759	7.251145	1.624115	4.119782	
53	5	8.193257	1.815562	18.306850	0.714127	2.109324	5.155482	0.989043	10.191850	12.037430	0.585218	
54	1	1.764653	9.488463	
55	2	38.236720	0.505374	2.109324	5.904536	
56	4	7.849826	2.576547	11.464980	1.052387	24.175990	0.461058	8.643565	0.562911	
57	5	6.571517	8.074664	7.206027	6.402693	2.654517	5.008411	6.540397	1.898277	2.109324	5.344878	
58	7	9.955180	6.195595	11.262060	2.117240	0.940729	14.371780	4.217336	2.923126	4.939303	2.233603	7.825470	1.401351	3.331011	2.786287	
59	8	6.379191	8.059946	18.806140	2.110789	34.523080	0.706153	25.130650	0.739720	18.806140	0.754782	14.119690	0.890113	9.064486	1.237250	5.462231	1.838096	
60	4	15.013350	2.743063	15.416890	1.326221	25.020980	0.714127	4.371058	1.326221	
61	7	71.483240	5.309898	15.312890	1.840910	11.917350	1.259345	1.466406	8.257900	6.874401	1.393571	7.816830	0.810094	3.547577	1.566079	
62	6	18.111480	12.793750	12.336360	5.405581	3.892438	4.761731	6.720745	2.619294	4.264250	2.233603	4.874200	1.566079	
63	5	58.993920	0.637377	2.597618	7.182016	2.209791	6.475336	4.096766	2.547048	1.709438	2.986573	
64	6	2.950412	7.488557	18.806140	1.135003	2.108473	7.251145	11.314740	1.053612	7.822833	1.386078	18.111480	0.282025	
65	4	3.793420	3.405772	6.791238	1.900751	0.673592	8.471907	19.307970	0.246657	
66	6	20.692110	0.685093	6.282234	1.930634	25.010970	0.430749	2.109324	2.350610	3.710452	1.327149	1.535042	3.131419	
67	6	11.371300	4.048265	3.128913	4.761731	10.106960	1.341712	1.911715	5.554061	3.914688	1.326221	2.827395	1.623309	
68	8	38.464210	0.823957	13.063450	1.455377	6.596791	2.740725	6.779794	2.576547	6.729802	2.491889	24.749240	0.547078	3.568935	3.154377	3.398713	2.922606	
69	6	29.879320	0.592332	6.196897	1.447471	10.019370	0.551143	10.447230	0.467185	0.673592	6.962547	3.408834	1.369150	
70	4	6.513474	2.233603	1.848969	5.728607	1.026904	7.182016	2.387328	2.986573	
71	3	13.063450	1.058411	0.983232	7.182016	1.946606	2.478646	
72	6	10.912790	12.542180	15.562570	2.923126	6.136743	2.553867	2.108524	4.803657	1.020517	9.328077	14.157980	0.329746	
73	3	8.306466	1.187911	7.274262	1.326221	7.543696	1.090283	
74	4	9.189618	1.436194	7.090253	1.418134	4.563405	1.157248	21.556250	0.219732	
75	5	87.092440	1.164315	5.108162	2.957894	7.285215	1.898277	7.801617	1.671198	8.853790	0.585218	
76	5	5.346171	2.828437	11.420490	0.929192	3.809952	2.513788	17.000560	0.545191	6.190488	0.983894	
77	6	10.217710	1.221062	0.762946	15.434450	7.723479	1.492368	2.985095	3.256414	1.102320	8.257900	10.810190	0.466081	
78	5	17.196850	1.630736	15.186210	1.492368	14.755530	0.715287	0.700174	14.309770	7.961834	0.696342	
79	7	5.820336	3.496585	7.747117	2.478646	2.622685	7.218630	3.022786	4.761731	5.346171	2.321499	0.949151	12.174380	12.217320	0.864989	
80	4	4.697025	12.542180	14.888320	1.418458	2.654517	5.618675	8.421777	1.685244	
81	5	8.193257	1.907059	3.726856	4.023396	14.211320	0.899518	5.735700	1.460261	19.307970	0.271938	
82	5	4.687012	4.593804	25.740450	0.552750	0.756375	15.991520	14.618830	0.665698	7.393084	1.288497	
83	3	11.357520	2.478646	3.848682	5.728607	3.458426	1.838096	
84	5	13.861690	6.803973	1.848445	9.671364	24.749240	0.544395	7.493410	1.694901	1.894832	2.478646	
85	8	11.892400	2.957894	2.282342	8.257900	0.855671	21.676020	1.583925	7.058623	1.476270	7.182016	8.978680	0.715287	0.935902	5.165139	3.870341	1.243103	
86	5	2.247821	7.058623	10.810190	1.186973	7.547961	1.669978	3.911573	2.923126	17.313820	0.654930	
87	6	10.648770	3.560891	3.699630	9.935993	25.010970	0.915307	1.676427	8.552844	9.430052	1.074955	7.493410	0.690397	
88	2	2.150306	6.544032	1.021250	9.328077	
89	6	3.068102	8.257900	1.848445	6.839521	4.219806	2.350125	17.000560	0.520311	1.733113	3.276535	3.418639	1.418458	
90	5	27.224720	1.023969	1.755177	14.371780	7.435997	1.393571	15.880490	0.608354	11.486430	0.450213	
91	4	23.640640	0.744787	0.874712	15.991520	15.532430	0.562911	3.799408	1.370404	
92	7	1.830773	9.501640	4.664122	3.560891	10.474400	1.221062	1.140741	10.191850	0.704410	14.309770	6.418929	1.199828	3.124512	1.623309	
93	4	18.806140	1.783642	25.010970	0.525560	2.207061	5.319610	7.493410	1.302179	
94	4	39.163070	4.150489	2.555092	4.089095	1.573036	5.030074	2.581484	2.930341	
95	3	2.037497	7.218630	8.287780	1.489066	1.080580	4.761731	
96	5	25.400190	4.659333	2.623411	9.727530	4.060761	1.291069	1.733113	2.726163	3.988298	1.157248	
97	6	18.806140	1.194234	1.863487	5.149935	8.193257	0.871184	6.010262	0.878024	14.864510	0.354257	6.318751	0.810094	
98	4	11.917350	1.312093	15.312890	0.990560	1.073562	7.804554	21.556250	0.232263	
99	10	34.523080	1.792258	15.639930	1.447471	8.062410	2.576547	1.587037	12.542180	7.547961	1.605364	17.350340	0.654930	7.822833	1.217201	2.133129	4.048265	9.955180	0.576689	10.019370	0.502568	
100	7	5.241348	2.930341	12.877250	1.077725	10.905660	1.112944	0.881622	12.174380	2.319119	3.649653	6.729802	0.793131	14.157980	0.343546	
