path26.50.txt
10
50
100 67
1	9	27.529940	33.228070	26.280290	27.635000	46.369150	5.206806	66.532710	1.569472	28.970590	2.585919	37.056390	1.214315	30.838780	1.000528	9.149311	1.707487	9.149311	1.349869	
2	2	32.983160	0.748290	30.838780	0.403832	
3	5	29.616730	38.434880	49.813920	14.533400	51.401090	11.436710	10.559270	5.206806	10.338390	1.106336	
4	5	41.036780	6.541115	9.149311	9.053999	7.684922	5.206806	9.149311	2.422042	30.838780	0.411052	
5	7	66.532710	12.868410	30.838780	16.397960	66.532710	5.186872	15.131630	11.436710	66.532710	2.529374	66.532710	0.820154	33.324580	0.442322	
6	4	24.662580	33.228070	4.558494	27.635000	21.726740	1.724489	30.838780	0.791280	
7	5	66.532710	6.385449	2.628502	47.031730	22.743480	1.106336	33.549550	0.748290	15.068010	1.214315	
8	3	66.532710	0.792080	19.310040	1.724489	33.324580	0.874980	
9	4	66.532710	1.056967	33.208130	1.317302	21.313460	1.106336	12.137380	1.106336	
10	6	18.190740	33.228070	28.970590	3.681874	12.066190	6.267793	5.769927	5.206806	14.408310	1.214315	30.838780	0.392077	
