path14.100.txt
20
100
100 41
1	5	37.872620	7.513726	16.091070	15.290360	29.953700	4.682003	22.042580	4.747999	2.258880	10.471830	
2	4	1.516312	38.331310	1.419435	38.331310	1.980440	16.365580	21.021740	1.330948	
3	6	29.953700	29.863850	20.477670	15.701530	5.968898	38.605870	26.722710	0.878476	13.681020	1.695988	16.647360	1.144738	
4	3	4.221671	5.987243	1.658951	13.249430	2.027539	9.879574	
5	6	37.872620	10.524670	24.733740	4.131591	7.203059	14.141700	5.751418	4.827400	1.590346	15.493990	9.195264	2.081472	
6	3	25.157610	9.328183	2.092091	16.968580	4.221671	4.266419	
7	2	20.746280	4.131591	37.872620	1.187005	
8	5	0.788188	38.605870	10.272140	2.574464	1.798267	13.037640	0.952942	23.493220	1.257041	16.441680	
9	6	35.186520	32.641040	15.912490	32.641040	20.477670	20.664930	25.157610	1.638884	1.508400	16.968580	1.554065	13.249430	
10	8	13.436000	21.117370	13.436000	17.213940	34.438880	5.964829	4.061913	9.879574	1.326347	23.493220	22.042580	1.252366	7.203059	2.826877	1.040984	17.062240	
11	4	2.423404	13.037640	2.064173	13.249430	0.979070	22.621630	0.716826	23.493220	
12	6	22.042580	6.154022	16.647360	2.986853	36.967240	0.594460	22.042580	0.978590	15.945500	1.330948	4.221671	4.050276	
13	4	5.009504	33.328670	22.042580	2.842445	21.560630	1.964847	0.491266	36.366470	
14	6	8.266443	15.493990	29.953700	2.650400	37.872620	0.881615	9.498859	3.367431	6.089452	3.014246	8.195029	2.081472	
15	8	3.378405	38.605870	6.954961	16.968580	4.601793	23.493220	3.309045	16.441680	2.258880	13.021390	5.009504	5.002639	1.309648	16.968580	1.185332	16.441680	
16	3	1.074828	38.605870	36.967240	1.030397	13.041690	1.695988	
17	7	23.993730	15.290360	4.710434	17.062240	12.113040	5.964829	40.084800	0.685061	4.547093	5.964829	0.695825	38.605870	26.037920	0.874333	
18	3	3.578477	16.563400	1.001371	22.621630	8.647628	2.081472	
19	6	25.157610	8.608644	2.489553	38.331310	4.221671	7.622304	25.157610	1.202107	1.698712	16.563400	6.089452	4.074758	
20	5	9.364578	38.331310	29.953700	1.135058	25.157610	1.240817	5.277189	5.151055	0.591702	36.366470	
