path5.500.txt
100
500
100 47
1	4	24.205920	0.494937	5.382130	1.661839	0.982559	8.291977	19.828270	0.392866	
2	2	6.819651	1.156523	7.259889	1.024123	
3	6	6.590786	3.600889	3.097906	6.389589	19.020810	0.815659	2.176831	3.843912	3.688592	2.088421	3.049864	2.019964	
4	4	2.331967	8.502222	12.402380	1.308040	23.159660	0.513840	0.560508	13.359970	
5	8	0.712699	19.229340	1.613790	8.155766	17.137130	0.701191	3.553441	3.359758	10.711220	1.109702	4.677476	2.099507	15.883280	0.549267	3.817704	1.638219	
6	1	22.148220	0.547859	
7	3	0.845437	14.165310	10.113150	0.754398	2.660530	2.433431	
8	7	25.439910	20.548360	8.961419	2.666468	3.818632	4.888763	1.724849	8.433578	1.332399	8.307520	0.490964	17.930600	11.372150	0.690706	
9	9	12.174620	1.660951	3.918864	3.813320	0.590946	23.453870	0.711219	14.406000	8.548435	1.183566	1.503205	5.846095	0.707563	12.412610	9.112769	0.826194	0.850981	8.747027	
10	3	1.930484	10.383110	0.511100	26.743510	5.907902	1.972589	
11	4	12.764230	8.038661	5.300083	3.950980	15.219410	0.690706	24.847500	0.258299	
12	4	5.997305	9.493793	21.737060	0.583243	4.902072	2.433431	5.997305	1.895929	
13	7	0.598725	22.734420	25.280980	0.396083	5.382130	1.569851	5.157019	1.592336	0.870887	8.819882	10.339490	0.741712	5.270156	1.233834	
14	6	7.560485	13.383250	19.987400	1.007569	12.174620	1.040542	3.236466	2.559974	3.918864	2.055916	10.395390	0.728109	
15	8	1.926192	12.016430	15.459560	1.124904	1.894997	7.928696	3.383564	3.698455	5.629941	1.969864	3.864724	2.455789	18.930620	0.417198	0.284332	26.040970	
16	5	17.033640	0.813542	3.688592	3.670597	18.563440	0.653107	24.847500	0.308150	0.288350	26.040970	
17	3	3.751364	3.776200	1.522708	7.340052	4.744893	1.869385	
18	3	3.008280	5.166272	3.730788	3.231690	5.414903	2.154036	
19	3	8.576292	1.454362	10.037750	1.169143	5.141824	1.456472	
20	7	6.165775	2.559974	11.525380	1.269695	0.541876	19.344220	1.677736	4.676839	4.949227	1.497325	1.050786	6.186062	2.982844	1.969864	
21	3	1.326154	10.944770	1.677736	5.081186	0.784848	10.673470	
22	3	40.756300	5.294246	5.945873	2.799363	3.749489	2.053172	
23	3	3.049864	4.914750	18.930620	0.509458	20.317910	0.322076	
24	5	9.851103	6.597118	9.762676	0.952469	12.758450	0.640581	9.411232	0.819368	1.944182	3.215084	
25	11	14.131040	7.881457	1.505779	15.218210	18.917320	1.184391	3.918864	4.926770	12.291220	1.068426	11.551200	1.063616	1.706750	6.860831	2.909099	3.950980	10.379610	0.826194	9.762676	0.814089	8.495831	0.860113	
26	6	6.897166	5.054768	1.552753	7.792372	0.520384	16.248100	13.425650	0.589472	5.806207	1.184629	0.377151	17.930600	
27	3	1.752245	12.280340	1.413241	12.578200	14.131040	0.636194	
28	3	4.075676	4.822709	1.326154	8.745345	27.325760	0.276919	
29	8	7.055459	8.132353	13.643900	0.815659	6.863451	1.606874	2.215156	3.950980	13.962710	0.582415	0.870887	9.204764	6.044312	1.309842	12.971780	0.496396	
30	3	40.756300	7.900703	1.140647	9.276566	3.506711	2.396835	
31	6	0.665884	35.256770	2.260832	3.950980	0.702831	12.412610	15.883280	0.508630	6.572228	1.124904	3.842494	1.638219	
32	5	20.317910	1.321627	1.983099	5.850259	6.807582	1.420355	10.032880	0.741712	1.676815	3.481656	
33	7	1.441022	19.229340	24.847500	0.559612	5.339576	2.358027	0.412307	26.675840	9.072828	0.966253	2.077467	3.198675	1.954774	3.215084	
34	5	2.999616	6.761065	4.879668	3.011261	1.088142	7.900177	0.590946	11.157010	5.806207	0.937375	
35	5	0.982559	18.451540	9.299216	1.241949	6.401492	1.420355	3.789596	1.969864	5.806207	0.988770	
36	3	7.680016	15.218210	3.076419	4.888763	0.940842	8.433578	
37	6	14.131040	3.762694	0.868116	13.503570	1.497111	7.792372	1.991173	5.846095	7.328588	1.572597	4.579844	1.977881	
38	11	2.309959	10.350910	3.506711	5.048872	20.317910	0.840810	3.688592	3.948374	5.997305	1.993524	1.444683	7.811030	5.141824	2.094643	10.113150	0.751506	9.072828	0.724422	1.050786	6.226552	7.259889	0.749013	
39	11	10.969500	8.429544	24.847500	2.148603	5.643189	3.051948	0.958408	15.218210	1.088142	12.875210	0.687294	19.690110	34.413650	0.388343	32.877540	0.356079	0.562434	15.218210	1.978889	3.756071	2.200074	2.433431	
40	5	0.652845	26.675840	2.955626	3.950980	21.929690	0.369915	7.259889	0.882470	4.169035	1.333283	
41	4	34.413650	0.982579	0.945688	15.919940	0.638121	18.633390	11.741530	0.556307	
42	3	8.772519	2.310235	24.847500	0.468043	7.055459	1.364578	
43	3	9.172720	1.241949	14.330600	0.732771	4.122200	1.987505	
44	8	32.030070	0.599690	16.874450	0.885901	8.298729	1.753744	12.989770	1.068426	5.432244	1.913272	4.932786	1.753051	7.400796	1.063616	9.152212	0.819368	
45	13	31.911460	1.450122	4.883008	3.011261	3.754032	3.198675	1.341635	8.497709	21.929690	0.515986	12.568490	0.889359	24.205920	0.459071	1.249000	8.111385	18.930620	0.401964	0.428636	17.232120	6.789369	0.966081	2.380494	2.748073	4.711003	1.241949	
46	5	12.396250	28.957220	2.502864	10.673470	3.383564	6.805623	5.339576	3.412617	1.667217	8.307520	
47	5	4.062295	4.287129	6.493078	2.154036	1.123672	12.016430	0.476487	16.698690	3.231314	2.374743	
48	8	10.113150	2.283684	5.848327	2.666468	26.591550	0.432864	4.547285	1.869385	2.442575	3.231690	0.379334	20.775390	11.638420	0.650855	0.861277	8.747027	
49	6	24.847500	5.134545	26.834790	0.478863	6.863451	1.757106	3.383564	3.427621	7.055459	1.487419	4.104433	1.846125	
50	8	1.249000	22.780200	24.590100	0.583243	13.662450	0.815659	18.930620	0.445501	12.089050	0.640581	0.838612	8.877919	1.676815	3.379174	1.776758	3.113486	
51	4	21.520750	0.513840	1.294812	6.816726	0.651277	12.412610	5.806207	0.999518	
52	5	8.928484	1.269695	1.945364	5.779092	8.088503	0.966081	0.537781	14.406000	18.007890	0.392866	
53	5	5.461312	1.869385	6.637825	1.202059	15.883280	0.495315	5.930174	1.184391	1.911834	3.113486	
54	8	6.272786	2.960677	2.354788	4.888763	8.822408	1.241949	2.693353	3.029003	5.270156	1.500894	0.815194	9.471316	3.863610	1.987505	24.847500	0.304988	
55	2	2.797927	5.166272	11.950960	0.661096	
56	3	24.847500	3.213026	12.174620	1.096561	0.447725	26.743510	
57	4	46.327160	2.092305	1.531097	5.846095	3.749489	2.039314	1.873401	3.950980	
58	4	1.444683	14.250790	12.971780	1.535204	11.901210	1.269695	12.402380	1.013493	
59	5	9.851103	1.646154	4.670938	3.374777	6.266719	1.972589	14.330600	0.536923	0.590946	10.686700	
60	5	3.383564	3.652105	9.509870	1.124904	0.648715	16.248100	4.190248	1.869385	1.988809	3.756071	
61	4	3.688592	3.571724	10.386240	1.109702	5.311587	1.638219	3.689679	2.009604	
62	3	24.076530	0.568090	2.451247	5.054768	5.141824	2.294980	
63	3	20.095220	0.547859	2.224866	4.947412	7.523019	0.885901	
64	5	35.958180	0.922914	17.394730	1.472476	1.522708	8.579885	4.932786	1.644265	2.722853	2.960677	
65	6	2.074015	15.919940	42.243450	0.515756	4.673056	1.753744	14.108400	0.524654	7.055459	0.915786	7.055459	0.875982	
66	5	29.293520	0.813542	3.689679	2.879159	2.731389	3.776200	0.638121	12.317710	2.562878	2.960677	
67	6	7.259889	5.273089	14.860720	1.109702	8.352720	1.517854	4.680905	1.913272	12.971780	0.521232	9.894357	0.556307	
68	7	32.877540	0.598622	8.806258	1.774121	10.279760	0.982407	19.410980	0.512171	0.672366	11.629740	4.677476	1.275270	0.838612	6.340289	
69	2	0.583904	24.444630	2.224866	3.406595	
70	1	2.407787	8.243272	
71	6	7.055459	2.442090	11.638420	1.133444	13.449620	0.954701	21.635890	0.568597	1.341635	6.720500	0.442252	17.232120	
72	2	0.868116	13.863430	26.834790	0.347331	
73	2	15.700170	22.061820	3.266210	3.359758	
74	5	4.265968	10.673470	4.551615	3.368347	1.930484	7.671938	22.113760	0.589472	1.965301	2.748073	
75	5	1.267441	8.747027	11.950960	0.914563	8.488334	1.241949	5.088525	1.497325	1.693210	3.198675	
76	7	2.224866	11.763520	3.390491	5.846095	1.302007	8.433578	2.531739	3.843912	1.214100	7.928696	1.700847	4.585864	7.202374	0.728109	
77	8	25.439910	4.388493	5.157019	4.485555	0.679905	19.690110	4.013678	2.634808	8.074861	1.241949	0.862542	9.471316	0.598725	12.522350	2.224866	2.991834	
78	7	6.368372	22.061820	12.402380	1.650851	20.317910	0.941890	26.591550	0.452089	1.613790	7.062442	12.568490	0.884763	1.039271	7.755764	
79	4	3.864724	15.599260	4.062295	4.719743	1.561347	5.779092	0.541876	15.912550	
80	3	6.499731	3.231690	2.333138	3.776200	3.231314	2.447966	
81	9	17.243080	22.061820	25.439910	4.020371	13.448760	1.124904	18.821040	0.701191	1.997787	5.968125	12.448610	0.911151	0.572681	19.256620	1.039271	7.462445	0.497543	15.218210	
82	7	8.698305	3.776200	16.676130	1.063616	2.367691	6.077891	19.410980	0.612733	7.334847	1.183566	4.248287	1.846125	1.700847	4.421009	
83	4	8.709843	15.068580	23.415630	0.860113	17.264170	1.007569	8.020036	1.063616	
84	2	8.750556	2.634808	1.817644	6.816726	
85	2	25.280980	0.309613	3.000139	2.559974	
86	3	1.366095	8.747027	20.311600	0.375706	20.311600	0.366006	
87	6	4.169035	3.212202	11.638420	1.019681	12.971780	0.909799	0.638121	14.346490	0.476487	18.558080	24.847500	0.296268	
88	3	27.325760	0.322771	6.751051	1.241949	10.787750	0.589472	
89	5	19.517800	0.728109	0.912166	15.218210	12.448610	0.958234	13.175040	0.568090	2.262691	3.231690	
90	5	21.409970	15.218210	15.883280	7.276351	4.324765	2.960677	0.530311	20.775390	3.506711	1.843786	
91	6	0.912083	15.218210	23.536600	0.530822	6.819651	1.333978	14.108400	0.538962	6.976403	0.966081	4.169035	1.304774	
92	10	24.205920	0.621650	1.378633	10.350910	4.024677	3.368347	1.411720	9.276566	2.957280	3.936700	5.223265	1.987505	6.637825	1.532669	0.672366	15.046100	10.038150	0.982407	0.567804	14.165310	
93	2	1.233856	8.400820	1.233856	7.847281	
94	2	11.638420	2.176477	18.803180	1.309842	
95	4	2.697302	6.389589	0.509158	26.743510	4.977671	1.869385	0.560508	13.315870	
96	5	3.967698	4.058452	2.957280	4.306572	22.790570	0.530822	3.171890	3.600889	2.693353	4.024397	
97	2	14.594770	0.966081	34.413650	0.403199	
98	5	5.880486	1.572597	2.224866	3.634156	13.962710	0.542489	4.579844	1.419435	7.564846	0.728109	
99	4	4.804060	3.843912	9.072828	1.524409	4.274151	1.869385	15.883280	0.492069	
100	6	35.958180	3.722413	4.345795	7.734241	3.749489	4.914386	12.670160	1.269695	4.167277	2.799363	9.878123	0.966081	
