path8.500.txt
100
500
100 50
1	7	5.665903	4.127411	0.635729	18.365440	6.657074	1.390626	1.646787	5.180824	1.755405	4.839071	13.958580	0.482894	4.154475	1.575252	
2	10	5.665903	7.448084	41.898310	0.419058	31.141330	0.372817	25.206690	0.446128	1.132524	9.928382	18.799830	0.579721	2.369934	4.158667	15.338010	0.491839	3.724937	1.915416	13.429050	0.444051	
3	7	2.101951	28.233930	9.946587	3.393846	12.714460	0.698828	2.201325	3.812042	4.351517	1.628223	3.490146	1.971832	7.081390	0.958616	
4	7	0.789506	14.830020	25.789650	0.411032	2.020607	4.067286	23.758150	0.318195	10.604450	0.685473	1.112872	5.673549	0.728112	8.560877	
5	4	18.552930	0.555417	1.904535	3.873570	26.118360	0.269623	3.490146	1.752772	
6	3	12.774090	2.280288	0.541133	31.185280	0.525462	12.366150	
7	6	4.205902	12.641240	4.645184	1.878697	0.586037	13.879200	0.406264	19.163840	7.594989	0.863783	12.898510	0.452751	
8	1	1.572298	4.926581	
9	5	49.716950	2.005907	32.986040	2.804956	26.452420	0.275884	4.351517	1.490798	0.428758	14.033880	
10	5	11.444730	3.956148	29.220770	0.350018	2.140123	4.272429	3.679076	1.693107	1.713187	3.448444	
11	3	12.986610	1.884590	0.610886	22.763130	0.261775	25.510440	
12	10	22.339950	10.041580	1.343414	32.884150	40.821030	0.882266	9.468125	2.530887	0.369622	32.884150	0.635729	16.148740	14.329190	0.606043	1.306741	6.235207	13.239640	0.577438	6.056275	0.980706	
13	5	5.551275	6.325323	0.348822	32.884150	0.427251	19.419330	15.805840	0.519088	16.660470	0.369201	
14	4	19.828560	2.983186	1.900309	19.419330	1.402909	11.105680	2.741725	2.796407	
15	1	3.166950	2.796407	
16	3	29.039850	0.718780	13.682670	0.865735	5.983152	0.980706	
17	2	23.768200	0.897749	4.351517	2.848619	
18	2	8.765605	1.194380	7.269709	0.880139	
19	6	2.174849	8.598366	9.660773	1.020072	0.847551	10.622750	4.270026	1.811897	4.632380	1.391821	1.176790	5.475235	
20	8	4.787877	11.188860	1.305674	32.884150	14.405780	1.258419	15.805840	0.858823	1.417244	8.094346	11.922240	0.869832	3.441843	2.477443	12.891140	0.452751	
21	3	5.373835	3.377814	4.332399	2.280288	26.452420	0.330159	
22	3	33.860340	0.383868	2.395388	2.983186	0.355953	19.419330	
23	5	2.170278	4.923856	2.551627	3.448444	4.873552	1.551180	13.239640	0.519440	18.603520	0.313279	
24	9	4.270201	12.112710	42.284850	1.109966	17.317980	1.308522	8.147404	1.349279	0.795988	8.672665	1.461346	4.689315	1.119947	6.048415	20.113170	0.312260	4.661119	1.258419	
25	6	4.892753	9.344406	1.199574	32.504400	1.490301	15.099300	3.724937	3.465569	28.715230	0.388883	18.787870	0.421750	
26	4	9.866610	2.618365	16.506310	0.698828	8.930762	1.199122	3.823676	2.497950	
27	7	10.604450	1.092688	0.533535	18.228580	5.131241	1.735960	4.959741	1.741408	1.557207	4.727318	2.229388	2.952143	0.368836	16.458570	
28	9	5.119889	19.419330	8.930762	5.904906	49.716950	0.876435	8.461454	4.727318	17.106490	1.675861	1.966646	5.214384	3.238117	2.497621	13.397990	0.579721	11.865860	0.627584	
29	4	0.777175	14.274460	2.484624	3.574285	3.724937	1.892183	13.485210	0.488866	
30	5	23.758150	1.957794	0.778140	13.283210	8.147404	1.258092	1.461346	4.832426	4.771316	1.258419	
31	6	40.343740	1.014707	4.703446	4.727318	15.642380	0.980706	18.204210	0.591823	2.070285	4.694983	0.613538	13.879200	
32	6	1.702706	7.833915	17.429870	0.659331	18.357620	0.581407	2.928263	3.448444	2.400357	3.027102	0.439780	15.212600	
33	5	23.110440	0.421750	0.640069	14.274460	0.635729	11.869420	2.400357	2.646447	12.928190	0.458937	
34	4	1.115260	18.228580	9.468125	0.898744	4.925954	1.389139	0.575980	11.188860	
35	6	13.473810	2.804956	1.568114	8.560877	8.683801	1.156799	0.404754	23.068020	12.986610	0.512142	13.021180	0.458937	
36	4	0.597897	19.163840	12.446130	0.812290	7.862235	1.194380	3.499639	1.741408	
37	2	1.585635	8.598366	19.434490	0.538172	
38	9	29.220770	17.523150	1.165386	17.212150	1.181487	8.796582	2.025709	4.750503	0.439780	17.671550	4.546216	1.575252	10.604450	0.607671	12.104550	0.498826	1.483826	3.965471	
39	9	0.950787	15.099300	7.048688	1.551180	10.604450	1.021825	2.253903	4.534541	9.866610	0.758244	0.726735	10.041580	5.077267	1.247226	4.684229	1.295648	8.147404	0.742537	
40	6	13.070340	32.884150	3.490146	9.217106	18.603520	0.661479	19.653640	0.470701	8.147404	0.809859	3.133860	2.023648	
41	4	3.200322	4.541661	1.722764	4.948474	9.468125	0.827585	3.254620	2.326699	
42	3	1.027387	8.560877	5.046082	1.374388	13.709270	0.488866	
43	2	10.371320	8.645224	15.629390	0.530795	
44	6	18.480190	31.435790	16.248510	0.694809	22.419300	0.471973	0.823101	10.041580	1.206829	5.291793	3.674891	1.693107	
45	3	7.283349	2.539425	3.200322	1.960551	3.519507	1.751371	
46	5	2.103951	28.233930	27.127520	0.880139	9.468125	0.950026	5.828117	1.456092	0.659284	8.864092	
47	2	3.758070	2.037892	3.061801	2.460846	
48	4	25.664410	2.620258	4.542171	1.389139	1.101811	5.673549	12.712090	0.470701	
49	4	26.655390	11.188860	25.664410	3.183212	7.447518	1.137363	8.037745	0.880139	
50	3	5.327657	11.575490	15.301810	0.503923	3.214414	1.923398	
51	8	10.371320	12.663430	4.110095	3.965471	8.627645	1.319159	0.951807	10.041580	11.647100	0.753875	3.410306	2.324162	3.799641	2.037892	0.889783	8.560877	
52	6	16.494750	4.839071	18.415430	1.020072	25.164010	0.316319	2.988878	2.497950	18.368350	0.359671	11.856470	0.491839	
53	3	2.339825	4.926581	4.362916	1.434386	9.468125	0.629675	
54	9	3.214414	4.722567	1.417244	10.515340	2.565823	4.727318	27.514140	0.421684	10.973910	1.020072	0.529756	20.411860	3.526339	2.637852	1.504014	4.727318	4.156824	1.434244	
55	9	3.437970	32.884150	1.564067	8.560877	6.963037	1.676332	6.346588	1.467811	5.263645	1.735960	0.383180	23.068020	16.660470	0.494582	13.591380	0.530795	26.118360	0.268550	
56	5	8.147404	4.401109	26.079330	0.840808	3.303915	3.175652	0.464778	19.163840	17.317980	0.500125	
57	9	25.727040	0.555417	11.081380	0.854421	1.013829	8.672665	23.768200	0.325169	3.129301	2.042359	2.168205	2.929923	3.214414	1.914912	2.496566	2.460846	1.976514	2.952143	
58	3	2.719837	4.954004	0.515960	19.163840	5.007249	1.811897	
59	2	2.165623	7.006433	29.220770	0.330347	
60	7	4.310273	4.727318	0.789506	13.461710	2.263591	4.667764	0.455719	19.163840	11.865860	0.630835	6.072237	0.959538	9.866610	0.588863	
61	4	6.886412	3.448444	7.105147	1.575252	0.778140	9.784801	10.511020	0.591823	
62	6	4.783896	2.577135	5.267310	2.043948	19.603480	0.458937	9.211144	0.882266	1.803537	4.272429	4.302555	1.434244	
63	6	16.933540	1.109966	1.516072	8.796582	12.963180	0.878062	7.422414	1.390626	16.776830	0.579721	1.711345	3.574285	
64	5	5.574681	6.075014	2.070285	4.649423	2.413715	3.812042	2.025709	3.810374	0.773012	7.833915	
65	5	33.860340	0.935291	2.587924	11.575490	17.187000	0.659331	4.632380	1.591364	2.176065	3.377814	
66	3	23.768200	0.528359	5.371288	2.026971	2.170278	4.887533	
67	6	0.349670	31.185280	2.740232	3.393846	2.799718	3.170436	0.822817	10.041580	8.758085	0.863783	3.410306	1.948267	
68	6	1.165386	36.025660	7.353967	1.796711	3.449904	2.497621	0.317498	25.510440	0.263543	25.971740	1.257933	5.291793	
69	3	6.812554	1.822082	2.518313	3.574285	5.828117	1.025446	
70	2	9.520398	1.194380	1.287616	5.049215	
71	3	3.147127	11.105680	18.407460	0.799007	15.613880	0.443372	
72	5	4.306188	5.476093	0.789506	15.752380	0.643148	19.163840	0.605109	18.228580	4.645184	1.296955	
73	3	11.922240	0.956801	1.981583	4.158667	5.317619	1.247226	
74	3	5.279313	2.929923	29.220770	0.443048	0.266213	25.971740	
75	8	8.273082	5.145122	38.069850	0.753875	0.789506	12.831550	7.228967	1.319159	3.039041	2.481538	2.493133	2.983186	3.129301	1.923112	2.600544	2.278490	
76	4	5.161937	5.476093	1.881527	7.051124	2.475718	2.987050	4.504242	1.434386	
77	7	4.309251	4.727318	6.213506	2.326699	2.425063	5.200275	2.719837	3.606873	3.526339	2.507270	20.113170	0.406521	9.254404	0.799007	
78	5	18.603520	1.207389	0.335088	32.884150	1.086829	9.811389	2.467592	3.170436	2.608501	2.485863	
79	4	5.046082	5.104772	0.931746	8.560877	2.966179	2.485863	13.186990	0.498826	
80	5	5.046082	7.494623	1.381526	8.560877	3.441843	2.449139	1.029913	7.603398	14.085080	0.444051	
81	5	1.904535	15.545760	1.306769	8.293747	9.055087	1.194380	5.371288	1.610896	3.724937	2.055362	
82	4	1.119947	13.370920	1.429152	7.051124	7.081390	1.276664	18.368350	0.335138	
83	3	5.558367	2.027345	12.760560	0.812290	1.287616	5.573534	
84	4	28.551210	7.149529	4.205902	9.410501	15.805840	0.621121	20.228420	0.292562	
85	5	7.389126	22.763130	1.826038	5.200275	0.607062	12.366150	1.029913	6.017589	18.603520	0.315475	
86	6	5.240273	4.948474	22.537580	0.581407	1.786338	5.291793	2.385093	2.762485	3.046738	2.037892	13.187120	0.470701	
87	7	40.343740	0.797190	0.861371	12.941710	0.943327	9.485590	13.958580	0.486130	0.959522	7.051124	3.200322	2.058665	7.081390	0.850362	
88	2	12.986610	0.586453	7.281979	0.880139	
89	7	34.986520	2.796407	2.138736	13.620990	9.182173	1.811897	29.220770	0.452111	13.239640	0.796609	1.682186	3.965471	2.385093	2.712750	
90	6	2.502983	11.575490	1.961874	8.864092	12.200830	0.878062	11.158880	0.774418	9.468125	0.815672	0.415965	15.384350	
91	8	17.317980	3.336475	13.239640	2.071983	1.299051	11.575490	31.141330	0.426190	0.486663	22.763130	9.650167	0.718780	1.433617	4.301907	0.368836	16.425570	
92	5	44.294220	7.006433	8.930762	1.568636	29.220770	0.384263	11.332960	0.969024	1.411762	6.325323	
93	3	2.864068	14.033880	5.385577	2.278490	1.735032	4.301907	
94	4	1.082008	11.188860	1.306769	6.904577	15.613880	0.397436	0.432111	14.033880	
95	5	0.579273	20.873170	7.353967	1.031482	0.415965	15.800930	4.684229	1.281487	2.938377	2.023648	
96	3	7.012198	21.308650	44.279970	0.464654	8.771021	0.882266	
97	9	25.958810	2.275990	7.821338	5.180824	22.419300	0.786446	1.132076	15.099300	2.263591	4.853977	8.683801	1.121691	0.618232	15.099300	9.946705	0.774418	0.562391	10.622750	
98	3	2.234170	5.214384	6.903751	1.467811	20.228420	0.481856	
99	3	1.284766	10.820960	1.142316	8.560877	1.314418	6.235207	
100	7	3.519507	3.723863	25.479800	0.503923	3.144290	3.574285	3.798036	2.539425	1.809297	4.727318	8.867158	0.923146	7.640647	0.774418	
