path38.100.txt
20
100
100 80
1	3	12.354280	26.192640	14.090990	21.013070	11.481030	1.725337	
2	5	8.091611	3.298998	12.240160	1.785315	3.040989	5.222771	25.927310	0.593151	12.940200	1.088263	
3	2	6.481612	3.486506	8.611042	1.989000	
4	4	30.877860	19.868680	7.749757	2.263370	8.741115	1.810956	12.240160	1.068014	
5	1	51.844440	1.100630	
6	5	7.700444	6.179193	2.353795	17.696940	17.729420	2.248440	12.240160	1.180330	25.927310	0.546590	
7	7	54.288650	21.420210	12.240160	5.352495	39.319670	1.491212	2.811260	10.521120	1.842746	14.502990	35.507380	0.694508	12.240160	1.775180	
8	7	31.713250	40.881750	79.554110	1.034325	63.048480	0.637074	1.438337	18.026830	8.091611	2.380099	25.927310	0.623008	12.240160	1.089956	
9	8	35.507380	2.117887	17.729420	3.864676	1.440643	18.152400	2.304900	11.080330	12.240160	2.073829	3.602563	6.113116	6.481612	2.664383	1.466736	10.791140	
10	6	25.054600	30.360630	54.288650	3.807687	8.611042	3.244640	1.389442	17.696940	6.481612	2.302179	0.400764	35.306580	
11	7	79.895970	4.621672	22.909870	2.443479	12.354280	1.723018	1.466736	13.807660	39.319670	0.493295	2.304900	6.946497	1.842746	8.191595	
12	6	79.895970	4.816187	25.927310	2.135297	37.373130	1.088263	7.749757	1.951719	25.927310	0.546620	4.077555	3.425271	
13	6	8.611042	18.622810	8.611042	10.268380	35.801280	1.100630	1.245403	17.384190	0.422629	35.306580	12.240160	1.176596	
14	5	48.261330	2.443479	25.927310	2.643845	1.842746	12.611990	1.245403	17.922390	12.240160	1.070248	
15	6	25.927310	18.867620	13.027720	10.078680	5.758551	8.453069	12.240160	2.932899	1.466736	10.707780	12.354280	1.053992	
16	6	6.431771	10.521120	25.927310	1.429661	1.440643	17.154180	25.927310	0.632578	12.240160	1.169455	2.118815	6.179193	
17	2	41.260930	10.078680	79.554110	4.644772	
18	2	39.319670	1.440763	12.735150	1.088263	
19	4	4.595327	6.113116	4.708768	5.222771	35.507380	0.612876	8.611042	1.598946	
20	8	16.786870	21.013070	15.811570	10.521120	16.474520	2.443479	25.927310	1.175095	0.724963	35.306580	13.116210	1.725337	2.420903	6.179193	8.741115	1.614314	
