path13.200.txt
40
200
100 100
1	9	13.070690	5.590612	4.202100	14.444500	4.396321	3.259322	0.570840	23.452800	4.485707	2.567880	1.227048	7.141850	5.486193	1.565049	2.507800	2.921251	2.787308	2.567880	
2	2	68.930210	7.998757	5.398376	1.768988	
3	8	18.043960	3.765203	47.230650	0.822813	5.557035	4.996317	4.402153	2.512492	14.590360	0.735969	3.781836	2.512492	2.776428	3.142731	5.580616	1.327302	
4	7	13.070690	23.618320	12.711980	20.733460	3.932013	7.825935	3.684043	3.226645	3.883734	2.092818	1.651794	4.501094	1.590185	4.501094	
5	7	5.631533	29.092610	6.128278	5.572029	18.752930	0.998393	3.538971	2.934224	14.590360	0.710427	1.492421	6.661902	8.458963	1.133932	
6	4	13.070690	4.359231	13.070690	4.212519	9.310816	1.440771	4.438776	2.567880	
7	3	2.609270	6.782424	6.406374	2.512492	1.436396	7.715753	
8	1	11.984140	2.434785	
9	6	20.752710	3.704842	4.802429	6.782424	31.069790	0.505280	2.730883	4.674188	5.580616	2.038063	5.580616	2.026186	
10	4	17.179190	24.786170	3.932013	15.626860	11.285610	2.677657	14.590360	0.484052	
11	6	49.346790	4.743877	5.302863	3.973009	10.429300	2.015332	13.172710	1.387612	3.451824	5.156565	3.157185	3.262922	
12	4	18.752930	4.518667	8.767710	1.097149	1.873096	3.841631	3.883734	1.782955	
13	4	45.568530	7.742836	19.430130	7.742836	2.236150	7.648498	5.631533	2.213437	
14	6	97.113810	4.613568	18.043960	6.955319	7.427835	2.512238	2.345161	4.199010	3.883734	1.929050	5.580616	1.290961	
15	3	13.070690	3.028371	3.684043	3.435257	4.556305	1.584225	
16	4	3.157185	19.325570	5.398376	2.465023	3.883734	1.843674	14.590360	0.465982	
17	7	13.172710	6.389888	4.031767	7.141850	3.952509	6.729361	5.398376	2.907839	15.300850	0.719003	15.300850	0.715028	3.406041	2.410864	
18	4	18.182700	15.478490	47.230650	3.667766	3.496189	7.742836	1.064694	6.661902	
19	10	13.070690	5.093544	5.807999	6.782424	2.116138	14.043810	5.087581	4.727247	6.113802	2.616076	5.580616	2.202173	0.933382	12.910610	11.984140	0.861303	0.412633	23.452800	6.533144	1.097149	
20	5	11.105440	12.910610	18.043960	2.777340	19.186270	2.365045	7.799270	1.530316	3.908740	1.728657	
21	5	18.043960	2.759958	1.689266	7.715753	2.244213	4.501094	3.952509	2.208241	5.580616	1.282640	
22	4	18.043960	10.056820	1.150265	10.169880	14.590360	0.710859	15.300850	0.513421	
23	8	13.198060	51.059170	19.186270	2.823190	4.895842	6.782424	5.848374	3.259322	2.886193	4.613568	2.836063	4.042382	2.804188	3.142731	3.796221	1.976110	
24	5	13.172310	23.800160	33.034370	5.572029	8.458963	1.449482	1.186678	6.661902	5.486193	1.236675	
25	2	15.300850	0.851152	3.908740	1.754086	
26	5	15.138230	14.444500	3.755299	7.742836	19.186270	1.478763	2.654932	6.286295	8.733149	1.440771	
27	1	41.673610	4.996317	
28	4	5.268156	2.921251	5.631533	2.715473	2.001074	4.808612	2.417730	2.876021	
29	4	20.752710	4.037994	5.631533	9.353797	14.590360	0.670562	6.113802	1.582935	
30	7	15.300850	3.260921	2.116138	14.557170	3.406041	7.759017	4.815872	3.664656	4.519038	2.677657	5.631533	1.730192	6.013566	1.491204	
31	5	18.752930	1.792258	5.631533	1.911272	0.410296	23.452800	5.580616	1.677858	4.556305	1.620178	
32	4	6.229536	8.052373	15.656080	1.190834	7.427835	1.966360	1.873096	3.806867	
33	5	10.820180	14.444500	53.125560	2.677657	3.520343	12.910610	3.908740	4.569630	3.162886	2.876021	
34	5	9.618867	5.156565	7.799270	1.729006	19.452300	0.591771	4.231712	2.233784	1.721204	3.984541	
35	6	31.069790	2.522636	7.614668	5.245898	3.358634	6.286295	2.515122	7.141850	2.116138	5.672079	2.795469	4.042382	
36	10	13.854430	24.786170	100.000000	2.455219	10.429300	3.230566	4.815872	6.576795	2.454954	7.715753	14.590360	0.913872	1.350354	8.937601	2.730883	3.378185	1.537897	4.808612	3.157185	2.197679	
37	3	5.580616	4.068801	0.708966	18.815740	2.688375	4.727247	
38	6	5.486193	5.607791	15.656080	0.785275	15.300850	0.491824	3.196123	2.233784	1.721204	4.067832	0.327857	20.733460	
39	4	13.039840	4.052711	3.458176	7.742836	14.590360	1.413783	5.580616	1.293518	
40	3	10.184140	5.572029	4.815872	2.669160	0.708966	17.444890	
