path7.200.txt
40
200
100 91
1	3	12.249350	3.067538	5.970901	2.017523	4.444925	2.165529	
2	2	2.837186	9.664712	11.001240	1.689863	
3	4	90.498580	1.160707	53.534620	1.471350	4.451406	3.113244	0.814407	12.223480	
4	3	2.103031	17.802690	5.581400	2.244098	0.506722	15.050970	
5	6	68.706890	4.985291	4.451406	4.622428	2.852896	4.753402	2.911624	3.907744	9.775523	0.808130	0.628627	12.401230	
6	5	7.365925	24.050490	39.859110	0.512055	9.912716	0.997525	2.724679	2.852016	2.911624	2.629271	
7	9	2.337787	24.286290	1.138045	24.050490	12.532970	1.361448	0.651732	24.050490	2.291262	5.120432	2.852896	4.045557	0.506722	22.693160	19.205060	0.465732	2.856721	2.852016	
8	3	4.451406	8.714716	11.520250	1.041016	2.480006	4.736113	
9	4	11.971810	9.452679	1.292662	25.633160	2.451416	4.736113	0.733910	13.678530	
10	4	16.114920	21.381870	5.752203	21.381870	2.837186	10.211490	11.971810	1.285198	
11	3	7.398385	13.240720	2.669500	10.075460	0.685571	14.710370	
12	6	53.534620	1.955748	1.636656	21.381870	8.268709	2.786708	1.671265	8.275805	19.797800	0.638152	4.319225	2.801477	
13	2	7.040391	4.736113	1.957082	5.716269	
14	4	7.105977	15.695360	3.504248	24.050490	2.911624	4.440968	3.338020	3.707604	
15	3	25.274800	0.601218	4.902101	2.453706	0.870365	8.498736	
16	6	5.777533	24.050490	12.249350	2.563047	2.291262	7.301678	8.268709	2.012431	19.205060	0.459665	0.685571	10.654660	
17	5	71.847870	10.075460	25.158430	17.693920	12.030420	1.024083	17.326500	0.692338	1.409084	5.539708	
18	4	9.805543	9.810149	10.052100	1.784200	8.268709	1.937905	11.971810	1.270923	
19	6	9.789459	12.127200	2.840214	11.008440	1.419482	19.969940	24.747370	0.633961	1.292662	12.110960	0.733910	11.686510	
20	2	4.902101	2.834352	0.598538	21.381870	
21	6	18.805130	21.381870	8.661077	21.381870	1.409084	18.510780	16.374860	1.172169	0.814407	11.827010	7.413784	0.997525	
22	5	90.498580	1.890702	5.220039	13.966940	4.889253	10.075460	2.687309	9.099648	8.268709	1.058858	
23	5	14.395600	24.050490	2.246081	11.923290	8.268709	2.725140	3.035037	5.288058	2.953460	4.561965	
24	5	8.268709	8.801202	1.192523	24.050490	3.949484	3.248679	0.870365	8.902267	2.911624	2.490116	
25	5	2.175463	24.050490	37.807770	0.422752	4.444925	2.396435	30.667350	0.331134	2.911624	2.903143	
26	5	8.268709	1.563369	21.656990	0.538208	19.205060	0.450668	18.179940	0.402864	0.628627	11.649260	
27	10	90.498580	4.638535	53.534620	1.829433	2.911624	10.405750	0.895618	21.381870	5.581400	2.632888	12.710780	1.041016	17.867910	0.638152	1.080826	7.600103	19.205060	0.408135	5.581400	1.370645	
28	1	64.407700	4.474455	
29	6	36.963960	5.256531	7.436775	13.966940	32.935070	1.784200	4.299197	4.474455	17.656980	1.024083	1.388238	8.507254	
30	6	68.706890	4.507190	25.158430	3.687952	4.034676	5.288058	39.859110	0.512028	19.654530	1.024083	3.949484	2.951988	
31	6	6.147717	10.573610	3.397093	9.810149	8.268709	2.796268	1.369683	8.798959	18.733920	0.633961	15.326950	0.760230	
32	5	3.564905	24.050490	1.437626	8.798959	21.824290	0.538208	17.159740	0.678205	0.602821	17.109670	
33	9	81.363710	4.583490	12.249350	6.292702	8.268709	4.574857	22.984110	1.172169	9.943163	1.505669	2.291262	4.978893	15.973180	0.648847	2.911624	2.808453	0.402598	18.704720	
34	5	2.140210	7.600103	1.044596	12.610070	15.256210	0.648847	0.294719	28.225310	0.883791	8.507254	
35	5	10.798960	1.024083	30.667350	0.317713	1.240359	7.766084	0.446476	20.211570	17.159740	0.493964	
36	7	81.363710	1.217297	2.840214	10.373430	8.268709	1.777922	6.000913	2.017523	9.775523	0.881733	9.947851	0.760230	3.338020	2.248367	
37	7	5.660206	3.084389	0.634662	24.050490	0.595823	21.381870	1.230370	7.600103	0.308102	28.225310	1.957082	4.359191	19.485770	0.402864	
38	7	81.363710	1.251451	6.147717	13.476880	7.105977	4.180843	0.447411	37.744130	1.240359	7.983451	0.446476	17.532560	0.402598	19.039410	
39	6	90.498580	4.856214	4.705971	12.127200	5.660206	9.498523	4.319225	3.399190	3.338020	3.692096	3.338020	2.258466	
40	5	3.338020	9.475338	2.337787	13.457840	2.272029	8.893749	1.671265	7.473732	1.044596	11.440420	
