path41.50.txt
10
50
100 100
1	3	50.240750	17.702120	18.353900	1.683255	15.251520	1.262617	
2	6	60.148900	20.057210	100.000000	3.645652	24.911270	2.452835	14.362580	3.368267	5.500720	6.586518	17.640760	1.709601	
3	3	19.382170	1.713715	15.393730	1.826293	29.049340	0.630980	
4	2	49.759250	2.638730	15.251520	1.086952	
5	7	38.329700	3.400603	24.911270	3.007784	32.038440	1.055148	4.471873	6.586518	10.531430	2.698392	14.980200	1.709601	14.362580	0.949420	
6	1	8.027679	3.735869	
7	3	10.531430	12.266270	17.043250	1.826293	13.298780	1.654722	
8	6	49.759250	15.063390	100.000000	1.416018	46.418780	2.349569	47.951160	1.826293	13.298780	4.931796	14.362580	2.268831	
9	10	39.851100	20.057210	100.000000	2.385512	100.000000	1.082072	18.353900	1.962179	19.611860	1.826293	18.353900	1.927539	29.049340	1.078621	11.073200	2.464235	9.879625	2.103938	18.353900	1.013544	
10	9	89.468570	14.964660	100.000000	12.577130	100.000000	10.538560	90.120380	2.103938	19.100880	2.850649	18.947530	1.713715	29.631860	1.055148	24.911270	1.125899	11.073200	1.271634	
