path23.50.txt
10
50
100 100
1	3	12.373730	8.018140	78.500890	1.121194	33.638100	1.009041	
2	5	50.081410	1.956457	7.553436	7.355292	4.666930	10.899310	44.862790	1.009041	3.071139	13.452620	
3	7	31.178010	4.124200	10.832670	6.257906	2.049246	28.334500	1.999041	28.334500	12.373730	4.182472	32.954590	1.305956	16.866500	2.115548	
4	3	34.949300	1.606483	3.071139	15.913530	37.003660	1.305956	
5	1	3.235226	12.200610	
6	3	12.093410	9.078820	21.499110	2.949021	1.831434	31.418400	
7	11	17.659480	60.784550	45.556580	7.355292	22.855880	9.078820	21.499110	3.305413	10.832670	5.942706	6.502549	9.136042	3.607983	16.027450	3.623042	15.825870	6.202623	7.355292	2.879507	15.825870	1.694149	21.550740	
8	6	69.339600	25.094750	18.356870	4.124200	8.567315	8.288889	2.972781	21.550740	3.607983	13.338690	8.567315	3.911724	
9	1	100.000000	32.961020	
10	10	47.238550	11.747700	22.719700	11.747700	69.958240	1.123773	10.026970	7.355292	34.949300	1.515309	12.099500	4.124200	1.654860	29.366150	6.502549	6.456489	19.876840	1.956457	16.866500	2.008652	
