path50.200.txt
40
200
100 83
1	5	33.579640	1.856794	4.371416	8.122568	2.218088	7.089643	1.367520	10.170770	1.977373	5.335018	
2	5	1.650753	35.650060	37.099190	0.597927	1.566763	12.725740	0.593987	16.856870	0.527269	17.673130	
3	4	47.718810	8.697981	1.280621	10.228900	25.841280	0.396551	0.527269	17.976930	
4	3	11.637040	1.716550	0.857570	23.111500	37.099190	0.429220	
5	3	1.860369	22.592470	1.277120	15.365210	2.842924	3.589476	
6	9	11.747240	1.405526	5.682932	2.809283	3.163238	4.763463	2.552187	5.878839	2.221642	6.183760	8.508307	1.592250	2.346005	4.985097	4.761026	2.399269	0.769408	11.606380	
7	3	2.552187	5.403533	1.574101	7.882833	4.647912	2.399269	
8	3	6.853486	49.759460	12.870200	3.295480	5.682932	3.374477	
9	5	23.299620	10.256530	23.299620	0.533626	1.964521	5.634484	5.294446	1.933318	5.811768	1.403825	
10	7	1.407347	32.179780	3.550651	11.606380	7.147835	5.634484	12.390240	1.716550	1.641889	11.606380	0.473337	35.650060	1.483178	10.749710	
11	6	24.027280	1.444824	4.407906	3.841650	1.574101	9.580775	1.451179	8.731692	8.508307	1.222236	0.950923	10.607360	
12	6	7.904575	25.105370	4.151035	4.438543	9.112356	1.756873	2.295135	4.985097	10.975420	0.990401	4.778596	2.213016	
13	1	1.237224	9.567865	
14	9	8.508307	14.732610	16.296900	1.908331	0.789467	35.650060	11.747240	1.648931	2.346340	8.092156	2.310534	6.287498	2.552187	5.194823	1.082487	10.749710	0.494410	22.451890	
15	6	3.106101	35.892370	1.818786	45.545910	5.811768	13.247740	6.690315	5.809551	0.683955	35.650060	23.303060	0.780208	
16	4	6.690315	3.119454	0.624113	24.751190	0.373157	35.650060	10.975420	0.973544	
17	5	1.997671	13.867090	21.417450	0.918069	2.517540	6.834414	18.574370	0.898558	6.690315	1.586251	
18	6	2.020780	13.638450	3.722265	5.225464	11.747240	1.340157	2.108780	5.335018	0.935678	10.505090	1.860369	4.905802	
19	6	82.723980	8.159417	5.811768	3.926226	6.690315	2.448924	0.455461	23.111500	25.841280	0.383657	0.496226	18.148400	
20	5	1.760031	45.545910	10.780160	2.447800	11.243420	1.448535	0.935678	11.504420	3.163238	3.351156	
21	5	1.381312	25.090140	10.975420	2.486937	2.516276	7.622835	24.027280	0.778113	0.727606	18.148400	
22	5	82.723980	1.575593	5.942641	3.026159	7.904575	2.221003	0.571797	22.451890	1.184667	10.170770	
23	3	5.811768	7.908525	5.321483	2.199937	0.733529	11.606380	
24	5	8.666294	11.606380	5.321483	3.218381	0.671266	18.186450	1.237224	8.157335	8.331582	1.076586	
25	2	24.027280	9.193453	0.836776	25.090140	
26	7	3.605588	35.650060	1.237224	17.924860	0.902835	18.186450	3.818624	3.824656	0.950923	13.479100	11.747240	0.885401	0.376420	22.451890	
27	5	16.283370	29.723040	11.472220	11.606380	7.644613	11.606380	2.519390	12.725740	6.690315	4.154554	
28	7	5.942641	7.723556	7.904575	2.532543	16.382690	1.076586	5.811768	2.838140	1.277120	11.282750	0.935678	13.640560	10.975420	0.967435	
29	5	17.507200	20.036420	23.299620	0.839610	0.822740	17.336300	0.822740	14.670560	5.288424	2.193493	
30	6	2.710684	29.324460	5.469892	11.606380	5.114173	8.731692	2.516276	15.488660	24.430070	1.076586	26.193190	0.898558	
31	4	8.522451	9.162049	8.547256	3.295480	4.048052	5.318885	0.624113	20.617140	
32	2	23.299620	1.031105	3.729711	2.213016	
33	4	16.296900	2.547513	0.957775	24.087620	5.293732	3.824656	1.633495	6.834414	
34	4	47.718810	11.875410	0.950923	11.563610	0.775026	13.638450	1.860369	4.681507	
35	9	82.723980	2.412812	8.906092	19.046840	77.435550	1.294935	1.108430	13.867090	1.223832	11.574640	3.847390	3.589476	4.371416	3.150390	5.516747	2.447800	1.737519	6.287498	
36	7	20.421770	17.458550	15.121190	19.046840	2.946407	10.228900	32.668000	0.898558	11.747240	1.564728	3.163238	5.523831	0.731271	13.638450	
37	3	0.818514	45.368330	3.722265	6.380919	1.067417	10.228900	
38	11	17.838640	45.545910	82.723980	0.835498	1.388566	24.087620	2.634887	11.216010	12.056200	1.448535	4.100400	3.841650	0.822740	17.752610	1.339223	8.731692	0.593987	18.793190	8.508307	1.298587	6.690315	1.303403	
39	3	45.624790	1.027147	6.887964	2.399269	5.294446	1.947183	
40	2	4.124865	14.721230	3.263435	4.985097	
