path25.50.txt
10
50
100 72
1	5	39.652240	16.186800	1.110595	47.740660	51.185330	0.630332	8.636988	2.881907	26.218460	0.644162	
2	3	2.957969	19.151740	38.878900	0.999394	21.231470	1.042571	
3	3	15.964570	71.358500	37.244320	1.217515	3.546536	7.297701	
4	9	3.822597	71.358500	0.723584	71.358500	57.213020	0.575882	38.878900	0.670138	26.944920	0.916379	24.240410	0.916379	10.643320	2.026193	5.241340	2.881907	1.996131	7.448727	
5	6	36.114350	7.462445	6.027687	17.908200	20.338470	4.254070	2.824810	19.151740	3.546536	13.394000	35.388540	0.928063	
6	2	20.364090	71.358500	1.110595	23.617830	
7	3	28.497230	2.217703	0.791962	71.358500	13.878330	1.372163	
8	8	51.185330	15.717320	37.244320	18.431620	5.608353	71.358500	53.640400	6.280263	23.573480	2.026193	35.388540	0.741470	11.155010	2.217703	0.980101	17.570050	
9	6	36.114350	10.107600	5.782780	52.206760	57.213020	2.207624	12.142810	6.280263	2.557790	17.570050	25.732560	1.669532	
10	5	39.652240	35.383940	6.179231	71.358500	1.996131	13.242980	16.012850	1.042571	24.966870	0.644162	
