path47.100.txt
20
100
100 82
1	2	78.766200	17.326680	9.304922	19.659730	
2	1	3.007483	32.428020	
3	3	13.956020	15.415810	1.140788	26.937040	1.301231	11.996970	
4	8	43.914710	4.178963	2.431717	67.038150	60.254540	2.368701	22.109210	4.062580	5.498410	5.490979	3.937396	4.776742	1.462971	12.332040	9.144957	1.713160	
5	4	81.202930	7.129062	12.183540	5.675292	52.598090	0.749236	12.184560	1.830511	
6	5	19.853570	3.203919	0.682211	40.851380	1.659411	15.976140	19.853570	1.059925	19.333340	1.087468	
7	7	5.688818	21.300830	3.719047	12.857900	5.688818	3.972398	23.518920	0.890518	8.594789	2.371030	9.924644	1.830511	5.908147	2.371030	
8	8	12.388790	14.455030	4.357622	26.937040	4.820451	15.415810	7.670033	5.675292	31.518900	1.201083	5.243107	4.869021	5.848783	3.294828	3.482351	4.197665	
9	5	40.921240	13.606150	61.869590	1.087468	22.109210	2.195367	1.275765	12.332040	1.222473	12.332040	
10	6	70.651500	15.976140	52.598090	1.235602	5.848783	4.393796	1.249255	17.326680	0.532977	31.584560	19.853570	0.766159	
11	6	69.832210	6.884805	17.945820	14.455030	20.071150	9.841818	7.357640	17.546040	5.975253	15.415810	3.719047	3.915810	
12	7	23.244080	12.048520	4.435425	32.428020	13.472130	4.947054	0.682211	26.186770	0.496079	35.453590	0.898287	16.383280	0.898287	16.044730	
13	2	19.853570	1.626743	9.982373	1.495734	
14	2	20.396220	1.807933	0.523260	31.584560	
15	6	17.394080	17.546040	23.244080	2.406517	22.109210	1.691062	40.921240	0.848881	0.787290	32.428020	22.109210	1.056786	
16	6	9.044664	7.463018	33.411210	0.615331	0.560159	35.453590	17.728400	1.088508	1.329906	14.455030	9.144957	1.777799	
17	9	23.518920	13.940600	6.139916	5.613492	23.518920	1.145016	1.187478	17.326680	12.126830	1.495734	3.165005	5.613492	2.062485	8.126637	13.790500	1.088508	5.893287	2.371030	
18	4	32.526950	9.841818	3.801557	4.869021	26.843330	0.615331	1.181065	12.332040	
19	4	31.518900	1.889371	2.636165	11.996970	19.336600	0.872072	2.042334	8.126637	
20	5	39.125970	4.947054	11.370720	6.884805	40.917940	0.872072	5.662605	4.197665	4.104819	4.205402	
