path29.100.txt
20
100
100 100
1	7	8.589482	4.838473	54.551920	0.674299	23.390660	1.510080	14.596230	1.862337	13.233880	1.967247	5.418685	4.071378	13.233880	1.488307	
2	7	6.458416	37.275340	5.658168	38.144760	14.109830	3.769021	4.606247	8.034161	1.011523	29.618640	13.233880	1.598767	13.718270	1.527084	
3	3	13.718270	25.635790	5.026019	37.275340	10.492090	3.295456	
4	5	9.833063	7.479761	7.308941	5.489338	12.128990	2.402696	13.712590	2.014424	14.983280	1.563992	
5	6	10.284310	6.806918	50.522620	1.263242	13.856820	3.295456	18.035800	2.014424	1.170376	17.914770	18.725910	1.003355	
6	7	3.887838	49.316620	3.289559	37.275340	100.000000	1.008761	3.795948	20.948440	10.313880	7.536597	0.998696	29.618640	0.533651	49.316620	
7	8	97.989780	16.427310	31.235450	4.476143	1.960566	49.316620	4.290633	21.443740	7.505805	4.272323	1.170376	20.230000	18.088210	1.199382	14.321980	1.510080	
8	5	7.505805	6.899533	20.623600	1.478157	24.348910	1.230002	16.839280	1.510080	6.923139	2.987590	
9	5	36.691220	1.003355	7.308941	4.265885	10.299870	2.734698	19.964530	1.263242	12.112260	1.563992	
10	6	39.777920	37.275340	13.861660	6.470169	30.917580	2.275462	9.946050	5.826317	14.384630	2.275462	3.772222	5.826317	
11	3	6.923139	5.046570	30.343460	0.927039	5.128789	4.838473	
12	4	31.748390	5.465337	54.551920	1.582546	24.348910	1.106006	6.098206	4.071378	
13	4	54.551920	4.612613	18.969110	9.755223	0.677261	38.144760	3.433966	6.806918	
14	3	47.574330	8.876275	5.790715	8.034161	18.088210	1.535316	
15	4	2.182214	49.316620	13.718270	3.145142	18.448940	1.141033	18.448940	1.134429	
16	2	26.163840	2.734698	20.623600	2.615345	
17	7	97.989780	4.315054	34.686370	8.876275	9.819201	21.443740	29.512850	1.263242	9.970796	2.275462	13.718270	1.536898	11.516890	1.653722	
18	5	10.313880	13.411840	20.623600	3.386259	24.208460	0.927039	11.516890	1.754661	13.233880	1.415847	
19	6	15.729090	8.876275	31.235450	1.695680	44.582870	1.003355	14.109830	3.155417	16.639220	1.862337	1.549902	13.190450	
20	3	1.549902	19.843010	12.219920	2.402696	1.549902	16.283160	
