path38.50.txt
10
50
100 88
1	7	79.895970	9.437860	17.729420	6.113116	63.048480	1.088263	25.927310	2.643845	1.466736	35.306580	12.240160	2.932899	12.240160	2.259411	
2	3	25.054600	40.881750	87.645720	2.443479	0.823393	35.306580	
3	3	31.713250	40.881750	30.877860	40.881750	12.240160	2.073829	
4	5	43.397230	3.425271	5.758551	8.453069	7.700444	6.179193	6.481612	3.486506	12.240160	1.785315	
5	7	8.611042	35.723770	87.645720	1.100630	24.597240	1.725337	1.842746	22.694580	12.240160	2.356927	1.440643	18.152400	0.724963	35.306580	
6	4	12.354280	26.192640	7.749757	9.437860	1.842746	12.611990	1.245403	17.384190	
7	5	87.645720	5.679096	25.927310	18.867620	35.507380	3.425271	12.240160	7.127675	2.353795	17.696940	
8	4	12.354280	2.777009	6.481612	4.966562	4.539719	6.179193	1.440643	17.154180	
9	7	25.927310	6.512372	8.741115	3.425271	4.595327	6.113116	12.240160	2.138262	1.438337	18.026830	1.389442	17.696940	1.245403	17.922390	
10	5	54.288650	35.306580	2.304900	18.026830	63.048480	0.637074	25.927310	1.169628	3.602563	6.113116	
