path15.200.txt
40
200
100 56
1	7	21.512830	42.094750	12.781930	3.996127	10.358400	1.930939	35.151530	0.548876	3.385744	4.291935	0.752177	15.715810	23.229780	0.498746	
2	6	0.887996	21.911310	25.564540	0.611878	8.072933	1.810270	23.229780	0.425366	9.372045	1.038528	4.013589	2.410416	
3	5	2.128777	29.879470	1.309563	18.286990	45.241030	0.454958	25.521030	0.650832	4.122448	3.996127	
4	5	24.484870	1.930939	2.128777	16.167710	5.644859	2.629699	1.109217	11.683990	1.932070	5.040391	
5	5	29.549810	28.643780	1.857633	22.151070	35.191000	0.658243	0.760114	19.402320	9.951056	1.038528	
6	4	0.872134	19.208020	0.665671	21.911310	4.102622	2.629699	14.130870	0.650832	
7	5	7.448914	10.166790	0.740329	42.257870	8.072933	2.411867	11.317070	1.549707	13.580560	1.216855	
8	9	3.608042	10.037210	8.675564	3.996127	1.251625	22.151070	21.573200	1.038528	4.687189	4.291935	2.110307	7.328424	0.864934	17.337970	25.116730	0.465501	10.690290	0.924112	
9	4	46.241670	2.951371	14.475520	6.302433	4.483026	10.166790	14.475520	0.813315	
10	9	16.488130	17.685710	11.947830	13.450970	14.475520	5.437920	26.628790	1.011905	11.931940	1.835721	28.033110	0.580793	6.041687	2.629699	18.680660	0.736685	5.714400	1.729397	
11	7	5.349004	35.907320	8.526609	20.209000	0.775844	21.812090	8.072933	2.054022	1.445063	9.952427	6.414428	1.930939	4.435032	2.704139	
12	2	4.268554	6.370087	17.207910	0.580793	
13	4	2.690184	20.976060	13.348400	1.930939	4.804163	3.421273	35.191000	0.444183	
14	1	21.300850	1.425087	
15	6	9.028659	42.257870	5.924724	4.406798	25.782910	1.011905	1.932070	7.056762	23.029140	0.459103	0.519227	19.208020	
16	6	1.460733	42.094750	17.616590	1.295014	21.049460	0.778366	25.572660	0.594527	28.551210	0.511772	6.800521	1.729397	
17	8	11.348770	22.048880	0.635739	42.257870	13.538370	1.930939	2.690184	8.942025	2.690184	8.435556	20.068780	1.102891	0.491994	35.907320	6.483700	2.364215	
18	3	18.872100	35.907320	4.878839	7.080882	14.475520	0.897300	
19	4	16.488130	3.301236	23.593680	0.904504	26.601860	0.611878	0.614065	20.994820	
20	5	14.224590	10.610760	1.944656	11.683990	15.116250	1.004338	28.618330	0.496657	21.124940	0.465501	
21	6	52.166400	0.530524	0.642336	42.094750	35.151530	0.746138	0.557959	42.257870	1.727591	7.080882	3.756765	2.629699	
22	4	3.875804	8.453213	1.932070	10.789570	8.914757	1.753258	22.311590	0.487289	
23	10	16.488130	4.235563	3.608042	18.606570	4.197129	8.453213	0.800744	34.929450	0.573227	35.907320	1.207923	15.715810	0.775844	20.282660	18.680660	0.558328	21.049460	0.488267	4.059344	2.410416	
24	7	12.194220	27.150320	4.641039	22.048880	34.302160	0.585883	0.921315	19.943680	11.931940	1.448457	2.337876	6.370087	1.445063	9.991255	
25	6	1.936288	42.094750	4.238256	18.486220	10.268780	1.930939	12.715940	1.366427	9.693077	1.011905	7.459893	1.216855	
26	4	7.463197	20.209000	8.128563	13.450970	15.925570	0.875428	22.211890	0.459103	
27	4	46.241670	0.989926	12.378610	1.102891	6.008751	1.729397	15.400800	0.650832	
28	4	10.459130	13.450970	7.558511	6.942993	55.519850	0.599838	19.861700	1.102426	
29	5	28.618330	0.507681	22.311590	0.615602	18.931630	0.714254	0.614065	21.099930	5.667897	1.729397	
30	4	1.476986	21.911310	21.376570	1.011905	4.428412	2.239595	10.560080	0.924112	
31	1	4.238256	3.425096	
32	5	17.610490	28.643780	1.960100	30.331360	0.804025	21.911310	6.211763	2.364215	6.718788	1.753258	
33	3	11.195490	1.930939	34.302160	0.418455	15.925570	0.877830	
34	4	12.194220	8.757006	3.707056	13.450970	11.683970	3.421273	0.540709	19.208020	
35	2	1.309563	16.642460	8.605383	2.364215	
36	6	3.053873	34.363190	6.666076	6.942993	21.963260	1.004338	26.593740	0.594527	6.888661	2.239595	21.049460	0.462764	
37	5	25.041970	1.216855	31.165290	0.904504	13.388190	1.753258	25.548520	0.714254	8.676555	1.216855	
38	5	14.224590	8.731184	0.864934	24.919900	7.040522	2.629699	16.518650	1.011905	2.690184	3.904231	
39	5	28.551210	0.783242	0.461275	35.907320	14.623550	1.038528	3.637901	2.704139	4.801990	1.930939	
40	5	14.224590	9.622385	13.870520	1.366427	0.760114	22.692430	0.742880	19.943680	5.589251	1.930939	
