path6.500.txt
100
500
100 82
1	4	1.167579	6.200882	3.161199	2.038554	5.885786	1.063637	2.706038	2.286039	
2	4	6.412327	31.064290	6.772864	5.810225	0.555161	8.729959	4.362833	1.092370	
3	6	43.184240	3.529279	10.450450	2.279279	4.747911	2.341632	2.139746	3.689571	21.502280	0.264246	8.868370	0.562908	
4	8	13.559090	6.495648	15.806300	1.561185	7.748197	2.064141	0.638141	13.023600	0.576712	12.355480	10.786630	0.581999	8.822197	0.622073	5.295330	0.900787	
5	5	6.531210	1.329069	0.472360	13.023600	3.389605	1.488603	0.949822	4.985132	16.269550	0.279470	
6	4	16.269550	0.648972	1.773545	2.766015	8.161997	0.593858	4.427769	1.092370	
7	8	4.526591	18.773440	0.900210	39.180760	17.025990	1.097188	18.805760	0.955653	3.384851	3.687121	5.452905	1.343849	1.180060	4.799395	4.329763	1.043714	
8	4	9.694032	2.026282	0.934222	7.544143	3.562006	1.669194	3.286970	1.559956	
9	3	2.637512	34.813140	0.294225	20.926660	2.139746	2.234313	
10	6	8.790603	6.625287	9.694032	2.901303	2.913011	2.942881	0.786122	8.012494	10.819340	0.518206	9.470715	0.510708	
11	6	2.285816	5.142863	3.562006	2.531193	0.459252	11.452330	0.775399	6.713789	2.617963	1.790483	11.183190	0.419120	
12	3	0.744552	43.757730	4.921882	1.600199	1.567931	4.127932	
13	7	18.805760	10.022890	3.060775	15.847420	11.060860	1.343172	3.768982	3.030823	8.868370	0.848049	0.949822	6.105043	0.467296	9.728495	
14	3	4.153911	5.294323	0.868201	8.729959	4.153911	1.292736	
15	1	5.049922	2.189798	
16	4	3.326263	6.951574	2.077777	4.224723	21.502280	0.328592	0.264793	20.926660	
17	7	1.104669	34.813140	7.748197	3.937941	3.182891	9.198977	0.523152	39.180760	10.560610	1.182077	3.651256	2.966052	1.050734	6.799518	
18	4	3.477001	6.799518	0.333016	27.763200	0.350005	14.359680	0.526600	9.522262	
19	7	10.914590	1.528793	0.941792	10.616670	0.983144	8.443936	16.269550	0.501458	5.222518	1.456285	16.853700	0.301368	8.211406	0.602520	
20	6	5.888620	10.440690	10.915980	3.809646	7.314337	4.205037	0.772989	34.813140	7.314337	1.650610	0.279988	20.222620	
21	4	5.452971	6.799518	2.408963	5.329163	5.302746	1.633299	3.774336	1.343849	
22	4	4.921882	1.628339	2.229391	2.994154	0.642706	8.970095	0.356873	14.304080	
23	7	1.770009	11.825110	0.576437	28.242980	3.709140	2.506052	1.973903	4.152985	2.675878	2.994154	3.091551	2.520052	8.602044	0.581999	
24	4	1.120951	28.242980	5.946032	1.154789	16.853700	0.301152	3.043908	1.544005	
25	5	1.429934	8.012106	12.325340	0.687044	1.072244	6.799518	21.552580	0.236006	11.392660	0.441717	
26	6	12.334490	6.799518	25.027550	2.915171	6.531210	1.586102	13.597500	0.680520	16.269550	0.479219	3.654154	1.334253	
27	5	17.025990	3.800059	17.255310	1.440363	0.895439	9.522262	4.805705	1.097019	2.352469	2.038554	
28	7	16.854770	1.206354	7.591445	1.240648	16.269550	0.535838	11.063410	0.671510	12.068240	0.613516	3.327875	1.734203	1.180060	4.627102	
29	7	2.742968	14.311500	2.742968	13.303260	2.285816	5.947313	5.302746	1.595239	1.911789	3.301056	5.885786	0.906970	1.861423	2.385301	
30	5	11.879490	2.431088	1.510563	5.810225	1.382681	5.111529	0.961990	6.247398	4.577940	1.038295	
31	1	10.929120	0.667243	
32	7	43.184240	1.438488	1.462469	10.440690	1.197251	10.718110	3.326263	3.136576	2.246870	2.697469	3.701592	1.290780	5.967847	0.755882	
33	6	13.229020	15.947830	7.402642	6.799518	1.110501	34.887120	9.157485	0.613516	2.977030	1.740764	0.926884	5.511015	
34	4	0.684627	13.824930	7.068229	0.755882	1.872528	2.543272	2.158171	2.042263	
35	8	12.407070	6.799518	9.751270	4.672870	10.200680	2.486874	1.141890	6.799518	4.779134	1.462643	8.103778	0.755882	1.008838	5.312815	3.926819	1.227553	
36	8	11.879490	36.916480	7.283879	15.032590	7.591445	3.500524	9.694032	1.281102	2.491234	3.047361	3.934582	1.712765	9.694032	0.563117	10.450450	0.511392	
37	5	10.915980	0.739093	1.115409	6.799518	0.706884	7.577551	1.535265	3.063858	1.847717	2.385301	
38	6	2.158171	12.050570	8.756666	1.990511	3.232316	2.508309	6.985096	1.087060	3.654154	1.631799	0.903919	5.511015	
39	4	2.742968	20.295950	3.538851	8.645849	0.473716	43.757730	3.817676	1.559956	
40	4	1.461737	33.495800	12.929420	0.613516	0.536374	10.892630	2.617963	2.140297	
41	2	4.421080	1.678803	2.158171	2.106640	
42	9	12.927100	5.503909	4.987093	11.090180	7.655504	5.503909	2.252503	4.484340	0.950115	8.012494	4.779134	1.503409	7.314337	0.980810	0.350005	19.246950	0.467296	9.724386	
43	3	21.139850	0.301573	9.995967	0.569263	0.422982	11.090180	
44	5	2.535892	3.073652	0.389930	15.991780	0.901653	5.851769	0.775399	6.520327	2.599724	1.836893	
45	4	2.121598	3.063858	4.153911	1.290033	16.269550	0.293442	11.183190	0.424207	
46	6	17.025990	2.235087	5.629138	5.810225	15.103280	2.033991	0.748038	18.611860	17.025990	0.478911	4.237958	1.098089	
47	3	2.735477	7.599408	1.918069	6.768949	3.562006	2.326007	
48	5	2.008882	38.444920	17.025990	0.772332	0.536374	12.642480	16.269550	0.403985	21.552580	0.251341	
49	4	4.059382	27.451130	2.314068	20.926660	12.325340	0.656805	4.702244	0.935977	
50	4	9.694032	1.970085	8.868370	1.042834	0.718827	11.830380	1.161998	4.548739	
51	6	1.080166	10.978550	13.534930	0.581999	0.961990	7.577529	1.026283	5.111529	0.554545	8.970095	0.656204	7.544143	
52	7	1.454922	11.721920	19.627920	0.671510	0.567347	14.923840	5.354957	1.528793	13.020850	0.581999	5.870499	1.154789	0.744522	6.273219	
53	6	1.364765	5.851769	2.247236	3.373413	10.224630	0.726837	2.035987	3.459727	9.308084	0.510708	8.057276	0.555126	
54	5	22.775450	1.113228	6.870860	3.459727	0.545144	14.923840	4.249821	1.823260	4.481514	1.275076	
55	3	4.526591	18.099970	4.747911	5.670474	8.756666	0.739619	
56	1	7.314337	0.998750	
57	9	1.837199	11.236960	0.874655	8.081850	1.065992	6.088813	0.583774	11.090180	0.904608	6.850614	2.617963	2.321360	3.934582	1.351093	1.199773	3.991766	6.310791	0.745942	
58	3	8.868370	0.911183	0.355897	17.059310	0.933043	5.972382	
59	6	7.251365	16.846430	10.450450	2.553521	22.837400	0.333004	5.513668	1.285491	4.568523	1.273035	8.868370	0.557864	
60	4	17.025990	5.183671	20.036390	0.441717	2.136912	2.942881	2.252503	2.284608	
61	8	43.184240	0.484318	4.653523	3.301056	12.399430	0.576312	0.819905	8.012106	1.511588	3.637547	5.522384	0.935977	1.574114	3.037819	1.872528	2.348080	
62	5	7.096412	26.984050	17.025990	7.343110	3.562006	4.710562	1.935651	6.511445	3.389605	1.477449	
63	5	0.977187	81.108710	0.483900	43.757730	1.835985	4.548739	3.995824	1.994591	8.134682	0.936013	
64	3	0.389930	17.504030	8.295199	0.581999	4.564668	1.008143	
65	3	16.885360	1.011078	6.519687	1.377522	0.839038	7.490612	
66	6	4.254497	29.210140	1.408824	8.443936	11.183190	0.889860	0.421852	13.234120	11.427760	0.441717	1.133952	4.152985	
67	5	0.460783	28.242980	0.528374	20.382760	17.879170	0.576312	12.735270	0.594614	10.929120	0.487546	
68	9	1.296197	22.865260	3.113422	5.810225	3.384851	4.756815	7.771711	1.212423	2.599724	3.236742	0.342431	14.923840	4.312806	1.095074	1.223889	3.637547	8.756666	0.501200	
69	6	10.560610	3.240412	0.635407	14.033230	1.773545	4.850504	2.617963	2.865634	13.597500	0.406540	1.112541	4.556021	
70	8	1.733395	27.763200	3.859174	6.511445	1.506723	15.032590	7.748197	1.614438	4.872546	1.994591	0.304834	27.789490	0.528374	15.468320	4.460839	1.043714	
71	3	3.538851	7.201573	10.733240	0.518206	1.000044	5.312815	
72	4	5.604887	1.440363	0.954899	8.012494	4.821469	1.038295	8.822197	0.566947	
73	3	0.839038	15.629950	6.519687	1.470098	3.778798	1.206354	
74	6	8.723103	14.345430	1.180060	23.864130	4.365700	3.030823	0.459252	24.398750	4.051127	1.273035	0.744522	6.082263	
75	2	5.794825	14.415210	1.646617	11.929020	
76	1	1.121212	3.991766	
77	5	9.751270	9.586032	2.367047	34.813140	4.452892	10.656220	11.625480	2.915171	0.768046	11.090180	
78	4	2.599724	17.885920	2.599724	4.749185	12.165480	0.671510	6.310791	1.077317	
79	7	8.723103	33.565290	1.528410	11.830380	5.044020	3.419197	8.756666	1.350493	4.011884	2.807751	6.339197	1.212423	0.355897	16.547320	
80	5	11.060860	0.641969	1.167579	5.655094	2.218468	2.563600	2.977030	1.560292	1.469795	3.037819	
81	4	30.448970	0.594614	1.112541	6.422525	2.332731	2.427979	4.630412	1.098089	
82	3	0.360105	20.926660	2.582672	2.286039	0.663323	6.850614	
83	8	7.744995	8.081850	0.469481	18.379800	5.049922	1.666839	15.588940	0.510708	1.690899	3.991766	8.161997	0.612497	5.513668	0.900679	0.469481	9.383397	
84	4	11.435110	14.889020	7.274716	14.258900	2.028252	12.355480	8.701649	1.559956	
85	4	10.560610	0.797138	0.706884	11.034310	0.951805	5.923884	2.891675	1.660893	
86	3	1.543607	3.459727	0.256386	20.222620	3.612744	1.290780	
87	3	4.421080	3.523113	6.639778	2.207762	11.060860	0.429463	
88	3	1.883342	27.789490	1.197251	6.425250	4.016492	1.097019	
89	6	15.103280	4.765527	0.663225	11.855980	10.184530	0.613516	3.191812	1.734203	1.590425	3.434404	2.617963	1.860772	
90	6	4.526591	4.106074	5.893552	1.456285	0.303058	27.789490	0.876492	9.198977	0.467296	16.398200	1.734509	2.994154	
91	8	13.559090	3.592501	1.646617	5.082903	1.770009	4.271785	11.143890	0.569263	22.837400	0.259834	9.302632	0.602520	1.296197	4.118797	1.812512	2.697469	
92	6	14.618380	0.572790	9.694032	0.780373	4.422661	1.660893	1.180060	6.056949	3.232316	2.073515	8.868370	0.593938	
93	6	18.661920	10.616670	10.450450	0.814998	4.452892	1.699264	1.935442	2.563600	1.139568	4.152985	4.564668	0.962464	
94	1	1.621899	8.012106	
95	1	3.850048	1.206354	
96	2	11.269500	1.440363	8.057276	0.672427	
97	8	0.414750	33.495800	10.974220	0.900787	1.065992	6.266669	0.839038	7.943723	9.399408	0.694892	4.481514	1.152903	0.860874	5.972382	0.427469	10.978550	
98	8	10.200680	12.716920	39.621270	0.572790	4.568565	3.301056	2.599724	3.128114	2.270317	3.419197	12.905640	0.576312	0.452921	11.090180	2.054126	2.427979	
99	6	16.885360	18.110910	0.709227	34.813140	9.054548	1.440363	0.635407	12.950820	7.591445	1.067824	6.137648	1.095074	
100	10	4.554348	6.768949	1.793917	8.916639	1.770009	7.697068	7.314337	1.641344	1.725534	6.768949	0.978889	10.616670	3.023282	2.966052	2.158171	3.468253	4.285456	1.227553	0.349029	14.304080	
