path4.100.txt
20
100
100 100
1	2	42.398250	8.659718	6.565405	43.509230	
2	5	84.829650	10.992710	15.747120	4.499285	6.821058	4.630614	15.747120	1.644476	13.952160	1.286591	
3	5	9.629046	6.001741	0.794034	43.509230	3.821976	7.941258	24.399710	0.939816	15.022810	1.096349	
4	6	48.484550	5.142226	25.193450	4.279446	2.566703	11.076170	29.808070	0.801706	4.402014	4.630614	4.630472	3.514416	
5	8	84.829650	4.360635	48.484550	2.771749	3.938166	19.893000	25.683520	1.540967	0.741498	43.509230	9.767138	2.630592	25.193450	0.953714	22.801030	0.840549	
6	4	100.000000	4.072656	9.338425	21.661690	17.952370	2.410484	39.632690	0.866676	
7	6	10.761240	18.860010	24.235120	4.959089	49.469150	2.410484	6.086305	8.659718	8.496363	4.196626	1.010543	21.661690	
8	6	90.232860	2.630592	20.372660	4.196626	10.694260	2.410484	1.582422	15.832580	25.193450	0.911408	22.801030	0.700417	
9	9	21.898730	38.550140	32.735850	20.521830	48.484550	4.248100	25.193450	2.974184	2.336392	19.991500	9.446326	3.508145	25.193450	0.865184	29.808070	0.551876	12.388810	0.831546	
10	7	9.233670	29.034390	5.964880	7.941258	2.291478	12.001680	6.352188	3.514416	4.545304	2.599428	0.709055	15.832580	17.303720	0.612041	
11	4	0.829367	25.905550	7.714117	2.429995	16.222130	1.096349	2.566703	6.140677	
12	4	21.974610	18.860010	30.204970	1.286591	15.747120	2.205426	14.865900	1.274874	
13	4	9.446326	8.355457	60.429940	0.939816	33.618650	0.886165	12.388810	1.578938	
14	3	15.477740	19.893000	11.223070	21.274930	40.497070	0.484307	
15	6	10.102910	17.159840	32.735850	4.127392	43.483110	1.286591	2.336392	18.558640	4.764465	3.514416	33.618650	0.388709	
16	4	22.394270	0.866676	9.629046	1.939517	12.021760	1.096349	2.566703	4.444848	
17	3	15.442040	25.905550	29.808070	0.575131	23.193350	0.612041	
18	3	9.233670	14.474850	7.356105	2.599428	12.359760	1.286591	
19	4	9.228553	21.661690	0.935225	21.661690	11.901410	1.597198	16.236230	1.096349	
20	7	5.067440	17.159840	2.313590	25.905550	2.114002	21.661690	9.495418	2.410484	0.500977	43.509230	22.802680	0.866676	7.714117	1.766631	
