path33.200.txt
40
200
100 86
1	5	85.333920	1.895529	35.247240	3.213489	1.898030	5.483685	7.401149	1.193675	12.427780	0.698931	
2	3	3.092553	12.840770	9.765553	3.911309	20.599140	0.582491	
3	5	10.935100	21.287810	16.752270	3.049858	8.764545	4.269868	13.026490	1.620891	20.599140	0.535654	
4	9	18.348320	18.243770	3.371428	30.896000	1.539968	41.207820	11.183990	3.421662	1.347974	21.076600	29.841420	0.709310	20.066810	0.638652	4.184085	2.867135	14.251750	0.634962	
5	2	5.605452	2.344882	1.516965	7.110653	
6	5	12.888140	5.148015	2.814189	5.918679	4.707340	2.855803	8.129706	1.577678	3.013595	4.139214	
7	5	27.350970	5.389913	26.971410	4.485681	18.353650	0.808658	6.170922	2.390327	0.658450	13.646260	
8	5	30.976780	1.518705	43.908150	0.498906	14.504330	1.061007	14.893920	0.604673	14.885690	0.498113	
9	3	17.483030	3.213489	16.444890	0.666555	3.371428	3.098085	
10	7	14.271500	41.207820	15.811470	20.754820	2.854820	34.071940	15.783460	5.177011	3.763592	17.749370	0.891294	13.646260	28.506090	0.410685	
11	7	11.059280	5.483685	38.552280	0.502701	18.615860	0.698931	28.411800	0.397784	4.687008	2.092563	6.866846	1.376457	10.858170	0.638652	
12	8	16.732100	2.227685	5.396341	5.483685	29.658490	0.791481	43.089040	0.529556	3.371428	5.333560	1.724155	8.783689	29.065550	0.483182	14.019860	0.573269	
13	2	6.326681	2.317103	2.464774	4.513023	
14	5	15.928750	16.452120	25.425240	1.647091	9.227758	1.071998	13.373480	0.732912	9.290610	0.709310	
15	1	0.905831	13.646260	
16	10	56.984490	4.269868	20.612470	8.064259	13.955370	2.157357	7.328704	3.169100	11.382700	1.715186	0.899823	15.665710	6.005472	2.337662	9.227758	1.085358	1.862449	4.513023	8.627685	0.955403	
17	4	44.231300	12.222380	52.651840	2.349585	13.334420	1.188658	6.682036	1.345327	
18	6	15.126690	0.842104	4.585042	2.726052	0.943208	11.663580	0.625664	15.665710	5.305269	1.755349	1.135662	5.944820	
19	10	10.935100	8.859275	18.595790	1.349413	4.845467	4.485681	10.359950	1.349413	1.724155	6.882024	6.170922	1.764013	3.757223	2.349585	14.653920	0.572226	7.623661	0.949048	1.571447	4.139214	
20	6	10.781640	8.064259	16.409360	3.213489	35.669240	1.118145	14.504330	0.721088	14.019860	0.628844	6.061377	1.376457	
21	5	48.217400	3.911309	5.896718	4.513023	10.070920	1.597990	14.019860	1.142769	14.893920	0.873930	
22	4	7.328704	27.297050	18.353650	1.986352	10.111820	1.755349	26.976490	0.539713	
23	3	8.086966	1.279285	0.943208	9.219628	5.655464	1.188658	
24	6	67.147210	2.840069	16.444890	0.954337	4.687008	3.318323	19.482150	0.510266	4.808614	1.755349	1.372689	5.177011	
25	1	6.308667	30.466150	
26	3	12.694380	36.125610	28.411800	0.849219	1.719158	5.944820	
27	2	12.694380	25.837030	12.913430	0.638652	
28	7	9.954235	18.243770	2.814189	24.547470	25.624060	1.376457	10.076730	2.349585	6.005472	2.148019	13.373480	0.616502	16.752270	0.371804	
29	5	14.590050	11.506160	29.471380	0.834655	7.681002	1.518705	12.864520	0.698931	16.932410	0.488526	
30	4	14.585690	0.498113	1.317004	5.177011	6.100420	0.979617	8.328719	0.709310	
31	4	6.170922	24.168300	31.394110	4.200280	8.086966	1.030590	13.496300	0.510266	
32	5	2.854820	21.945890	18.186720	2.840069	14.590050	1.095197	1.516965	7.854871	14.504330	0.567490	
33	6	28.301560	12.840770	15.928750	1.791655	0.915853	13.646260	5.349408	1.715186	1.516965	5.917688	6.100420	1.365265	
34	7	3.335600	55.097380	53.546560	1.090165	18.989890	1.156224	4.624322	4.269868	28.506090	0.538362	14.813800	0.634962	14.817460	0.572226	
35	5	1.249442	55.097380	14.960570	4.269868	29.658490	0.806509	9.867605	2.317103	9.775270	1.345327	
36	6	1.437366	15.665710	13.014070	1.345327	16.194290	0.896386	7.553211	1.647091	9.725963	0.955403	5.180635	1.518705	
37	7	7.401149	3.983336	6.170922	3.614485	38.552280	0.465723	3.371428	4.784860	4.343797	2.349585	29.471380	0.305798	1.701913	5.148015	
38	6	31.394110	5.041770	2.460173	11.053910	30.528340	0.488526	26.570060	0.539713	3.371428	4.203882	6.959280	0.949048	
39	2	48.839220	2.855803	7.710555	1.755349	
40	4	8.129706	2.935345	15.126690	0.755886	3.902880	2.867135	28.411800	0.350987	
