path42.50.txt
10
50
100 87
1	1	1.446299	51.284190	
2	7	25.049900	12.578590	9.006680	34.093790	1.499336	45.421170	26.479080	1.519525	4.012870	7.575298	25.521890	1.021496	12.172530	2.081146	
3	8	15.638510	44.578780	4.444700	86.169970	74.950100	1.722116	25.049900	3.039330	49.428220	0.887704	11.195240	3.057863	13.871070	2.030210	11.195240	1.992311	
4	4	7.102072	33.217850	48.471020	1.519525	1.499336	40.748790	19.674690	1.021912	
5	8	22.249060	86.169970	18.619040	86.169970	4.853680	37.003490	42.217770	1.598145	23.396770	1.598145	11.764870	2.969877	11.195240	2.232145	5.398516	3.839542	
6	6	74.950100	2.998453	2.294196	86.169970	5.102662	34.885780	63.185230	0.652914	21.016550	1.598145	5.398516	3.735756	
7	1	7.102072	52.952120	
8	5	2.443794	86.169970	55.275410	1.021912	25.521890	0.978505	11.178820	2.030210	13.368910	1.598145	
9	9	16.043220	34.093790	11.195240	38.373110	11.195240	33.238370	3.656363	51.284190	4.557707	37.003490	11.195240	7.276170	32.085920	1.112297	12.877370	2.081146	17.342290	1.112297	
10	1	63.185230	2.316963	
