path1.100.txt
20
100
100 71
1	4	1.016037	50.443830	0.848066	30.391900	1.697029	9.877637	1.320217	11.712300	
2	2	11.785120	2.346882	3.984951	4.266823	
3	5	49.898780	26.425710	32.430660	0.848866	15.718090	1.748960	4.548562	6.028456	41.204610	0.432389	
4	5	7.817509	22.586380	2.631681	34.549190	16.509920	1.735629	5.502379	2.845096	1.314470	11.693380	
5	6	30.711950	10.826190	21.201800	6.580703	36.585800	0.934528	42.173330	0.635269	3.947375	6.242819	18.443390	0.874357	
6	7	10.808390	50.443830	5.538497	22.174880	2.912739	13.999730	2.888855	10.826190	14.372880	1.748960	1.314470	14.116320	20.511070	0.850640	
7	8	7.441764	50.443830	5.580657	6.028456	26.025000	1.116649	16.828340	1.473467	13.154660	1.735629	1.830299	10.603970	7.427980	2.376595	1.333192	12.539110	
8	1	9.653809	29.675930	
9	4	6.715201	12.539110	7.603799	8.255175	10.535870	2.346882	11.109120	1.473467	
10	9	41.204610	5.355551	18.799120	6.028456	9.153507	12.137270	11.042770	2.626990	12.693000	2.228320	42.173330	0.481379	7.603799	2.571012	0.848066	20.051930	9.360808	1.748960	
11	1	9.556726	8.781500	
12	4	15.699420	2.845096	23.599490	1.640380	32.430660	0.794685	1.320217	14.097400	
13	8	70.335420	2.436572	1.995210	36.138070	41.204610	1.654715	1.179846	50.443830	29.664580	1.112942	2.912739	9.920597	2.912739	8.132191	1.736806	10.603970	
14	9	4.570549	22.586380	18.621810	2.626990	0.818425	50.443830	14.966990	2.228320	9.304220	2.376595	9.153507	2.078303	1.705037	9.877637	11.260310	1.473467	18.443390	0.874603	
15	3	6.154009	34.549190	7.078392	29.675930	29.664580	1.250198	
16	5	5.023225	34.549190	5.556846	18.302680	41.204610	0.651416	2.136431	9.877637	8.107682	2.228320	
17	6	66.410140	22.586380	14.524750	13.364930	7.552056	3.701800	3.984951	6.337144	41.204610	0.593152	32.430660	0.584768	
18	5	21.201800	13.160580	5.556846	17.835390	39.197770	0.873415	31.612530	0.934528	8.816664	2.346882	
19	3	49.898780	8.123472	9.556726	3.757611	10.303170	1.748960	
20	5	23.599490	10.898730	6.627722	34.549190	5.986324	13.364930	1.312688	25.809700	2.873327	6.028456	
