path41.100.txt
20
100
100 100
1	3	18.353900	1.034163	32.038440	0.437184	3.614550	3.735869	
2	7	51.367730	5.377225	73.383070	1.416018	10.597960	3.368267	18.947530	1.000013	10.156970	1.713715	15.414960	1.082072	24.911270	0.557705	
3	5	26.616930	1.416018	18.705990	0.929608	9.225204	1.713715	8.734739	1.683255	4.471873	3.248523	
4	7	49.759250	7.199182	38.329700	3.400603	39.851100	3.112170	46.066230	2.397246	17.043250	0.920774	4.471873	3.337995	8.453698	1.709601	
5	5	3.231757	14.964660	24.911270	1.238381	4.639329	4.931796	7.812072	2.268831	4.669903	3.750460	
6	4	90.120380	2.103938	46.697820	3.750460	10.531430	12.266270	11.073200	1.196116	
7	3	54.843290	14.964660	77.173930	10.538560	39.851100	6.866181	
8	2	13.298780	1.654722	10.163260	1.386658	
9	5	5.500720	6.586518	4.413130	3.735869	15.393730	0.949103	15.393730	0.877190	14.980200	0.844382	
10	5	31.432170	8.590322	29.049340	1.078621	17.043250	0.905520	24.911270	0.568194	5.174289	2.698392	
11	8	66.633030	1.082072	18.353900	1.962179	29.631860	1.055148	32.038440	0.617964	14.005800	1.214454	9.187060	1.709601	10.163260	1.463990	11.073200	1.271634	
12	6	100.000000	3.645652	39.851100	8.941326	18.808580	17.702120	100.000000	2.385512	11.536100	1.826293	17.952000	1.082072	
13	7	31.393520	14.964660	27.509740	2.638730	34.274560	1.604337	39.851100	1.137534	15.251520	1.262617	29.049340	0.630980	18.947530	0.713701	
14	8	100.000000	12.577130	31.432170	9.111800	46.066230	5.466965	24.911270	2.418426	8.595876	2.638730	15.251520	1.086952	9.619162	1.683255	14.980200	0.865219	
15	3	51.367730	9.999918	24.911270	0.589358	34.274560	0.373361	
16	2	9.879625	2.103938	5.357144	2.698392	
17	7	22.826070	10.538560	6.813962	20.057210	8.659447	4.931796	32.661740	0.929608	1.967209	13.150850	6.550508	2.268831	34.274560	0.371871	
18	4	8.937620	2.850649	18.353900	0.893376	11.073200	1.268119	1.967209	6.906364	
19	5	47.951160	1.826293	3.693011	7.864211	8.075756	1.826293	14.362580	0.949420	10.905470	1.214454	
20	4	13.653630	2.638730	12.144220	2.349569	18.353900	1.013544	3.764620	3.368267	
