path3.500.txt
100
500
100 64
1	6	3.926130	2.371221	2.946953	2.619695	11.899650	0.638707	4.170485	1.734425	4.170485	1.412727	10.469420	0.440038	
2	6	8.623147	2.212970	9.724183	1.281122	6.604647	1.339451	0.625006	12.651630	9.344900	0.789083	1.858695	2.416240	
3	6	3.708607	3.147152	1.093400	10.028610	1.119669	5.916935	1.697050	3.893290	1.038686	5.492248	2.829789	1.556674	
4	8	21.504830	0.795601	14.832070	0.842240	16.733010	0.639615	7.157140	1.281122	18.005180	0.425217	18.269530	0.384233	13.354430	0.382486	0.242713	18.673850	
5	7	14.490910	8.856501	23.221560	2.938345	11.256170	2.966478	18.739270	0.950082	1.759740	4.744292	2.242383	3.463933	8.978153	0.536974	
6	6	2.657992	10.401200	0.419374	18.820520	21.504830	0.313880	1.697050	3.907993	11.240500	0.508529	9.805147	0.440038	
7	3	5.819947	1.776714	4.907609	2.016460	9.578663	1.001071	
8	7	21.504830	16.462630	5.484295	9.925706	19.732500	1.222388	7.900615	1.727484	19.395580	0.546953	7.900615	0.805860	0.995665	5.306343	
9	2	44.791870	0.825215	2.184076	2.732230	
10	8	3.713356	7.956023	32.044080	0.493567	1.936618	4.986099	0.601666	15.905100	1.390324	5.833664	0.416248	16.941500	13.962520	0.475728	2.348081	2.669035	
11	4	7.766884	8.392146	0.580071	41.603970	1.597666	6.380394	14.944140	0.517192	
12	5	1.019109	38.671090	14.685540	0.787146	7.391352	0.891902	12.246750	0.515567	13.354430	0.404623	
13	4	3.846082	9.925706	23.413890	0.753511	1.466537	7.244055	8.266024	0.971266	
14	2	21.966520	0.312013	16.848320	0.344380	
15	4	3.926130	3.462443	29.164310	0.304292	6.564995	1.281122	2.075768	3.527363	
16	2	15.361560	1.391297	0.853286	13.082360	
17	5	0.908108	35.725810	4.467371	2.546755	0.869560	10.347060	1.236395	6.034360	4.832301	1.445610	
18	7	2.868271	3.458138	14.086370	0.638707	5.529621	1.515642	0.795512	10.275220	11.646750	0.674794	3.065069	2.465831	15.220630	0.440038	
19	1	3.074365	1.805796	
20	6	3.658820	16.545840	38.848430	0.513447	1.714101	7.499683	21.109420	0.553473	18.005180	0.503198	5.667687	1.229828	
21	7	10.404600	2.093354	5.069728	2.164822	2.947879	3.120718	1.160245	6.817019	8.389488	0.842240	16.848320	0.342082	1.260715	4.387819	
22	3	25.724960	1.510728	2.357408	8.856501	13.587940	0.493567	
23	7	2.738566	13.633240	3.306294	6.233617	30.106330	0.350553	1.448122	5.833664	0.374874	21.660610	5.809839	1.002975	0.614512	9.050500	
24	4	1.313384	8.645246	12.005950	0.803495	6.604647	1.398741	18.929940	0.476601	
25	2	16.100450	0.407992	3.074240	1.805796	
26	6	5.395403	3.836413	1.384880	13.718090	8.849130	1.204931	7.900615	1.003322	1.201265	5.020058	2.829789	1.590478	
27	11	15.435270	18.704190	3.243917	8.905634	7.652871	1.513110	10.582930	0.983153	3.733620	2.595590	6.093446	1.490868	13.424550	0.545090	15.380520	0.444066	17.129510	0.356229	0.995665	4.288646	7.024597	0.606537	
28	5	0.944649	23.894260	5.529621	2.425218	11.374810	0.815478	1.584257	5.629678	21.504830	0.361522	
29	5	26.767130	2.832188	1.328451	18.673850	3.025652	3.527363	0.549127	18.820520	4.601601	1.883075	
30	2	9.344900	0.946260	1.875062	2.979012	
31	4	5.405591	2.016460	3.921704	2.405286	5.529181	1.540759	0.614512	9.623351	
32	7	4.142170	6.853849	13.796830	1.510728	10.757470	1.812729	4.831112	2.099146	8.921675	0.930844	5.075171	1.445610	23.221560	0.315266	
33	5	16.252910	0.786413	8.849130	1.200355	2.472932	3.623689	9.555539	0.790943	1.086190	5.492248	
34	4	1.412658	8.905634	9.050989	1.069174	10.757470	0.648578	0.348401	19.179970	
35	6	6.600443	1.763736	1.577558	6.817019	18.223170	0.537322	11.646750	0.810488	20.759810	0.415443	4.808971	1.236930	
36	5	4.993147	5.250344	21.532680	0.475728	9.344900	0.864288	2.640573	2.780354	0.255346	18.673850	
37	5	2.037776	21.660610	23.413890	0.452319	0.821892	10.275220	1.346159	5.809843	2.988186	1.883075	
38	4	10.107320	2.039455	16.733010	0.691943	29.164310	0.334868	9.336711	0.619484	
39	3	0.536718	17.558040	0.412658	16.183950	0.352444	18.673850	
40	3	0.747989	10.774710	0.389867	16.941500	2.352142	1.863060	
41	3	8.730117	10.401200	15.380520	0.486912	1.201265	5.008547	
42	4	7.952336	37.819160	7.800607	10.697890	1.162971	7.651435	12.005950	0.406063	
43	8	27.825070	0.600355	21.077670	0.638707	1.019802	13.082360	5.278980	2.412106	3.597968	3.247998	11.646750	0.857186	5.739350	1.331559	0.389168	18.673850	
44	8	3.591367	10.884190	2.827196	6.834399	17.222100	0.681517	15.198630	0.638707	5.347479	1.510728	0.370811	18.673850	10.582930	0.527576	1.385519	3.147152	
45	5	0.647627	15.905100	2.868271	2.707641	18.269530	0.406710	1.073961	6.338398	1.019109	5.528460	
46	4	7.727476	1.490868	1.236395	7.598876	2.640573	2.567113	2.228553	2.546755	
47	8	1.577903	11.945220	4.366224	4.018089	1.481037	5.809843	5.069728	1.331601	2.080693	3.043120	9.336711	0.584739	0.875308	5.916935	12.005950	0.431142	
48	4	18.739270	1.066378	2.255345	8.425907	24.240230	0.650709	3.159903	2.637707	
49	2	2.864196	3.103512	14.170570	0.462637	
50	3	2.827196	4.040586	21.567560	0.305632	16.282890	0.356229	
51	2	3.817788	2.405286	0.472449	16.183950	
52	6	1.983903	8.625973	2.585383	6.411290	1.785031	8.439248	1.644033	6.171051	14.777800	0.506978	1.183162	6.171051	
53	5	24.631600	0.375431	8.513062	0.975854	11.646750	0.680211	0.869560	8.326795	11.596830	0.507772	
54	2	6.719701	6.916731	5.835307	1.197036	
55	5	23.799730	1.288417	9.907472	0.959677	16.100450	0.501535	1.070941	6.401834	0.738828	8.905634	
56	5	21.298600	3.061721	45.632020	0.837991	2.932858	10.401200	2.472932	4.878566	1.466537	4.587492	
57	10	2.635232	34.536900	7.031790	12.211440	9.585175	8.392146	7.900615	5.233962	4.142170	6.779387	1.588505	5.916935	2.430728	3.282257	7.652871	0.906848	6.604647	0.944412	7.145975	0.606537	
58	4	6.604647	1.542882	18.005180	0.554758	3.006679	3.247998	24.240230	0.287174	
59	10	41.272340	1.192480	28.162320	1.270248	2.458882	6.828491	0.521888	23.894260	14.341400	0.807851	21.815560	0.507772	1.481866	6.916731	11.191980	0.891902	1.111127	5.916935	2.348081	2.678433	
60	7	5.975339	2.298407	21.966520	0.500223	11.256170	0.864277	5.395403	1.470526	7.850717	0.871835	0.353736	18.673850	0.687901	8.439248	
61	6	5.667687	14.954120	5.500957	5.530930	2.719033	3.742687	2.665425	3.549316	1.324193	5.862518	1.577903	3.959884	
62	6	1.785616	12.876290	8.978153	1.868312	11.179570	0.955431	9.578663	0.893731	2.080693	3.552534	2.636513	1.863060	
63	6	12.501090	18.704190	16.100450	0.790635	14.777800	0.729952	12.061880	0.846854	0.747989	13.553460	2.208584	3.147152	
64	4	11.905890	0.837824	1.645278	4.387819	11.646750	0.605463	3.668583	1.883075	
65	7	3.194416	6.233617	7.298351	2.016460	8.266024	1.408020	4.649227	2.166323	3.944977	2.016460	0.299478	24.651980	1.958568	3.282257	
66	5	15.380520	1.630606	10.732620	0.871835	16.099620	0.546953	16.565250	0.476601	23.221560	0.314083	
67	2	1.372995	19.871380	1.158756	6.380394	
68	11	24.252530	17.558040	3.402653	16.183950	1.584257	13.098700	4.649227	3.721080	35.495190	0.355546	3.801246	2.099146	0.454868	16.073350	21.567560	0.333527	1.858695	3.557697	4.522903	1.204224	2.263431	2.405286	
69	6	5.327283	2.426141	5.280831	2.298407	12.005950	0.757500	0.863030	9.594989	11.928100	0.551542	2.080693	2.750341	
70	3	32.578820	1.383416	5.809839	1.361285	0.368127	19.179970	
71	8	6.604647	1.801739	1.666861	6.401834	12.061880	0.853307	0.825087	10.028610	9.284649	0.759215	21.504830	0.327488	2.801129	2.426141	0.933686	5.916935	
72	6	28.018970	5.916935	2.242383	38.140030	5.778638	1.742528	1.163690	8.297801	2.827196	2.904141	12.246750	0.460287	
73	7	7.566041	4.746171	2.133002	13.633240	19.732500	1.216215	0.456298	41.603970	14.341400	0.683018	9.203531	0.837824	9.284649	0.735634	
74	7	5.534982	37.819160	10.636480	16.183950	2.290443	35.725810	8.623147	3.133626	7.900615	2.561401	1.794310	6.338398	2.946953	3.297240	
75	6	4.693670	24.651980	1.327466	26.908610	13.424550	0.965638	3.065069	3.914563	3.877543	2.426141	8.300426	0.930844	
76	1	0.917723	7.651435	
77	3	5.778638	1.546061	1.743234	4.387819	12.530230	0.436592	
78	2	4.439913	4.746171	10.757470	0.474035	
79	6	11.256170	4.272038	27.769830	0.692384	1.663506	8.297801	11.928100	0.959186	12.005950	0.704711	11.374810	0.695250	
80	3	3.591367	7.789658	3.741216	1.765281	2.184076	2.688144	
81	1	6.825608	0.955431	
82	4	6.645076	13.082360	9.253447	2.546755	3.361066	6.828491	17.576100	0.436592	
83	5	2.124876	7.011930	0.454868	25.530620	1.327466	7.628294	6.673541	1.281122	0.625006	11.676550	
84	7	6.093689	1.883075	6.148605	1.614511	17.272020	0.537322	1.037574	8.645246	11.530460	0.639159	1.858695	3.251592	2.909739	1.655995	
85	6	63.405780	5.916935	8.362274	2.935342	5.278980	2.549199	9.344900	0.896792	2.665425	2.578470	1.986053	3.282257	
86	4	5.868113	3.288590	1.381767	5.586600	5.529181	1.394583	4.088212	1.763736	
87	3	23.221560	4.287584	25.019420	0.786413	2.331101	3.120718	
88	2	0.888334	7.801283	5.809839	0.963613	
89	10	0.869443	44.199550	17.803490	1.281122	14.338980	1.281122	1.714101	9.441820	0.496437	18.728380	3.713356	2.445177	1.568780	5.586600	3.626741	1.850956	5.044826	1.236930	1.866154	2.979012	
90	3	16.848320	0.774997	2.255345	4.792946	2.814086	3.225462	
91	4	19.973740	3.061721	15.380520	0.585567	0.627034	12.876290	0.450141	16.183950	
92	11	6.373275	13.633240	4.121898	10.401200	3.474733	6.916731	1.591357	12.211440	2.809072	5.420374	2.364533	6.276768	8.632359	1.428216	5.278980	1.986623	8.106910	1.204224	0.551737	13.718090	2.814086	2.608202	
93	5	9.330377	2.614823	9.330377	1.672044	7.655394	1.331559	3.306832	1.763736	2.925568	1.655995	
94	4	2.942292	19.179970	13.354430	0.825251	2.864196	3.024275	0.448540	18.673850	
95	6	14.944140	0.874106	2.364533	3.998454	0.966644	8.625973	0.462766	16.183950	0.768794	8.645246	11.981060	0.508529	
96	4	4.366224	2.362305	2.913941	2.546755	3.626741	1.891731	16.848320	0.379935	
97	3	7.900615	2.880544	3.185871	2.637707	7.652871	0.907914	
98	7	12.986670	13.082360	3.539423	18.704190	13.692400	2.039455	2.783939	6.233617	2.827196	3.341270	8.266024	1.041022	4.988654	1.394678	
99	2	24.240230	0.393676	1.503003	5.862518	
100	2	7.898472	2.853031	11.078600	0.692384	
