path50.100.txt
20
100
100 83
1	6	24.027280	29.956840	82.723980	4.269607	21.417450	4.213549	0.870830	22.451890	0.527269	35.650060	0.950923	11.563610	
2	8	16.296900	6.903645	7.644613	11.606380	1.442627	45.368330	4.048052	11.606380	2.946407	10.228900	11.747240	1.648931	1.277120	11.282750	1.237224	9.567865	
3	5	5.469892	11.606380	6.690315	4.154554	0.822740	32.006850	8.508307	2.520823	1.067417	10.228900	
4	5	47.718810	20.573390	13.719880	11.606380	2.334708	35.650060	11.243420	1.448535	1.082487	10.749710	
5	3	1.237224	17.924860	5.294446	3.880501	1.277120	15.365210	
6	5	7.904575	25.105370	3.267716	32.179780	10.975420	1.940979	0.473337	35.650060	11.747240	0.885401	
7	4	9.959587	49.759460	82.723980	1.027147	2.218088	32.179780	9.112356	1.756873	
8	4	2.634887	11.216010	3.163238	5.523831	0.822740	17.752610	8.508307	1.592250	
9	4	82.723980	3.769087	6.690315	5.809551	24.027280	1.444824	9.408937	2.399269	
10	4	5.942641	10.749710	0.593987	35.650060	3.263435	4.985097	10.975420	0.990401	
11	4	11.472220	11.606380	3.722265	11.606380	1.574101	18.186450	0.571797	22.451890	
12	5	8.522451	11.272960	2.552187	16.477190	1.506297	13.638450	6.887964	2.399269	1.483178	10.749710	
13	11	8.508307	20.787280	3.605588	35.650060	6.690315	5.568378	2.020780	13.638450	2.552187	10.170770	6.690315	2.889653	11.747240	1.405526	1.280621	10.228900	2.346005	4.985097	2.295135	4.985097	1.237224	8.157335	
14	8	21.417450	45.545910	17.507200	49.759460	9.112356	9.459141	23.299620	2.404341	1.308834	35.650060	3.163238	8.114618	12.056200	1.448535	2.221642	6.183760	
15	6	82.723980	8.159417	82.723980	0.835498	4.124865	14.721230	11.747240	2.904885	0.789467	35.650060	0.950923	24.086460	
16	3	23.299620	10.256530	3.829307	23.111500	5.682932	6.183760	
17	1	10.975420	2.486937	
18	2	4.086153	18.060760	24.027280	0.778113	
19	9	20.421770	17.458550	5.811768	29.324460	8.522451	9.162049	7.904575	4.753546	1.574101	17.463610	6.690315	3.589476	1.641889	11.606380	5.321483	3.218381	5.321483	2.199937	
20	3	2.710684	29.324460	2.346340	32.179780	7.904575	8.731692	
