path45.50.txt
10
50
100 87
1	5	7.756574	20.809110	21.905930	5.548348	56.978630	1.022452	62.043640	0.713762	7.522267	5.540686	
2	5	4.553247	39.328490	10.723710	7.741103	48.308250	1.414692	1.246102	38.700310	36.307990	0.879889	
3	5	48.308250	2.318423	15.591300	3.435456	14.149360	3.466173	10.723710	3.742518	7.756574	5.051547	
4	2	48.308250	7.457941	5.316239	6.169730	
5	7	86.698970	9.709297	25.954730	18.901240	14.149360	16.853800	48.308250	3.785332	21.905930	7.291307	17.122790	3.385135	2.577313	11.483620	
6	3	57.293670	44.143620	6.893648	24.640660	50.390990	0.879889	
7	4	22.288030	38.700310	16.712400	4.185731	6.627089	5.540686	27.430070	1.022452	
8	8	16.712400	35.142760	27.627000	6.169730	5.494568	24.640660	3.442350	38.700310	2.809330	38.700310	15.833030	3.385135	7.997350	4.822683	5.013121	6.169730	
9	7	4.302494	39.328490	84.408700	1.456791	62.043640	1.523236	84.408700	0.956214	86.698970	0.894436	32.955820	1.437549	37.956360	0.882395	
10	4	22.353520	18.901240	4.749970	44.143620	12.388220	14.687830	7.355085	4.822683	
