path28.50.txt
10
50
100 95
1	1	4.183675	6.319379	
2	8	94.886260	20.044190	94.886260	10.731990	94.886260	9.238028	44.950780	16.607100	0.875490	78.420840	13.977520	4.725078	3.952322	6.570581	8.601149	2.900123	
3	4	94.886260	14.720870	36.186740	4.314269	9.203805	4.707784	2.378029	10.417510	
4	8	41.456320	9.219501	1.657956	78.420840	7.358003	7.287273	5.028964	6.964736	7.388825	4.532554	2.254691	13.535320	10.470120	2.555084	2.378029	11.161650	
5	6	58.351200	1.806178	2.580294	36.125890	35.639780	1.354793	5.953020	6.570581	1.632096	21.579160	13.977520	1.594301	
6	4	49.935490	16.607100	2.580294	22.116980	58.351200	0.877770	4.270797	8.825986	
7	2	58.351200	2.448061	4.933008	8.825986	
8	6	23.430770	4.314269	33.181540	1.354793	1.844595	21.579160	1.376626	21.579160	3.357269	8.043845	3.019456	8.043845	
9	3	94.886260	4.004316	4.876378	6.964736	7.388825	3.511292	
10	8	94.886260	3.074351	68.821320	1.558591	7.358003	14.291890	2.823784	21.579160	2.580294	20.177970	9.560049	2.900123	10.470120	2.576926	1.605518	13.535320	
