path27.200.txt
40
200
100 66
1	3	7.677941	5.956514	14.811790	2.717360	50.212660	0.751634	
2	2	22.773280	23.277800	4.574399	5.375979	
3	4	6.703729	2.562848	11.083510	1.330442	15.491930	0.686596	1.374512	7.465202	
4	3	9.305853	56.197920	3.603026	3.247444	11.117100	1.043189	
5	6	0.946621	39.292790	35.352020	0.768316	0.946782	16.294560	15.494950	0.901805	1.207685	10.626920	17.846290	0.686756	
6	10	9.399085	11.868860	13.962280	4.384538	22.608100	2.116959	50.212660	0.700099	3.812447	8.948759	3.236663	7.620655	7.546969	2.992685	21.864690	0.725684	6.703729	2.058535	0.493537	20.809330	
7	6	17.915790	56.197920	1.024813	35.325520	9.273318	2.493520	3.812447	6.061071	0.870091	18.027480	4.922844	2.783196	
8	6	1.024641	23.571050	3.603026	5.093547	10.327740	1.389127	7.546969	1.509989	1.605660	6.627848	6.703729	1.538870	
9	8	16.105740	38.295060	7.677941	5.797954	6.923576	4.577518	27.196160	1.057027	1.662992	14.230580	6.534494	1.854297	6.215940	1.854297	1.708299	6.150831	
10	6	5.722466	30.566230	7.523293	4.153360	3.236663	7.123833	3.422192	5.507019	11.117100	1.583801	7.289956	1.854297	
11	4	0.946621	55.200190	0.605426	60.269420	9.945886	3.483465	9.916972	2.789659	
12	9	22.773280	32.920120	3.061543	12.187550	7.017432	4.724738	1.064308	28.919650	4.689342	6.150831	16.438450	1.520266	0.528180	29.477510	16.438450	0.926037	12.992220	1.136970	
13	8	0.970284	65.015470	3.796672	9.678181	17.846290	1.782617	1.904377	16.070040	2.167866	11.666560	16.112650	1.330442	0.503440	20.809330	13.986410	0.725684	
14	4	27.196160	0.556863	1.552020	8.340991	14.860640	0.768316	8.477519	1.191099	
15	6	10.546550	9.802302	5.762972	11.618670	33.672680	0.980131	11.117100	2.880029	6.400129	4.771294	6.923576	3.763472	
16	5	4.574399	12.730550	3.180810	13.193110	8.915155	4.153360	1.258533	26.802870	7.542648	2.994557	
17	3	4.244336	5.552841	17.846290	0.666198	4.574399	2.560833	
18	7	27.196160	1.286387	27.196160	1.197336	4.922844	5.936401	2.352913	7.728837	10.327740	1.388187	1.092908	11.938330	4.574399	2.470869	
19	7	27.196160	7.567836	1.217478	34.223560	16.438450	2.170057	2.267913	11.666560	3.399419	7.728837	11.704220	1.402168	0.640051	23.571050	
20	6	27.196160	4.959248	3.268851	9.375413	8.477519	2.392810	16.539970	0.980131	1.098921	13.193110	3.796672	2.861013	
21	3	16.438450	21.184350	6.703729	3.642050	2.814659	5.507019	
22	3	34.262790	0.446203	0.964560	11.618670	1.605660	6.565261	
23	3	2.951705	11.632720	10.117840	2.251075	0.676795	18.545480	
24	6	3.819303	15.009830	5.885391	7.261114	27.196160	1.062411	1.955611	7.728837	3.302064	3.377065	14.361550	0.725684	
25	6	1.787562	27.310830	10.181440	3.657310	3.586585	5.291166	2.422160	7.465202	1.207685	12.923650	8.379663	1.862538	
26	6	1.985477	30.566230	9.287789	2.493520	27.196160	0.849156	0.870091	17.298040	0.442104	29.477510	3.715369	3.377065	
27	2	2.112460	38.295060	1.256642	14.744490	
28	7	6.778364	6.618995	5.842816	4.502674	3.796672	4.694064	34.262790	0.425088	4.894815	2.789659	1.425279	8.340991	14.677750	0.709865	
29	6	3.195970	11.666560	0.612051	60.269420	3.061543	11.383500	6.263726	4.502674	35.534900	0.709865	0.957596	16.294560	
30	1	8.477519	2.847789	
31	3	3.545756	4.771294	0.958716	14.744490	7.542648	1.508117	
32	2	0.676795	19.749590	15.491930	0.715571	
33	6	27.196160	1.926111	12.678810	2.894511	0.702603	35.325520	4.574399	3.210299	27.196160	0.476278	5.377114	2.251075	
34	7	14.517350	2.894511	2.800498	12.308170	9.349867	3.135571	27.196160	0.862648	5.577044	2.729705	1.867755	7.666141	15.949870	0.871291	
35	5	2.204543	28.919650	2.800498	15.002650	27.196160	1.260926	1.928917	7.666141	0.904218	11.618670	
36	8	21.611120	20.809330	5.885391	6.348643	1.662992	12.572280	14.203940	1.136970	9.945886	1.547543	8.379663	1.794773	8.477519	1.670105	2.237412	6.150831	
37	2	9.399085	44.329060	1.858798	11.938330	
38	4	4.574399	6.016073	2.934546	8.340991	7.155770	1.854297	15.494950	0.655478	
39	3	4.244336	17.997730	1.468533	26.802870	8.645823	4.384538	
40	4	7.293854	5.507019	3.191778	5.291166	4.922844	3.190563	4.750700	2.729705	
