path37.50.txt
10
50
100 100
1	5	97.175440	8.131285	7.940902	37.111300	34.373080	1.398843	6.356701	4.149912	2.460508	10.261580	
2	6	29.801330	7.743598	97.175440	2.292833	44.659230	2.282446	26.543290	2.928939	4.830590	4.815974	5.353793	4.149912	
3	7	65.213240	10.261580	36.575090	8.863035	34.373080	1.844988	13.102040	3.131831	9.873228	4.149912	1.648773	19.234440	1.175787	19.234440	
4	6	100.000000	19.422680	7.126644	10.854970	31.773710	1.453277	22.384330	1.989650	20.742490	1.453277	9.651706	2.475351	
5	1	15.584530	7.348053	
6	3	59.608350	13.970010	4.571753	7.743598	6.708985	3.506922	
7	6	36.575090	5.106970	18.122390	8.997530	3.816561	13.970010	34.373080	1.455394	8.890703	4.149912	11.793880	2.268082	
8	6	57.686020	37.111300	16.250700	8.997530	11.661910	10.854970	20.575030	4.149912	5.782970	10.261580	22.384330	2.160262	
9	7	97.175440	2.377961	26.543290	7.332638	52.516210	0.829169	8.875546	3.506922	6.322038	4.149912	11.793880	1.881830	13.102040	1.684143	
10	3	6.788746	4.815974	5.625737	4.149912	9.651706	2.340623	
