path17.50.txt
10
50
100 77
1	5	76.135930	40.779600	68.549960	1.655660	23.396330	2.812364	1.995584	19.459420	6.140428	6.260994	
2	8	22.855200	33.727410	29.232040	5.056996	6.705114	19.459420	5.206421	17.885090	0.853660	59.220400	7.707417	6.068276	0.616609	59.220400	10.627540	3.434279	
3	5	64.177630	11.104900	68.549960	3.654891	10.703920	20.005560	4.473454	13.828140	2.013015	17.885090	
4	3	49.720010	3.009264	7.421437	5.535889	2.582785	12.608690	
5	9	45.694760	33.727410	9.683662	11.796880	7.219436	11.727990	23.396330	3.255912	10.627540	6.973775	6.589428	9.851899	18.829950	3.009264	8.287739	6.260994	0.747730	59.220400	
6	4	5.758151	10.408050	27.993690	1.817363	11.308690	3.766110	3.004929	13.828140	
7	4	12.699530	30.371550	7.478383	26.951470	2.582785	17.762860	2.003221	19.459420	
8	5	11.938700	9.851899	29.232040	2.901540	11.308690	5.685200	9.452520	6.068276	4.372330	11.104900	
9	4	27.993690	4.250913	11.308690	8.698354	11.308690	4.499069	1.103379	30.371550	
10	3	11.308690	6.964351	5.120214	11.796880	7.006729	5.535889	
