path40.200.txt
40
200
100 77
1	6	76.224150	1.709799	72.789060	1.088415	22.789300	2.354127	35.508270	0.683669	12.539000	1.178336	8.982693	0.760748	
2	6	63.706500	4.175076	17.116160	13.618980	6.708088	5.512334	14.539970	2.269542	14.713320	1.396460	6.490183	1.029868	
3	6	22.302050	1.987954	18.743190	1.015282	1.329884	13.618980	2.011455	7.150345	4.879921	1.713346	6.780548	1.200039	
4	3	18.531880	1.519126	11.979260	1.178336	9.121757	0.825902	
5	3	29.440300	1.019631	9.121757	1.425723	2.251736	4.798833	
6	3	8.831919	7.314215	24.825120	0.737906	23.251140	0.413002	
7	6	19.608800	17.470210	10.125960	3.060309	14.713320	0.957667	11.493820	1.150969	6.318283	1.298748	12.407620	0.633771	
8	5	28.158380	7.606883	3.377239	3.246840	11.840350	0.908475	3.912843	2.197184	12.988790	0.546531	
9	5	76.224150	3.140117	12.851160	11.044810	9.767754	1.203145	8.635045	1.150969	3.743432	2.106942	
10	7	26.909110	24.349850	20.246940	8.934006	14.458580	8.115856	11.235920	2.265099	2.530633	6.549159	16.800070	0.776824	1.026664	7.314215	
11	8	24.411870	17.470210	26.909110	0.666188	17.917210	0.865946	9.507414	1.203145	1.591304	6.955528	4.767335	2.171174	10.125730	0.846577	5.357049	1.273074	
12	3	17.523710	8.934006	11.536830	0.776824	2.011455	4.234400	
13	5	22.319570	5.083046	14.538580	3.004651	22.025830	0.654626	12.090530	0.846577	3.520883	2.171174	
14	6	7.142778	14.983920	8.743693	11.044810	9.773432	6.549159	6.883630	2.925550	2.244974	5.861515	1.229819	5.663785	
15	3	3.975384	12.253360	27.821400	0.501984	27.070900	0.502779	
16	7	14.458580	4.276993	6.883630	3.623610	25.246270	0.957713	15.661650	1.088415	7.105708	0.977297	6.498608	1.029868	6.780548	0.971135	
17	3	10.147430	3.060309	4.667966	2.106942	17.917210	0.483380	
18	9	25.220750	0.846577	17.245210	1.150969	8.579430	1.585198	1.591304	8.028397	1.714634	6.530976	8.201795	0.957713	23.251140	0.324904	11.533360	0.649571	8.709387	0.755910	
19	7	18.404980	3.894860	29.689970	1.987954	11.122560	3.021947	41.829160	0.720796	13.084650	0.957713	4.241835	1.713346	8.934515	0.760748	
20	3	76.224150	2.934941	1.456280	5.083046	17.917210	0.409372	
21	7	6.009742	36.169290	11.529560	6.597417	14.458580	1.226128	9.337778	1.585198	10.817020	1.081053	11.920200	0.776824	22.025830	0.307059	
22	9	76.224150	7.887099	22.425820	11.044810	11.840350	1.262699	17.917210	0.816270	19.275170	0.594821	19.275170	0.586692	17.917210	0.549975	1.229819	7.955192	7.542762	1.151555	
23	4	41.829160	0.430759	13.039040	1.150969	22.025830	0.541288	6.318283	1.055379	
24	4	29.035650	10.122470	6.451842	13.618980	2.302068	12.253360	12.757970	0.965486	
25	2	5.370873	12.576860	5.459976	1.273074	
26	7	4.411626	10.122470	22.189540	1.233689	1.769108	13.618980	2.244974	7.757463	8.953511	1.338845	18.390630	0.627041	9.689942	1.178336	
27	6	18.404980	8.682004	62.689930	1.519126	31.262700	0.965486	13.210190	0.776824	4.498555	2.197184	2.011455	3.599180	
28	7	60.290470	3.004651	6.641459	12.253360	12.407620	2.174483	7.926327	1.233689	2.807502	2.773111	7.434261	0.977297	1.085694	6.549159	
29	2	45.966000	1.178336	11.686640	1.178336	
30	8	29.977310	6.049919	47.437010	1.084416	7.793344	6.049919	6.708088	4.610135	2.807502	6.736055	16.478460	1.019631	8.139149	1.178336	9.121757	0.833862	
31	7	24.224710	2.039027	8.899897	4.798833	22.806680	1.151555	0.825791	14.983920	16.288030	0.649571	0.668383	13.618980	12.988790	0.688700	
32	2	12.102510	0.627041	22.025830	0.312393	
33	5	47.437010	0.584593	17.917210	1.376700	9.789681	1.338845	0.867126	14.983920	11.549290	1.088415	
34	1	20.273390	7.122973	
35	4	54.081240	1.019631	1.714634	8.452950	19.461820	0.502779	17.917210	0.442388	
36	5	11.122560	5.266130	11.384570	4.304126	21.514900	1.150969	4.593049	2.354127	3.541945	1.987954	
37	1	17.959010	0.683669	
38	3	63.706500	4.113002	19.278640	7.606883	18.778190	1.519126	
39	6	15.379560	6.597417	41.812150	1.233689	1.897441	12.253360	2.549036	7.314215	2.807502	4.109812	17.583120	0.627041	
40	6	2.787072	36.169290	7.253739	11.292730	5.457038	12.253360	20.690190	1.987954	22.025830	0.538760	9.207821	0.755910	
