path48.50.txt
10
50
100 63
1	8	62.560600	14.003770	31.827380	15.256200	11.219060	28.645270	4.769308	38.624500	10.367650	7.672818	22.399050	2.456662	12.913300	2.211698	20.478960	0.460826	
2	5	15.386010	40.674580	25.085370	3.797976	1.561347	40.674580	27.157670	1.902716	10.254260	1.033764	
3	6	11.371100	36.682310	11.219060	16.672590	5.848632	3.717629	1.407292	11.239390	0.632468	24.516780	4.058215	3.388601	
4	4	42.334820	10.289930	12.913300	18.505420	6.813540	20.939350	5.370425	3.717629	
5	5	22.561480	38.624500	3.885094	38.624500	62.560600	1.367378	10.367650	2.223700	27.157670	0.595279	
6	9	57.665180	10.289930	11.656810	29.837530	12.913300	19.957460	6.936949	36.682310	4.756616	40.674580	12.031390	9.896519	0.737247	29.837530	20.478960	0.572938	0.782364	11.239390	
7	5	35.166020	19.197960	30.733210	14.844440	31.215880	7.022387	30.733210	3.175977	4.394610	3.797976	
8	3	62.560600	6.249259	6.813540	8.898176	2.347409	3.797976	
9	3	15.958420	29.837530	27.157670	0.890607	0.632468	16.157800	
10	2	4.090999	36.682310	2.189656	29.435190	
