path7.100.txt
20
100
100 91
1	3	12.249350	11.923290	0.651732	24.050490	0.870365	17.401000	
2	6	71.847870	10.075460	8.268709	14.529460	7.398385	13.240720	2.272029	17.401000	1.192523	24.050490	4.931422	4.736113	
3	4	2.337787	24.286290	2.337787	13.457840	0.602821	45.334980	0.506722	37.744130	
4	6	25.158430	21.381870	21.867120	21.381870	2.103031	17.802690	11.971810	2.017523	2.291262	10.099330	30.667350	0.648847	
5	6	13.202640	9.810149	37.665710	1.041016	1.409084	24.050490	8.268709	2.786708	0.733910	25.365030	37.807770	0.422752	
6	8	90.498580	1.160707	4.451406	16.450390	2.807310	8.798959	43.481290	0.538208	8.268709	2.622228	39.859110	0.512055	31.229390	0.648847	9.775523	1.689863	
7	6	14.495430	12.127200	3.504248	24.050490	17.326500	1.689863	17.159740	1.172169	0.446476	37.744130	11.971810	1.285198	
8	3	11.971810	9.452679	2.840214	10.373430	0.628627	24.050490	
9	3	30.453490	1.024083	24.231030	1.041016	3.949484	6.200667	
10	6	90.498580	5.256531	90.498580	4.638535	5.660206	12.582910	7.040391	4.736113	2.911624	10.830980	8.268709	2.796268	
11	5	81.363710	2.468748	7.365925	24.050490	9.515836	10.075460	1.494156	21.381870	1.138045	24.050490	
12	4	90.498580	6.746916	2.911624	10.405750	39.859110	0.512028	2.311196	7.600103	
13	7	14.395600	24.050490	3.220059	24.050490	5.581400	9.099648	1.292662	37.744130	1.449069	24.050490	22.984110	1.172169	16.374860	1.172169	
14	5	81.363710	18.550430	2.911624	15.749540	1.636656	21.381870	19.205060	0.916400	2.140210	7.600103	
15	7	8.661077	21.381870	6.147717	24.050490	7.398385	4.561965	2.840214	11.008440	43.481290	0.633961	2.852896	8.798959	8.268709	2.725140	
16	5	8.268709	4.574857	4.319225	6.200667	2.687309	9.099648	2.291262	7.301678	19.205060	0.867800	
17	3	10.538990	21.381870	1.419482	19.969940	11.971810	1.270923	
18	8	42.987170	1.784200	3.338020	21.381870	37.807770	1.361448	0.850010	37.744130	2.246081	11.923290	4.902101	5.288058	11.001240	1.689863	0.685571	25.365030	
19	1	9.342438	24.050490	
20	4	18.805130	21.381870	7.069713	5.288058	29.687400	1.024083	2.911624	8.348712	
