path29.50.txt
10
50
100 100
1	9	42.804370	2.275462	70.487150	1.263242	24.348910	3.295456	3.795948	20.948440	30.917580	2.275462	31.748390	2.014424	31.235450	1.695680	31.161260	1.510080	4.606247	8.034161	
2	4	97.989780	29.618640	31.235450	4.476143	29.512850	1.263242	7.308941	4.265885	
3	6	13.718270	14.790530	11.516890	7.479761	1.549902	49.316620	31.235450	1.862337	13.233880	3.566015	14.109830	3.155417	
4	3	7.505805	6.899533	54.551920	0.674299	1.011523	29.618640	
5	5	4.676431	49.316620	10.313880	20.948440	31.748390	5.465337	6.923139	8.034161	5.790715	8.034161	
6	6	54.551920	7.122197	26.163840	2.734698	13.718270	3.063982	7.308941	5.489338	7.505805	4.272323	0.998696	29.618640	
7	3	28.388080	2.734698	14.109830	3.769021	27.095540	1.563992	
8	6	14.109830	21.443740	30.456660	7.479761	13.861660	6.470169	24.348910	2.402696	24.348910	2.336008	23.390660	1.510080	
9	5	54.551920	37.275340	7.505805	38.144760	3.887838	49.316620	100.000000	1.008761	100.000000	1.003355	
10	3	13.718270	31.462100	18.969110	9.755223	13.233880	2.904154	
