path37.200.txt
40
200
100 98
1	4	97.175440	1.030987	15.709840	2.864392	20.683580	0.773160	4.699251	2.814011	
2	5	6.660301	3.290515	5.580429	2.360094	8.257312	1.354847	29.801330	0.336642	14.926650	0.531269	
3	4	8.572843	7.263800	9.483964	3.257595	5.063588	1.816455	3.729072	2.160262	
4	4	8.890703	4.149912	13.203580	1.584478	9.942132	1.816455	4.098236	3.077928	
5	4	20.575030	2.828920	16.843190	1.455394	8.842554	2.292833	26.543290	0.645608	
6	5	21.789130	0.677103	9.651706	1.302186	9.971611	0.823752	4.350848	1.816455	4.571753	1.703405	
7	8	24.675050	4.716293	43.891320	1.274555	26.543290	0.555101	2.582524	5.489089	4.401564	2.475351	2.460508	4.316174	3.158867	2.814011	4.301278	1.866177	
8	7	17.529890	1.455394	29.801330	0.475372	9.011029	1.320992	16.520210	0.712818	7.838925	1.438599	6.788746	1.596395	14.324830	0.689935	
9	6	12.669190	13.970010	29.801330	1.341561	20.897830	0.636044	17.684020	0.712818	12.069680	0.940252	1.994557	5.582798	
10	2	21.080980	19.422680	19.043210	0.613428	
11	4	36.575090	8.863035	65.213240	4.965682	2.343148	4.149912	13.475250	0.636044	
12	9	10.694710	13.970010	14.011400	3.077928	19.088220	1.511828	6.708985	3.506922	26.543290	0.456300	15.709840	0.768195	16.250700	0.583656	9.762881	0.967596	26.543290	0.304333	
13	3	50.219350	2.292833	24.848110	0.613428	9.971611	0.857749	
14	6	7.940902	37.111300	97.175440	1.094744	3.465553	19.422680	13.429300	2.937867	2.066739	4.149912	8.540182	0.967596	
15	3	6.147512	19.422680	10.286040	1.584478	16.250700	0.916127	
16	4	21.721050	1.355456	22.384330	1.069062	1.668890	13.326360	1.187858	6.820727	
17	5	16.250700	1.544162	6.788746	3.219579	9.917673	2.160262	9.483964	1.376421	14.858990	0.680116	
18	5	41.308800	18.815450	23.850230	2.282446	52.516210	0.829169	3.481062	2.814011	1.994557	4.678779	
19	3	22.170270	1.355456	7.246914	1.816455	8.875546	1.433794	
20	5	13.794700	25.077510	15.584530	7.348053	43.891320	2.353168	10.670270	2.360094	4.723941	2.160262	
21	4	14.473610	1.759056	4.571753	4.335706	11.564000	1.320992	11.090130	0.773160	
22	4	2.628703	13.970010	8.875546	2.073128	21.059920	0.739054	10.686720	0.947834	
23	5	24.675050	14.706390	97.175440	1.836712	0.913633	13.326360	9.651706	1.038437	1.983809	4.149912	
24	5	11.793880	2.268082	6.821728	3.131831	2.272164	6.902124	13.102040	0.937833	32.094390	0.324143	
25	8	6.655572	13.970010	20.401700	1.584478	20.742490	1.453277	7.126644	4.108967	43.891320	0.627606	4.830590	4.815974	11.793880	1.881830	14.874670	0.531269	
26	4	8.365686	13.970010	43.891320	1.305570	3.175115	8.997530	8.628052	2.292833	
27	7	14.531110	2.358028	29.485490	0.781005	5.353793	4.149912	3.641928	4.149912	21.059920	0.663699	4.013647	2.160262	9.873228	0.817375	
28	4	97.175440	4.168842	19.943180	3.290515	9.483964	4.363514	16.424070	0.545224	
29	4	13.794700	12.033790	4.079559	3.473130	15.709840	0.640214	2.272164	3.952851	
30	4	3.788414	10.261580	17.762480	1.278428	16.424070	0.857529	5.250142	2.475351	
31	5	28.553530	19.422680	18.109640	6.619277	7.126644	3.272878	12.381040	0.920588	16.610600	0.513166	
32	7	16.250700	3.593491	3.113555	13.970010	16.610600	1.331821	18.285970	0.877427	9.971611	0.943842	10.003290	0.920588	1.912151	4.149912	
33	5	9.389742	10.854970	34.373080	0.762799	26.543290	0.925092	6.280310	1.786721	17.762480	0.566560	
34	5	65.081050	0.975208	5.463306	8.997530	12.282940	2.358028	43.891320	0.479190	32.094390	0.651065	
35	6	16.077380	19.422680	51.783940	2.937867	1.648773	19.234440	30.966170	0.689935	9.873228	2.095143	12.069680	0.818804	
36	4	26.543290	0.479632	2.399801	4.272800	1.187858	7.149279	6.280310	1.345110	
37	7	20.808990	2.282446	6.356701	4.149912	1.175787	19.234440	9.873228	1.237394	16.914720	0.680116	18.285970	0.477420	4.571753	1.704487	
38	6	29.801330	5.058753	38.399190	1.680925	36.052390	1.438599	2.460508	5.945403	6.385438	1.866177	9.971611	1.115076	
39	4	35.318480	7.263800	3.047085	3.473130	14.400450	0.689935	8.240222	0.967596	
40	6	25.487220	0.712818	10.397270	1.511828	9.971611	1.366551	4.517390	2.814011	16.610060	0.677103	13.102040	0.746310	
