CGCUT03.TXT
24
62
70 43
1	1	29	39	
2	4	30	41	27	37	21	12	19	11	
3	3	28	38	28	38	16	25	
4	2	15	24	19	11	
5	2	28	38	26	36	
6	5	28	38	24	34	24	34	33	23	21	12	
7	5	30	41	33	23	22	32	16	25	23	14	
8	1	19	11	
9	1	25	35	
10	3	26	36	31	21	23	14	
11	3	31	43	25	35	29	18	
12	4	26	36	24	34	31	21	21	12	
13	2	29	39	29	18	
14	2	24	34	9	17	
15	5	31	21	15	24	15	24	16	25	23	14	
16	3	27	37	27	37	17	27	
17	1	26	36	
18	3	31	43	25	35	16	25	
19	3	31	43	17	27	19	11	
20	1	31	43	
21	1	33	23	
22	3	29	39	29	39	23	14	
23	2	33	23	22	32	
24	2	22	32	29	18	
