Solution value: 282.34650000000005
Elapsed time: 30.285566277 secs 
---------------------------------
ID x                 y                
---------------------------------
10R -6.88553399515334 0.0050000000001897416
11 -6.410533995153335 -4.269789161152775
15 -2.1855339951533344 -4.825000000000001
16 0.8694660048466623 7.225000000000001
19 5.594466004846661 -0.27
21 1.0394660048466617 4.32
23 4.9244660048466615 4.53
25 8.784466004846662 0.0
30 8.289466004846663 -3.4099999999999997
32 -3.1055339951533396 0.039999999999999813
37 -9.17053399515334 0.203860699360404
39 -3.110533995153339 4.620000000000001
42 5.044466004846663 -4.945000000000001
45 -3.4689888631935224 8.295000000000002
46R 3.704864461520239 -7.875000000000001
48 0.3394660048466648 8.680000000000001
52 -6.1555339951533385 6.1800000000000015
54R -3.3755339951533365 7.290000000000001
58 1.1644660048466604 -0.15500000000000003
59 -5.6955339951533395 3.7600000000000553
60 4.399526496278975 7.5200000000000005
68R -3.230135538479754 -8.195
69 -6.560533995153339 -3.059999999999839
71 -5.860533995153334 -5.579789161152775
76 -8.435533995153339 3.4450000000003262
77 7.234466004846663 -4.290000000000001
81R -7.085533995153339 4.005000000000193
82R -0.07013553847974752 -8.485000000000001
85 1.5394660048466662 -4.830000000000002
94R 7.779466004846661 3.3350000000000004
95R -4.980533995153335 -7.204789161152775
96R 7.27446600484666 5.3950000000000005
---------------------------------
