Solution value: 572.007
Elapsed time: 18.431804588 secs 
---------------------------------
ID x                 y                
---------------------------------
1R 4.458108052405247 -2.960000000000001
6 -6.981891947594752 -4.28
8 -7.581891947594749 -8.219999999999999
10 4.283108052405249 4.16
11 0.8181080524052537 -13.215
14 -9.476891947594748 -7.984109707372494
15 -3.406891947594751 -4.550000000000001
17 -10.566891947594762 0.09500000000000242
21 -3.6618919475947513 0.15499999999999936
23 0.06310805240524886 4.874999999999999
26 10.78680671701525 7.4416004428096905
27 0.9331080524052511 -8.789999999999996
28 0.23810805240524813 11.67
30 -12.661891947594754 -3.444999999999996
31 4.628108052405249 -5.619999999999998
32 0.4831080524052487 -0.0050000000000005596
34 0.843108052405253 -11.469999999999999
37 10.72810805240525 4.615
39 -3.7418919475947514 4.574999999999999
40 8.26680671701525 8.170000000000002
42 -7.416891947594753 0.2400000000000002
44 11.78310805240525 0.0
45 4.703108052405257 -12.25
46 -12.666891947594756 3.235000000000008
47 -10.426891947594752 -4.004999999999997
49 -7.751891947594753 4.404999999999999
50 8.46310805240525 4.355
51 4.178108052405249 7.494999999999999
52 -10.34971830636658 7.815000000000003
54R -0.5000000000000187 13.354999999999999
56 -10.941891947594762 4.750000000000003
58 4.753108052405249 0.1899999999999995
59 5.843108052405248 10.384999999999998
60 -3.086891947594747 -12.824999999999998
61R -3.626891947594752 11.719999999999999
65R -13.021891947594753 -0.10999999999999233
68 -7.296891947594748 -10.639999999999997
69 5.488108052405254 -11.134999999999998
70 7.370252873171113 10.760000000000003
73 8.10810805240525 -5.044999999999999
74 3.563108052405248 10.939999999999998
76R -6.950377824763756 11.19
77 12.273108052405252 -4.273816986310253
79 -3.9268919475947492 -8.450000000000001
81R 12.10310805240525 3.96
82R -3.9668919475947475 -11.099999999999998
83 10.43310805240525 -4.970000000000001
84 -0.42189194759475157 8.965
85 0.31810805240524953 -4.874999999999999
89 5.498108052405252 -8.924999999999997
91 8.31310805240525 -0.020000000000000018
92 9.098108052405252 -8.294999999999998
93 -4.441891947594751 8.695
95 -10.936891947594747 -6.890881167937451
96 8.373108052405252 -9.839999999999996
98 -7.816995198013217 8.455
---------------------------------
