Solution value: 390.3642
Elapsed time: 25.724550066 secs 
---------------------------------
ID x                 y                
---------------------------------
6R 3.3250000000000006 10.23752034355909
8 -4.1400000000000015 -7.724899034688059
17 -7.164999999999999 3.1451009653119395
21 0.4299999999999988 -9.294899034688054
24 -7.785000000000001 -4.794899034688066
25 -0.2250000000000001 3.95010096531194
32 -3.1450000000000014 -9.594899034688058
33R 10.305 2.6633880864428603
35 4.699999999999999 -8.039899034688059
38 -7.63219770364396 7.665100965311938
44 -9.744999999999997 4.600638851099015
48 4.380000000000001 4.210100965311941
49 9.045 -0.6116119135571394
51 7.854999999999997 -6.149899034688059
55 7.219999999999998 -7.66989903468806
65 -7.689999999999999 5.535100965311939
66R -4.645 8.295100965311942
76 7.75 6.75440962706775
84 -9.825000000000001 -3.0698990346880657
85R -10.814999999999998 -1.5948990346880672
91 -9.72 -4.534899034688066
93R 4.065643845039946 -9.779899034688059
95 -0.05500000000000105 -5.059899034688058
96R 8.25 3.75838808644286
98 -7.015181094258262 -7.914899034688066
102 10.164999999999996 -3.54989903468806
103 -4.250000000000001 -4.8398990346880595
104 7.01 8.044409627067749
111 8.019999999999996 -3.98989903468806
117 0.14000000000000012 -0.5498990346880598
121 4.179999999999999 -4.764899034688059
122 -4.27 4.800100965311941
124R 4.4 7.92252034355909
126 4.6850000000000005 -0.14489903468805976
133 -4.405 -0.13989903468805975
136R -10.79 0.6801009653119326
141 -3.4 9.990100965311942
144R -9.474999999999998 3.0601009653119364
148 0.0 8.89510096531194
149 -5.210000000000002 -9.08989903468806
150 -8.344999999999999 -0.03989903468806566
---------------------------------
