BENG07.TXT
64
80
40 12
1	1	8	3	
2	2	11	6	12	8	
3	2	11	3	1	1	
4	1	10	4	
5	1	4	7	
6	1	2	8	
7	1	7	2	
8	4	1	7	7	3	10	7	10	4	
9	1	11	5	
10	1	10	3	
11	1	5	2	
12	1	4	1	
13	1	11	5	
14	1	11	2	
15	1	9	8	
16	1	8	6	
17	1	3	1	
18	1	12	7	
19	1	8	8	
20	1	3	3	
21	1	5	4	
22	1	1	2	
23	1	12	3	
24	2	5	4	10	5	
25	1	2	7	
26	2	12	6	11	7	
27	1	10	3	
28	1	8	7	
29	1	1	3	
30	3	8	4	12	7	10	4	
31	2	3	8	8	3	
32	1	3	8	
33	1	3	2	
34	1	11	4	
35	1	9	1	
36	1	12	7	
37	1	2	3	
38	1	5	6	
39	1	6	5	
40	1	4	8	
41	1	9	1	
42	1	7	6	
43	1	11	3	
44	1	3	6	
45	1	9	2	
46	1	5	4	
47	1	7	3	
48	1	1	5	
49	2	8	6	11	8	
50	1	8	1	
51	1	10	3	
52	1	3	4	
53	1	7	7	
54	1	11	4	
55	2	6	2	9	2	
56	3	4	3	1	3	8	5	
57	2	7	8	8	8	
58	1	2	6	
59	2	4	7	11	4	
60	1	11	5	
61	1	2	4	
62	1	11	1	
63	1	8	4	
64	1	12	6	
