BENG04.TXT
64
80
25 12
1	1	10	7	
2	1	3	8	
3	1	9	1	
4	1	1	7	
5	1	10	4	
6	2	2	3	6	2	
7	1	7	8	
8	1	4	1	
9	1	3	4	
10	1	7	7	
11	1	2	4	
12	1	8	4	
13	1	11	4	
14	3	11	4	4	7	11	5	
15	1	6	5	
16	1	11	3	
17	4	4	7	11	6	3	8	5	2	
18	3	8	6	12	7	1	3	
19	3	8	6	3	3	3	1	
20	1	10	3	
21	1	4	3	
22	1	12	3	
23	1	1	3	
24	1	9	1	
25	1	10	3	
26	1	12	6	
27	1	9	8	
28	1	11	5	
29	1	12	7	
30	1	11	3	
31	1	8	1	
32	1	8	8	
33	1	2	8	
34	1	5	4	
35	1	8	8	
36	1	12	7	
37	1	5	4	
38	1	8	4	
39	1	7	3	
40	2	5	4	10	4	
41	1	11	7	
42	1	11	1	
43	1	1	1	
44	1	2	6	
45	1	10	3	
46	1	8	7	
47	1	12	6	
48	2	8	3	9	2	
49	1	11	4	
50	1	3	2	
51	1	8	5	
52	1	1	5	
53	1	10	5	
54	1	11	8	
55	2	9	2	7	6	
56	1	12	8	
57	2	11	5	2	7	
58	1	10	4	
59	1	3	6	
60	3	7	3	5	6	7	2	
61	1	11	2	
62	1	4	8	
63	1	8	3	
64	1	1	2	
