       20789       23681         100
           3
         436        1490      129928
         232        1320       70435
         236         932       32993
         822         638       62932
        1004        1092      109637
         266        1220       81130
         632         892      169123
        1110         344      133644
         598         532       76353
         658         921      157565
         732        1830      361681
         822        1740      357570
         932        1106      237082
         598         732       96302
         568        1322      112634
        1792        1006      288440
        1248         746      130341
         932         892      108075
         562        1030       69463
         722        1720      136602
        1526        1448      441930
        1858        2644     1031636
        1726         464      200216
         928        1672      496517
        2028         932      453623
        1028        1636      319544
         756         748      101788
         926         916      135715
        2006         564      282846
        1028        1894      292055
        1376        1932      319012
         726        1750      165165
        2098         946      258012
        1238        1208      224326
        1026         768       94556
        1734         932      323218
         994        2532      553698
        1966        2422     1142796
        2828        1946     1155690
        1536        1788      357028
         436         732       47873
         732         822       96273
         636         932      100768
         822         598       88480
        1004         568      102649
         464         794       47894
         932         648       72472
        2110         934      216781
         598         562       50411
         656         726       76201
         926        3726      586547
        1490        1830      436272
        1320        1740      459360
         932        2100      391440
         636         732      139666
        1094        1324      289691
        1222        2408      617941
         894         748      100307
         548         894       78386
         532        2138      216109
         452         642       46429
         722        1264      146017
         924         674       93416
         824         632       67700
         724         936      169416
         754         446      114337
         922         316       93233
        2002         892      589309
         576        1932      344978
         726        1750      355740
        1974         944      540402
        1234        1206      401815
        1224         766      225020
        1734         932      161609
         994        2532      276849
         564        2422      341502
         722        1944      168428
        1536         788      157348
         648        1232      199584
        1024         894      164782
         236         248       11120
         542         126       10927
         236         542       25582
         128         128        3441
        1026        2788      514888
        9098        8726    12702264
        5468        3524     4046539
        1264        4524     1258034
        2354        1298      702763
        1698        2542      776937
        2542        5004     2416832
         582         894       78046
         566         894       80961
         564        1022      115282
        1254        2014      479856
        2012        1254      277535
        1256        1298      195635
        2350        2366      722813
        2502        2502     1189401
        1296        2366      613267
