HopperN7b.txt
78
197
200 83
1	5	7	3	3	3	30	12	4	8	21	5	
2	3	19	36	6	2	20	4	
3	2	2	2	3	2	
4	2	18	15	3	13	
5	4	4	5	15	5	5	2	8	22	
6	1	28	22	
7	2	11	11	10	10	
8	3	4	6	19	10	30	5	
9	4	13	2	4	1	16	63	4	10	
10	4	17	3	12	9	11	9	9	4	
11	3	6	37	9	4	34	25	
12	1	20	18	
13	2	17	4	1	1	
14	3	5	12	2	6	19	17	
15	1	9	18	
16	2	2	3	5	14	
17	6	25	10	3	15	18	4	56	9	3	19	2	8	
18	2	11	4	26	4	
19	4	5	6	3	8	7	2	8	32	
20	1	2	8	
21	2	4	4	5	16	
22	1	16	9	
23	3	3	6	4	19	13	4	
24	3	8	25	1	2	2	8	
25	1	4	2	
26	3	4	11	12	6	4	14	
27	3	32	5	7	3	11	21	
28	1	1	4	
29	1	10	30	
30	3	13	43	9	43	2	1	
31	2	4	10	10	2	
32	1	5	18	
33	2	28	46	4	7	
34	2	2	3	5	30	
35	1	15	27	
36	2	8	4	8	2	
37	3	3	8	20	4	4	10	
38	2	13	16	9	12	
39	2	27	6	19	9	
40	3	46	14	45	9	7	2	
41	2	8	55	40	7	
42	3	4	8	5	8	2	7	
43	1	2	8	
44	3	12	45	15	9	4	4	
45	2	10	9	6	25	
46	2	12	25	11	6	
47	3	79	14	17	5	4	1	
48	2	3	1	14	22	
49	2	9	2	21	9	
50	1	12	22	
51	5	68	25	4	9	6	7	19	9	2	5	
52	3	11	3	4	1	7	41	
53	4	9	51	2	4	5	6	14	59	
54	3	3	18	14	46	23	19	
55	4	17	40	4	8	42	7	33	24	
56	3	5	4	1	3	20	3	
57	1	12	4	
58	3	34	10	3	4	10	33	
59	1	75	24	
60	3	35	20	8	9	8	8	
61	5	66	12	74	19	22	10	2	13	16	83	
62	1	4	1	
63	5	10	12	18	5	41	9	29	8	3	12	
64	1	6	36	
65	5	6	7	64	13	13	42	9	51	8	26	
66	2	37	9	14	4	
67	1	35	8	
68	4	18	8	11	11	5	5	5	9	
69	2	4	2	1	3	
70	3	17	5	16	21	7	46	
71	1	30	5	
72	6	8	25	10	10	35	8	21	21	32	7	14	11	
73	2	4	21	12	38	
74	2	4	2	2	10	
75	1	8	4	
76	2	8	10	8	7	
77	4	16	14	16	7	8	3	15	4	
78	3	10	6	2	3	4	1	
