HopperN5c.txt
29
73
200 96
1	3	47	8	14	91	23	35	
2	3	3	9	8	9	3	10	
3	3	35	14	11	4	27	69	
4	4	30	90	12	27	21	4	24	16	
5	3	88	13	14	19	96	28	
6	1	13	3	
7	3	16	5	59	14	55	18	
8	3	21	81	16	18	23	8	
9	2	23	39	23	5	
10	1	28	20	
11	1	19	5	
12	1	5	13	
13	1	20	58	
14	1	7	31	
15	1	16	79	
16	1	8	4	
17	3	2	3	9	4	9	30	
18	1	58	17	
19	1	5	1	
20	3	23	7	29	18	13	65	
21	7	10	18	10	42	60	14	9	37	20	5	49	19	22	33	
22	1	8	51	
23	2	18	10	68	23	
24	1	6	34	
25	6	32	12	11	42	21	15	7	26	31	9	41	21	
26	4	12	54	9	30	19	30	22	61	
27	4	9	25	4	11	11	42	4	23	
28	4	23	4	8	49	49	27	86	23	
29	4	15	9	3	9	12	9	2	4	
