HopperT7c.txt
79
199
200 88
1	2	5	13	22	10	
2	5	9	44	20	6	7	9	2	7	13	10	
3	3	3	11	7	26	5	12	
4	2	37	6	13	18	
5	5	4	19	17	17	13	2	3	2	17	4	
6	2	11	7	23	28	
7	5	11	19	23	10	6	23	35	13	20	12	
8	1	19	16	
9	1	10	3	
10	5	8	44	8	51	21	6	9	11	42	8	
11	1	8	24	
12	2	9	29	3	7	
13	3	16	4	18	11	8	11	
14	4	3	19	12	12	7	16	41	8	
15	3	16	51	8	4	9	26	
16	1	9	52	
17	1	33	9	
18	2	13	31	6	15	
19	2	7	35	6	25	
20	2	12	18	8	35	
21	3	35	10	10	13	6	10	
22	1	6	2	
23	3	9	20	3	6	8	13	
24	1	24	6	
25	2	4	6	34	13	
26	1	5	20	
27	1	19	42	
28	1	11	44	
29	3	8	13	6	9	15	17	
30	2	9	9	40	10	
31	2	3	4	38	22	
32	4	10	8	36	9	11	5	23	31	
33	5	37	18	3	8	15	28	2	6	15	8	
34	3	6	15	10	27	45	8	
35	4	11	8	8	50	20	3	8	40	
36	1	10	3	
37	3	2	2	8	4	15	7	
38	2	9	3	2	6	
39	3	9	18	21	6	9	5	
40	1	5	31	
41	2	9	7	17	12	
42	1	6	7	
43	1	22	5	
44	3	13	7	31	10	6	5	
45	5	11	52	7	4	34	20	11	2	28	7	
46	1	18	15	
47	3	8	54	8	14	8	2	
48	3	11	4	6	10	4	13	
49	4	3	4	24	11	13	12	8	21	
50	1	2	7	
51	5	8	11	12	7	26	13	11	49	18	6	
52	1	4	5	
53	4	13	18	18	11	21	14	19	10	
54	6	8	3	11	9	10	8	11	11	4	21	19	8	
55	5	24	6	31	6	6	42	15	3	22	4	
56	3	46	12	14	26	8	7	
57	6	17	8	9	12	18	42	5	18	9	3	4	2	
58	2	24	5	13	7	
59	2	6	2	9	40	
60	3	3	7	40	29	28	15	
61	1	12	11	
62	4	7	7	7	14	22	16	6	7	
63	3	11	18	7	11	7	2	
64	3	20	19	13	13	4	2	
65	3	14	10	9	10	18	15	
66	1	22	6	
67	4	13	49	15	15	7	40	8	2	
68	2	2	2	6	8	
69	1	6	30	
70	1	88	15	
71	1	3	3	
72	1	3	9	
73	1	19	26	
74	2	8	50	11	20	
75	1	9	12	
76	1	21	8	
77	4	8	23	26	27	45	7	22	12	
78	2	5	13	6	26	
79	4	18	6	3	7	20	12	15	15	
