HopperT6e.txt
38
97
200 110
1	2	26	21	25	17	
2	1	102	21	
3	1	72	15	
4	1	13	48	
5	1	6	9	
6	2	10	20	5	8	
7	3	17	11	3	11	32	23	
8	1	9	11	
9	4	39	56	18	5	22	27	23	66	
10	2	5	30	10	64	
11	3	35	6	8	4	27	50	
12	4	22	6	14	6	9	12	2	6	
13	5	4	22	6	4	4	15	37	6	36	25	
14	2	11	67	8	22	
15	3	16	3	3	15	23	10	
16	3	17	33	12	58	14	58	
17	1	16	49	
18	5	25	6	51	9	12	37	14	5	7	7	
19	3	110	26	7	32	26	16	
20	2	21	25	9	35	
21	4	61	9	7	47	21	56	10	23	
22	4	7	8	18	4	5	8	18	5	
23	3	11	16	9	10	20	10	
24	4	20	8	54	22	12	34	11	10	
25	2	12	18	4	9	
26	2	11	16	3	3	
27	1	41	8	
28	1	19	15	
29	2	12	8	4	14	
30	2	4	11	9	2	
31	3	12	68	18	109	12	3	
32	3	7	5	9	39	11	51	
33	3	12	7	12	16	23	7	
34	2	47	15	8	5	
35	3	12	20	19	38	14	14	
36	2	6	6	1	3	
37	3	16	26	28	6	13	44	
38	4	11	11	18	9	21	99	3	13	
