HopperN5b.txt
29
73
200 91
1	2	29	11	6	37	
2	2	17	24	65	28	
3	2	25	39	6	25	
4	1	5	16	
5	2	6	7	46	12	
6	6	25	66	64	15	26	27	8	30	4	14	26	16	
7	1	14	18	
8	3	47	22	4	4	3	18	
9	1	27	21	
10	1	7	30	
11	1	12	22	
12	1	7	2	
13	4	30	59	91	36	16	8	13	61	
14	2	19	6	17	21	
15	5	13	26	14	26	13	46	31	23	36	12	
16	1	34	43	
17	2	14	8	8	11	
18	3	13	8	22	15	15	5	
19	3	33	8	51	30	33	7	
20	1	37	57	
21	3	28	7	9	22	13	16	
22	2	20	3	10	6	
23	5	30	14	16	18	3	7	7	4	13	40	
24	4	78	18	19	9	31	19	3	8	
25	1	17	14	
26	2	21	19	14	18	
27	4	16	10	63	12	50	9	16	83	
28	4	9	19	62	50	19	6	12	8	
29	4	4	26	12	62	56	30	6	5	
