2079 1051 50
259 166 3 1 31713
146 379 2 1 36135
99 192 7 1 13081
267 120 5 1 21125
139 287 8 1 20112
479 163 9 1 37527
168 308 9 1 21246
174 316 9 1 33835
462 345 1 1 87375
496 233 9 1 30682
139 456 2 1 21882
275 452 6 1 40249
345 424 10 1 109136
54 391 10 1 13111
475 416 5 1 133302
188 271 10 1 21347
383 238 3 1 36396
169 407 10 1 19230
307 313 3 1 51905
263 403 7 1 75152
237 486 9 1 73185
398 62 4 1 11171
164 330 2 1 14931
183 149 4 1 14673
416 363 8 1 95755
310 386 9 1 85518
101 429 6 1 24628
144 161 4 1 8535
378 115 1 1 30183
264 80 7 1 7693
320 95 10 1 20808
393 116 8 1 30028
188 230 8 1 17624
134 262 3 1 16399
363 155 10 1 36955
117 79 8 1 3442
84 309 3 1 11767
174 262 4 1 24248
369 363 5 1 76109
462 144 9 1 45572
256 440 7 1 31795
410 294 1 1 63065
489 208 8 1 33063
55 309 10 1 12358
151 486 7 1 51576
82 55 7 1 2997
144 258 5 1 20834
436 118 9 1 22479
473 108 1 1 32511
242 66 1 1 11731