2997 1198 50
120 381 9 1 19766
226 226 4 1 37793
73 166 8 1 4434
273 486 9 1 93787
419 493 10 1 140952
314 368 2 1 63012
231 87 3 1 9716
114 193 2 1 14351
187 83 9 1 3935
193 167 3 1 22701
191 197 4 1 22739
91 405 5 1 12841
192 184 4 1 15231
469 457 2 1 117058
432 365 5 1 68822
239 473 2 1 37830
210 252 9 1 18905
161 243 8 1 24037
81 441 8 1 24618
441 129 4 1 40563
468 305 3 1 40902
73 234 2 1 12173
138 285 2 1 19624
263 366 7 1 65692
184 389 10 1 39089
487 451 3 1 74093
346 472 1 1 113121
311 465 3 1 81343
73 311 10 1 11973
433 192 6 1 42799
285 430 2 1 41730
343 490 8 1 75032
185 96 6 1 5123
209 310 5 1 19833
213 442 6 1 28458
409 305 7 1 46824
377 64 2 1 14360
449 338 2 1 75488
89 194 5 1 12428
233 361 4 1 56618
195 92 6 1 8576
288 322 1 1 68631
396 318 5 1 82955
404 287 2 1 38617
80 88 10 1 4470
111 332 6 1 24196
51 74 7 1 1334
158 57 7 1 5379
198 360 10 1 18250
154 334 2 1 34885