2381 1187 50
411 214 43 1 61863
152 422 2 1 41440
474 419 31 1 50549
483 141 29 1 29003
266 484 33 1 32477
273 271 46 1 37681
206 193 17 1 20150
400 296 49 1 62339
63 243 13 1 11122
343 269 14 1 65731
109 255 23 1 18291
371 438 27 1 61446
133 494 10 1 32500
371 154 41 1 41185
63 129 40 1 2820
374 155 31 1 41067
150 107 17 1 11114
72 286 50 1 8688
453 400 2 1 50628
434 122 39 1 28997
289 348 39 1 53892
154 266 45 1 20360
166 388 24 1 43336
190 122 32 1 16397
374 293 37 1 49073
227 149 17 1 11978
215 195 36 1 21903
443 182 48 1 23792
206 469 38 1 55734
329 387 24 1 49027
126 257 10 1 12673
322 148 2 1 31250
499 327 15 1 87292
218 454 18 1 55781
109 344 15 1 25449
65 56 37 1 1385
413 146 18 1 26144
290 391 46 1 73741
171 157 45 1 15247
347 203 46 1 19271
104 181 31 1 10271
64 284 35 1 9436
206 284 43 1 35643
53 116 43 1 2570
251 432 44 1 72803
344 91 43 1 11642
325 288 37 1 59807
63 312 27 1 14349
197 166 46 1 17560
57 247 30 1 5012