2043 1082 100
188 88 3 1 7848
215 178 3 1 21131
79 274 3 1 13922
249 193 10 1 30991
88 179 6 1 5075
402 123 5 1 23403
264 270 5 1 37791
294 146 7 1 17202
451 368 3 1 116078
375 231 5 1 62410
280 390 2 1 77731
84 50 5 1 1713
389 481 10 1 104437
319 361 7 1 45550
480 120 8 1 14832
117 421 1 1 28676
269 476 8 1 67565
65 385 2 1 18253
157 379 7 1 21995
73 276 4 1 7702
492 452 1 1 63408
325 222 5 1 20304
199 90 6 1 6210
145 276 9 1 29307
236 61 6 1 5032
454 304 4 1 51194
408 466 10 1 66961
351 277 2 1 51308
497 268 6 1 83428
396 405 7 1 40947
467 256 9 1 52867
173 154 6 1 9725
263 269 7 1 19911
311 390 8 1 38945
218 74 2 1 8955
251 356 10 1 34452
496 161 10 1 21722
139 368 7 1 15510
119 427 5 1 21141
389 239 4 1 34775
266 371 9 1 60516
249 204 1 1 15149
262 307 3 1 45023
89 97 2 1 4342
159 339 8 1 38152
480 376 7 1 105986
158 297 8 1 19922
378 441 10 1 60460
452 70 1 1 10058
61 87 7 1 2832
368 428 6 1 113542
86 392 7 1 22550
179 284 4 1 25719
237 454 10 1 61600
97 330 9 1 16880
204 431 2 1 25210
321 292 10 1 58482
374 148 2 1 30722
379 458 9 1 55063
464 135 8 1 29028
169 129 4 1 14792
170 299 8 1 23720
203 237 7 1 17759
429 184 4 1 32313
412 205 1 1 54894
99 198 1 1 5521
180 466 10 1 22164
482 168 10 1 50087
220 73 6 1 9535
116 146 5 1 7990
193 419 1 1 34270
157 131 9 1 11697
66 371 1 1 14742
448 197 9 1 38230
224 128 3 1 11170
445 82 3 1 25264
260 73 6 1 8623
450 341 7 1 53517
252 100 6 1 7584
315 460 5 1 37415
189 329 5 1 33182
245 307 1 1 56407
322 380 4 1 33154
399 476 5 1 105460
376 264 10 1 33607
234 68 3 1 4687
284 241 8 1 42110
461 482 10 1 115256
225 62 4 1 9311
54 93 9 1 2643
280 393 3 1 70044
459 325 2 1 102756
286 318 3 1 27632
142 189 9 1 16940
142 436 9 1 25870
375 298 3 1 71958
132 385 8 1 14264
307 493 10 1 69085
146 232 1 1 11102
61 245 7 1 4439