2076 1110 100
160 152 5 1 7294
456 292 2 1 61111
441 82 10 1 16599
262 237 8 1 32859
351 63 9 1 7796
72 200 9 1 4262
291 170 9 1 21219
75 305 1 1 6382
270 466 1 1 39853
456 450 9 1 140668
472 474 2 1 144431
161 173 4 1 7772
414 196 8 1 36485
472 486 5 1 146474
392 207 6 1 38835
138 343 3 1 21894
95 405 9 1 22126
274 350 10 1 54047
158 227 6 1 11188
450 471 5 1 126921
406 144 5 1 21720
325 494 4 1 114898
431 270 2 1 30241
386 88 2 1 15545
332 337 4 1 49465
296 274 8 1 24183
382 161 8 1 26028
454 416 3 1 66678
470 409 7 1 143257
347 471 4 1 79139
214 185 9 1 15382
481 155 9 1 34150
250 409 2 1 72944
284 115 2 1 12148
132 77 7 1 4309
296 381 2 1 59784
434 97 9 1 26891
456 195 1 1 56967
423 345 6 1 83780
210 176 6 1 16214
379 176 4 1 43601
334 462 1 1 65144
372 435 8 1 98315
69 396 4 1 17348
496 290 3 1 55141
421 92 6 1 25337
224 160 6 1 18648
373 324 5 1 54907
291 321 6 1 56097
315 153 4 1 20730
329 257 2 1 46303
193 133 1 1 10104
162 55 8 1 4083
340 160 8 1 33315
323 373 10 1 46746
349 200 4 1 17518
497 153 7 1 47942
490 178 4 1 63074
128 266 8 1 20165
245 291 5 1 19376
394 387 9 1 66773
50 305 5 1 5790
234 265 8 1 19874
450 470 2 1 145874
345 339 8 1 33595
170 439 8 1 21569
338 459 5 1 65271
325 438 3 1 43257
410 323 3 1 66479
176 275 2 1 27480
104 90 10 1 4975
52 64 9 1 1607
473 62 1 1 10940
241 167 5 1 16217
222 198 1 1 29122
457 62 8 1 20860
396 100 5 1 20089
295 110 2 1 10349
337 191 3 1 29317
55 177 5 1 7236
377 317 8 1 36074
136 192 2 1 14803
98 402 3 1 22812
264 127 8 1 16155
219 84 4 1 11456
100 189 8 1 7592
386 397 7 1 70568
228 228 10 1 17932
72 280 3 1 10395
475 327 1 1 40680
146 152 7 1 6828
279 184 7 1 19932
448 438 10 1 103350
379 436 3 1 102319
289 151 4 1 27221
438 176 9 1 46061
472 267 7 1 58302
141 400 4 1 28878
184 337 6 1 41459
385 488 10 1 59633