2714 1107 100
315 442 4 1 47831
67 494 6 1 24237
203 484 10 1 49622
141 446 2 1 19376
354 339 10 1 56398
280 132 3 1 26438
254 276 8 1 49371
109 489 6 1 29818
274 53 2 1 4174
490 401 7 1 136415
50 352 5 1 9453
242 237 10 1 32190
277 173 2 1 16857
124 454 1 1 32527
85 281 1 1 7125
248 247 7 1 37823
137 124 2 1 7445
267 311 2 1 60620
179 402 4 1 41474
239 323 6 1 51698
139 491 10 1 23882
213 230 8 1 29742
412 399 10 1 107937
444 261 6 1 75476
209 179 1 1 25028
366 312 7 1 64675
149 320 6 1 19332
372 436 7 1 64344
229 316 2 1 24641
234 69 10 1 10931
50 354 3 1 11540
263 288 10 1 42401
242 99 8 1 17499
321 164 10 1 32073
56 386 7 1 7171
216 158 5 1 25391
422 89 1 1 20547
274 214 2 1 25289
498 130 6 1 26516
281 492 8 1 41132
398 399 3 1 42642
280 247 9 1 27055
226 424 6 1 33117
68 271 8 1 8788
498 288 6 1 66616
315 169 3 1 27279
253 181 5 1 28454
237 356 10 1 36400
476 95 7 1 29613
198 321 6 1 36929
53 378 10 1 11839
381 133 4 1 36103
65 339 4 1 13114
459 187 8 1 30249
426 127 9 1 36402
177 348 4 1 16010
84 252 4 1 13311
202 137 1 1 15390
497 270 5 1 87022
110 491 5 1 30769
338 496 3 1 83500
90 107 4 1 5070
73 427 9 1 18162
77 498 5 1 18967
229 156 4 1 9036
336 108 7 1 19493
337 445 4 1 94718
308 62 8 1 7305
131 414 4 1 35247
459 57 8 1 17497
124 287 5 1 9060
193 377 4 1 36700
449 72 10 1 21993
149 235 7 1 9996
134 290 6 1 23094
344 265 3 1 43323
445 243 8 1 66940
358 304 9 1 49124
171 347 3 1 32152
350 487 4 1 106023
67 241 5 1 11865
347 440 6 1 55373
397 387 10 1 38717
247 114 1 1 14085
119 210 10 1 13788
167 267 3 1 27865
265 250 7 1 41353
402 99 7 1 20433
388 140 7 1 16489
243 52 1 1 5724
254 448 9 1 58592
194 162 10 1 10635
86 479 10 1 19401
344 283 10 1 60571
67 93 9 1 4345
86 105 10 1 5500
211 290 10 1 33173
424 55 1 1 17447
232 235 8 1 18177
271 203 6 1 30934