2956 1360 100
487 397 6 1 74851
183 278 2 1 25720
302 358 9 1 59581
494 77 1 1 22329
394 289 7 1 66881
312 435 2 1 86133
144 300 9 1 20716
66 182 5 1 4083
86 262 2 1 5815
462 299 1 1 97109
226 322 7 1 31196
438 323 6 1 48591
371 273 1 1 25715
495 292 7 1 74733
178 319 1 1 35094
343 261 3 1 24382
244 233 2 1 17133
70 197 1 1 5468
94 357 7 1 11436
284 409 5 1 86022
137 415 2 1 18667
401 249 2 1 49779
248 396 8 1 54339
53 487 7 1 8904
403 412 7 1 65722
115 270 8 1 10388
87 449 1 1 15145
233 432 1 1 44326
475 250 4 1 51751
286 424 8 1 44838
292 412 3 1 49972
365 75 8 1 18110
371 314 5 1 87070
212 160 5 1 11754
193 359 3 1 51241
216 102 2 1 10087
99 82 4 1 3697
376 257 3 1 69762
192 88 8 1 12589
442 335 7 1 97189
415 416 3 1 66195
456 58 10 1 9527
145 57 1 1 4824
83 125 10 1 3309
51 425 2 1 11826
269 190 6 1 18947
181 246 6 1 32167
235 468 9 1 44928
60 384 3 1 16340
70 164 1 1 8403
319 444 9 1 89832
70 53 6 1 1971
51 374 9 1 13964
432 256 9 1 65520
422 287 9 1 55429
421 157 7 1 17771
97 287 9 1 17460
391 202 6 1 30731
431 300 10 1 91123
191 227 3 1 15938
308 304 6 1 52266
373 74 4 1 18581
183 463 4 1 29215
357 426 5 1 45551
142 288 1 1 29388
485 347 9 1 48021
97 267 8 1 8870
371 186 9 1 31826
235 356 10 1 24917
247 250 9 1 16658
228 369 5 1 40186
384 491 5 1 99144
304 168 5 1 24900
238 399 7 1 63440
344 361 7 1 65328
404 278 8 1 80224
369 100 4 1 26967
490 237 9 1 67802
302 423 9 1 80252
344 83 3 1 14298
215 482 7 1 69199
139 371 2 1 33955
233 465 5 1 46046
192 178 5 1 17722
299 279 3 1 40097
389 292 7 1 39542
282 479 10 1 38885
190 463 1 1 59981
353 391 3 1 81647
432 231 6 1 64278
283 207 1 1 42303
270 164 5 1 12776
250 340 5 1 35297
79 350 6 1 17287
483 60 3 1 7848
424 103 9 1 27108
283 286 3 1 50315
109 150 6 1 7917
101 464 8 1 23347
359 193 1 1 21285