2319 1198 100
276 251 38 1 17648
124 165 6 1 14825
168 238 45 1 25759
231 496 37 1 46902
99 109 44 1 2780
411 273 29 1 43232
130 256 47 1 14145
272 341 8 1 43279
186 328 5 1 19599
440 198 24 1 59605
470 111 14 1 24516
391 476 47 1 51013
415 126 30 1 14242
391 52 45 1 12390
72 84 9 1 3993
474 215 14 1 40790
482 405 11 1 101354
190 374 23 1 24563
82 308 43 1 11708
395 434 37 1 107381
63 338 36 1 8801
439 262 28 1 57691
489 350 14 1 53780
415 375 13 1 96510
153 489 39 1 21834
243 237 36 1 17011
188 349 5 1 40565
165 150 3 1 18091
99 81 22 1 5242
317 125 8 1 13440
68 448 3 1 14117
222 231 43 1 34521
347 154 12 1 35926
216 462 22 1 41152
383 465 7 1 64332
170 260 23 1 27077
450 221 7 1 49629
303 407 13 1 45032
53 139 27 1 4416
288 160 41 1 19443
119 172 45 1 11443
452 212 42 1 51969
394 87 10 1 18252
320 472 40 1 93754
70 426 20 1 8765
271 349 27 1 34831
248 218 32 1 21051
202 421 38 1 22583
92 380 33 1 19358
454 387 37 1 85011
275 232 36 1 27151
273 73 5 1 6101
79 320 29 1 14941
182 53 43 1 5551
260 309 30 1 40011
428 124 49 1 35701
121 72 29 1 3149
72 195 19 1 4034
436 308 48 1 52545
244 307 19 1 45737
432 472 3 1 118780
176 219 39 1 13765
118 86 50 1 4795
445 300 22 1 70410
370 479 39 1 45030
305 65 19 1 7261
160 155 19 1 12491
72 50 37 1 1327
468 60 4 1 16697
268 148 43 1 29532
275 334 17 1 63332
91 284 45 1 7425
433 324 7 1 83475
97 130 30 1 5309
438 120 27 1 15158
142 91 28 1 8044
191 224 8 1 27551
107 295 16 1 8209
91 234 18 1 7778
67 455 6 1 13848
76 215 29 1 6986
402 103 23 1 27960
347 59 34 1 10522
117 278 41 1 24338
486 489 15 1 132319
137 377 37 1 28906
196 333 40 1 40965
238 73 14 1 6211
270 111 1 1 18736
194 118 5 1 9725
456 418 49 1 103889
418 308 23 1 50973
458 436 31 1 129926
117 242 42 1 10985
188 394 3 1 48215
253 134 21 1 25412
448 229 41 1 61989
191 278 39 1 21174
207 456 12 1 24413
171 134 48 1 16985