2350 1443 100
359 282 30 1 25790
226 142 34 1 23254
225 116 47 1 16814
126 482 6 1 24861
362 92 43 1 8579
251 52 2 1 5029
466 387 17 1 76652
331 192 16 1 29654
312 76 40 1 7618
344 280 10 1 65899
405 296 38 1 56335
179 235 32 1 11530
363 477 15 1 47161
243 196 45 1 29025
437 314 33 1 90589
336 93 14 1 12507
383 414 24 1 82326
376 79 44 1 10267
320 150 43 1 22251
415 105 1 1 27295
139 228 38 1 13098
442 452 48 1 100208
122 145 7 1 5559
246 60 24 1 9153
272 146 39 1 11589
156 275 28 1 12672
64 204 3 1 8072
393 201 1 1 57740
121 245 6 1 19378
428 278 9 1 40356
410 447 12 1 84927
308 225 33 1 46651
401 138 15 1 37204
333 341 14 1 46826
498 338 27 1 60803
365 159 3 1 35553
71 214 22 1 7582
271 347 31 1 34339
331 451 12 1 89480
327 55 35 1 7589
327 151 10 1 27604
384 191 4 1 39777
208 51 33 1 5649
481 126 27 1 37620
111 134 40 1 4372
140 232 35 1 11962
461 487 21 1 87415
248 54 5 1 3556
134 54 46 1 4007
278 153 41 1 20580
402 368 26 1 62955
52 467 20 1 7434
231 312 50 1 42596
434 205 29 1 51199
310 199 44 1 30723
352 357 28 1 84534
312 412 26 1 46467
404 91 5 1 10563
191 165 1 1 12331
474 168 33 1 48621
81 303 28 1 14297
149 385 39 1 20486
485 197 48 1 45143
150 297 29 1 23496
113 217 30 1 6230
201 377 18 1 27752
241 434 34 1 52681
99 244 12 1 8906
392 366 28 1 85311
272 395 35 1 79995
194 378 18 1 50563
492 266 17 1 37601
234 284 1 1 39542
443 237 6 1 44201
416 278 48 1 33352
420 464 36 1 121315
183 70 3 1 8249
462 430 23 1 51666
422 340 40 1 52407
322 486 28 1 71086
390 194 1 1 32349
185 185 14 1 23111
397 386 16 1 78759
159 171 22 1 20344
88 309 7 1 15140
302 120 38 1 20282
192 73 15 1 8797
247 286 31 1 25256
316 460 6 1 90872
61 472 27 1 12231
135 488 39 1 35907
213 63 26 1 5313
131 221 28 1 18837
150 162 46 1 9427
313 479 8 1 97591
311 142 33 1 33103
144 474 28 1 41242
239 493 3 1 46987
133 243 15 1 8359
100 433 8 1 32097