2190 1095 150
432 287 9 1 82183
193 147 8 1 8365
388 65 9 1 18813
496 226 8 1 36854
477 497 7 1 139880
321 193 8 1 35477
454 485 1 1 151639
172 326 1 1 17378
409 62 6 1 7746
265 415 4 1 75759
293 327 10 1 32060
464 301 3 1 75621
52 363 10 1 12133
409 398 9 1 75093
309 225 3 1 36475
204 305 7 1 22914
293 395 3 1 82722
314 69 8 1 7764
336 438 9 1 100497
86 117 8 1 2817
53 272 10 1 7454
432 485 7 1 52549
382 114 10 1 16287
249 55 10 1 4127
440 141 4 1 35228
292 406 7 1 65818
299 212 2 1 43459
212 363 1 1 31421
56 474 3 1 12587
236 413 5 1 58172
463 414 5 1 86524
259 184 9 1 20027
339 497 1 1 95375
103 482 5 1 13449
385 395 9 1 88328
484 106 1 1 29445
393 281 1 1 53905
153 72 2 1 3628
57 289 3 1 8415
192 372 5 1 52179
188 94 2 1 6895
298 128 8 1 14182
493 364 1 1 97849
153 110 3 1 7073
150 286 8 1 26035
264 313 4 1 30480
166 144 1 1 14286
74 466 10 1 23321
259 275 10 1 33304
341 326 8 1 32889
458 150 10 1 41408
76 351 8 1 9667
171 343 1 1 36734
380 415 7 1 111135
176 187 5 1 20173
338 276 1 1 41675
342 299 4 1 56541
316 487 7 1 48131
338 50 4 1 5825
50 294 8 1 6245
268 95 8 1 14676
314 129 1 1 17666
198 184 6 1 25159
193 326 6 1 21734
122 480 7 1 36320
214 292 9 1 21622
307 63 10 1 8962
470 126 6 1 38010
88 229 9 1 10488
432 409 4 1 66407
320 381 3 1 47127
326 423 4 1 99556
85 203 9 1 9803
392 231 9 1 32395
164 61 8 1 5981
221 245 10 1 28180
485 404 7 1 130430
232 166 2 1 27576
362 475 5 1 117100
488 63 8 1 14323
208 282 1 1 43265
76 405 8 1 9112
237 243 10 1 28319
256 353 1 1 51133
451 174 5 1 22580
358 264 9 1 24268
136 197 10 1 7842
54 263 7 1 8004
78 180 3 1 10414
186 280 2 1 31490
99 67 4 1 3080
243 406 8 1 36413
399 181 4 1 33712
394 385 6 1 105768
216 192 2 1 12686
220 484 5 1 76385
392 482 4 1 114990
149 302 2 1 13281
491 160 5 1 54485
460 277 10 1 32843
105 482 7 1 32202
89 438 5 1 19065
63 469 10 1 18020
182 119 7 1 11412
490 233 2 1 84039
386 411 4 1 92319
348 472 4 1 51200
356 363 1 1 65731
310 63 7 1 8676
415 236 10 1 24717
253 494 2 1 81344
340 483 6 1 120496
422 415 3 1 115533
136 418 1 1 32932
182 494 1 1 28214
103 457 9 1 29335
317 226 2 1 30615
401 117 3 1 11932
269 448 9 1 59823
391 115 1 1 23721
383 54 1 1 13081
58 435 6 1 14161
125 223 5 1 7752
174 475 5 1 55004
157 166 5 1 12951
105 286 7 1 13518
386 85 3 1 23379
396 476 1 1 78320
201 257 8 1 26740
169 462 10 1 22170
273 497 1 1 54183
305 338 8 1 68299
103 465 8 1 35353
264 196 8 1 30356
479 105 7 1 27814
337 464 4 1 102249
235 431 6 1 50003
305 481 3 1 54294
187 467 1 1 29216
88 358 10 1 17865
243 138 8 1 17468
424 253 7 1 39497
223 220 5 1 22635
393 428 1 1 124844
71 182 10 1 7390
422 153 3 1 16562
257 298 4 1 27659
293 337 8 1 27964
111 241 6 1 11345
53 412 1 1 14963