2887 1444 150
258 191 7 1 34814
160 392 9 1 35634
431 150 6 1 18876
272 377 5 1 62315
412 103 1 1 30021
423 65 2 1 13527
169 119 10 1 9331
387 188 10 1 42953
255 257 4 1 18096
395 136 10 1 37476
189 418 3 1 57371
263 399 1 1 33962
242 56 6 1 7384
154 326 7 1 20110
202 238 9 1 16556
253 72 9 1 9530
191 488 7 1 53865
89 227 4 1 10603
188 106 3 1 8914
353 381 8 1 47178
79 341 3 1 13347
145 365 5 1 33992
465 341 8 1 42925
275 301 6 1 40975
331 419 1 1 40869
132 412 8 1 17586
365 400 7 1 97507
115 426 4 1 22142
327 472 2 1 87894
444 357 9 1 45901
185 141 6 1 18646
165 137 10 1 11800
364 321 2 1 68131
496 321 6 1 80914
87 205 7 1 8714
448 110 7 1 14181
404 258 6 1 41320
65 329 4 1 13259
172 292 3 1 17393
337 349 9 1 69321
395 496 7 1 98945
409 212 9 1 29551
336 183 5 1 17420
157 316 5 1 13012
438 139 9 1 41886
447 499 3 1 162195
90 491 9 1 30875
211 354 9 1 48803
197 410 5 1 42155
156 439 7 1 30595
106 324 7 1 22188
469 177 5 1 56551
319 455 8 1 38202
198 307 2 1 27034
272 115 5 1 12442
395 363 1 1 65335
313 353 7 1 60910
461 66 4 1 19647
53 492 7 1 10454
383 379 7 1 104912
157 103 2 1 10294
473 217 8 1 59827
457 486 2 1 100550
195 433 6 1 54913
73 229 10 1 9794
351 489 6 1 101983
352 363 9 1 86153
394 215 6 1 61034
350 412 8 1 96378
269 411 4 1 52719
370 219 10 1 49397
358 479 4 1 127481
156 435 10 1 25475
255 115 3 1 21710
410 81 4 1 17587
207 94 7 1 5049
353 317 1 1 31042
122 453 3 1 19259
365 297 3 1 28984
251 334 8 1 28890
271 311 7 1 56514
427 349 5 1 88193
438 307 9 1 89380
325 63 3 1 11961
205 345 2 1 50689
216 346 8 1 35873
324 434 4 1 64175
267 323 1 1 63132
481 477 4 1 121537
105 384 5 1 11924
374 289 3 1 72582
322 181 6 1 18605
314 148 10 1 19104
138 308 8 1 29764
410 215 3 1 33445
459 92 1 1 30782
347 53 3 1 12655
99 151 5 1 7942
218 276 9 1 21560
96 497 5 1 23983
398 359 6 1 51118
251 142 8 1 24369
79 67 2 1 2727
363 189 4 1 26986
363 454 10 1 80652
268 171 10 1 32749
418 147 4 1 38990
53 189 3 1 4323
279 233 6 1 38301
212 473 4 1 56313
292 263 10 1 21842
444 105 2 1 24235
314 474 3 1 56534
410 115 6 1 24365
68 136 9 1 4235
225 358 2 1 25819
287 62 4 1 12426
462 434 10 1 69335
394 208 3 1 22799
232 421 3 1 44352
375 193 1 1 33652
108 123 9 1 9212
104 481 6 1 17238
114 125 1 1 3874
368 284 4 1 44603
395 360 6 1 94612
440 251 8 1 60656
333 58 7 1 13903
476 222 10 1 66432
185 374 8 1 50354
266 453 3 1 53121
175 438 1 1 42861
150 413 8 1 19509
421 493 10 1 65364
429 186 6 1 37111
222 342 8 1 34796
169 326 7 1 39383
401 270 7 1 30884
158 373 5 1 38799
417 285 3 1 85937
413 499 6 1 85510
246 184 5 1 27908
499 279 1 1 86938
367 112 7 1 27958
355 129 10 1 12434
135 363 3 1 23594
372 300 6 1 41423
205 158 6 1 15523
118 182 7 1 12160
142 310 7 1 26107