2047 1023 150
271 327 4 1 54875
139 342 5 1 24793
110 98 3 1 7545
238 304 2 1 39782
59 363 7 1 10122
124 184 1 1 14906
239 261 4 1 25784
246 343 5 1 44677
57 350 2 1 6679
498 276 4 1 93484
327 115 7 1 16661
221 441 3 1 25266
415 463 3 1 142309
84 100 6 1 4385
457 57 8 1 18363
135 424 6 1 40834
317 209 9 1 23294
212 353 8 1 51781
203 122 10 1 10363
232 315 1 1 51819
115 260 7 1 16106
406 191 9 1 27867
399 449 9 1 85506
497 350 1 1 105705
278 417 4 1 39528
456 249 6 1 32586
98 150 2 1 10340
151 381 7 1 20977
265 346 10 1 34742
487 487 2 1 95826
499 448 1 1 153797
112 405 5 1 14447
206 67 5 1 7578
244 129 10 1 16797
379 185 1 1 47190
328 165 3 1 19486
396 92 5 1 21124
447 456 1 1 109808
200 345 2 1 46598
335 464 2 1 57778
135 450 3 1 16721
245 143 8 1 14111
341 304 6 1 31846
343 95 6 1 18843
374 281 4 1 55253
360 117 3 1 21507
273 196 7 1 26571
395 485 9 1 133950
450 401 5 1 74570
120 436 9 1 33745
321 205 5 1 36812
306 225 10 1 37426
114 168 10 1 9372
206 294 6 1 28143
237 386 10 1 30015
183 172 2 1 13780
286 482 9 1 76447
206 316 10 1 31232
273 357 9 1 28108
178 371 9 1 41401
250 229 7 1 29558
121 242 9 1 8474
335 226 1 1 32435
170 487 4 1 44751
466 233 4 1 71070
313 173 8 1 32373
200 289 4 1 14594
286 305 10 1 49126
157 230 9 1 13450
464 265 6 1 33796
423 425 1 1 119277
256 270 2 1 48418
211 223 5 1 12275
170 306 3 1 24720
188 306 5 1 38316
307 448 2 1 38703
91 290 7 1 14618
371 352 7 1 76209
253 455 1 1 68451
246 112 10 1 16177
203 311 2 1 19233
139 260 10 1 18081
54 337 2 1 5800
339 382 3 1 70895
219 413 1 1 32451
189 207 2 1 20875
274 234 10 1 40330
169 442 6 1 29518
292 461 10 1 61083
417 460 7 1 79324
389 416 8 1 41604
456 102 2 1 19486
168 309 6 1 27125
145 251 1 1 25268
234 300 3 1 51414
410 114 10 1 32987
429 466 6 1 105767
67 316 10 1 11836
69 96 6 1 3502
88 437 10 1 19722
427 397 7 1 70309
187 414 7 1 22796
85 461 6 1 27608
343 447 2 1 101267
290 422 3 1 59081
380 416 2 1 71016
115 384 9 1 21590
386 373 10 1 84322
203 381 4 1 23149
120 344 6 1 18294
55 80 7 1 2276
381 333 9 1 56793
311 120 2 1 16403
420 293 9 1 78985
411 122 9 1 33579
117 282 7 1 14052
282 368 9 1 68112
460 119 7 1 36285
314 437 8 1 98058
263 392 3 1 61960
81 75 7 1 1822
51 284 3 1 6216
78 288 2 1 15986
395 253 6 1 55882
102 458 10 1 26493
425 115 1 1 35922
251 175 3 1 16510
321 431 5 1 84556
391 139 1 1 22100
87 304 3 1 8996
157 482 9 1 27079
230 291 2 1 17793
278 171 5 1 31438
261 478 5 1 44710
62 481 2 1 19115
330 120 7 1 13839
386 186 8 1 19567
488 475 5 1 105453
492 196 10 1 49254
476 108 7 1 21130
236 404 4 1 59769
242 209 4 1 31351
137 185 1 1 7560
437 165 8 1 21938
176 192 9 1 12578
173 456 3 1 41936
277 362 1 1 35209
399 334 1 1 78252
395 267 9 1 29741
404 347 6 1 38889