2798 1399 150
57 158 6 1 2645
121 390 10 1 29010
352 128 2 1 17305
273 187 2 1 33976
452 227 2 1 45374
375 169 6 1 20954
372 53 6 1 10146
114 463 8 1 34375
346 328 10 1 81422
139 125 6 1 12425
210 156 9 1 16685
461 233 10 1 41680
313 371 1 1 40545
379 57 5 1 6029
372 439 10 1 79014
164 164 5 1 8956
232 134 8 1 9457
244 455 6 1 39715
81 184 6 1 7097
65 384 1 1 12294
470 147 7 1 31248
94 355 10 1 14187
404 165 8 1 37605
203 189 3 1 14669
409 156 3 1 47751
346 213 10 1 26511
113 173 3 1 12362
364 122 4 1 23950
464 352 10 1 42469
210 63 5 1 8932
440 299 7 1 97572
490 432 4 1 153579
459 432 8 1 122368
143 145 9 1 10010
466 256 2 1 36286
409 476 8 1 139299
499 335 4 1 119201
399 110 4 1 30780
187 230 7 1 22249
344 252 3 1 26619
381 404 4 1 113108
393 371 4 1 40656
208 255 9 1 13759
334 100 6 1 14907
63 332 5 1 7325
273 393 8 1 47603
258 244 6 1 25232
457 201 5 1 55810
376 490 2 1 116184
407 153 2 1 46613
318 369 5 1 85976
440 400 5 1 56120
223 484 4 1 57964
175 480 8 1 35683
262 329 4 1 40291
104 203 1 1 9998
232 350 4 1 44497
336 420 5 1 43982
452 343 8 1 79592
117 363 6 1 13529
111 134 3 1 3820
448 358 7 1 60360
87 162 7 1 6723
473 495 10 1 60913
124 115 9 1 7376
124 56 6 1 4100
251 278 7 1 41588
192 454 9 1 32933
231 109 10 1 11688
86 348 3 1 20316
346 283 7 1 54418
183 363 10 1 19019
118 119 7 1 6879
109 333 6 1 18346
270 359 1 1 38105
160 256 10 1 30211
408 329 4 1 67240
169 169 1 1 17520
177 388 8 1 30225
84 97 5 1 4906
174 440 6 1 41069
88 407 8 1 24474
257 425 8 1 55777
200 227 1 1 28189
53 402 2 1 12243
376 312 8 1 50023
53 167 9 1 2511
228 297 9 1 38523
219 292 7 1 38730
480 71 8 1 23104
185 265 2 1 28725
316 356 6 1 80942
282 495 4 1 41827
281 320 8 1 63509
145 412 2 1 31450
285 330 7 1 23715
261 382 6 1 34611
155 309 4 1 24113
446 195 3 1 59829
212 229 2 1 23908
239 240 2 1 17253
480 270 7 1 74256
86 362 6 1 10144
231 454 4 1 65674
119 160 3 1 9444
407 312 6 1 60945
298 120 9 1 10018
351 51 1 1 4969
225 171 4 1 14584
396 68 4 1 18311
157 281 7 1 24334
421 387 10 1 96459
111 294 2 1 10448
200 399 6 1 31254
420 221 2 1 69267
140 374 1 1 37447
390 290 10 1 83736
424 146 10 1 32733
260 261 10 1 23195
141 192 8 1 8316
436 480 6 1 131840
246 487 8 1 54836
121 134 5 1 7743
451 76 3 1 16607
369 266 3 1 28118
298 416 7 1 73849
311 211 6 1 47414
496 311 9 1 50674
178 227 7 1 14169
171 429 2 1 45143
457 193 10 1 46205
119 259 5 1 10865
340 366 4 1 58300
441 178 8 1 21312
235 127 7 1 8630
369 311 4 1 65085
402 383 6 1 101169
454 402 10 1 112346
206 275 2 1 17332
376 89 4 1 17909
320 413 10 1 92909
451 340 7 1 94035
466 189 7 1 39687
327 381 4 1 69283
120 432 5 1 34777
150 449 8 1 29049
444 259 8 1 44987
112 349 4 1 14514
437 384 2 1 58796
116 291 3 1 13797