2683 1342 150
340 210 6 1 44214
370 491 6 1 94748
320 395 9 1 88468
155 408 5 1 34772
151 473 5 1 33757
380 89 2 1 22095
395 303 2 1 49472
257 475 8 1 64637
91 157 1 1 4783
187 471 8 1 59905
90 454 10 1 18103
374 474 5 1 45958
337 152 10 1 37938
345 61 4 1 10987
127 276 7 1 24709
411 267 5 1 78284
129 370 2 1 16782
186 397 1 1 51093
297 81 4 1 10067
211 82 8 1 12268
292 447 8 1 70308
471 498 10 1 84291
120 277 3 1 15865
81 252 9 1 12404
351 353 6 1 42248
136 477 6 1 18618
105 235 2 1 17356
467 153 1 1 26053
477 255 1 1 46089
215 206 3 1 17895
391 333 3 1 89576
453 241 5 1 34771
201 100 7 1 11036
318 182 3 1 30885
119 89 2 1 7128
374 499 10 1 67195
56 50 10 1 1623
283 279 6 1 42536
186 397 4 1 49868
146 92 7 1 4993
368 433 8 1 43858
487 383 2 1 75126
108 81 6 1 2687
387 113 5 1 25288
191 114 10 1 11448
386 416 2 1 81992
220 174 2 1 19009
172 244 4 1 29344
490 473 6 1 95777
464 133 7 1 39802
369 302 2 1 62340
321 219 7 1 38214
202 404 1 1 39935
420 236 1 1 46059
479 115 3 1 18073
187 76 5 1 6222
57 339 5 1 10716
111 266 10 1 14166
463 57 10 1 7611
462 171 3 1 49529
78 235 6 1 9464
135 198 5 1 7735
331 454 9 1 64379
413 353 2 1 78804
280 88 3 1 16128
483 297 4 1 85762
248 419 8 1 26236
260 162 10 1 23721
345 64 2 1 8224
424 332 6 1 38691
481 64 5 1 20425
257 348 2 1 62650
165 270 8 1 11622
316 330 1 1 49553
72 298 6 1 14291
456 390 1 1 50045
188 385 1 1 40092
405 378 1 1 89338
51 108 3 1 3275
344 400 7 1 80792
284 82 8 1 7095
446 318 5 1 70958
117 459 5 1 17117
87 282 7 1 13431
135 473 4 1 22910
176 420 10 1 39442
446 309 6 1 86686
340 498 7 1 66909
313 289 8 1 41047
404 288 9 1 48115
257 160 10 1 10572
75 464 1 1 14579
292 95 6 1 14495
257 240 7 1 42823
295 460 9 1 99385
211 254 2 1 37825
221 134 5 1 15668
249 162 7 1 22550
417 370 9 1 81579
344 303 2 1 53456
439 164 1 1 29861
407 69 7 1 8269
334 408 1 1 96012
400 293 9 1 77409
168 379 6 1 30739
427 92 8 1 17648
90 80 4 1 3520
371 443 8 1 96255
174 67 7 1 3489
80 51 10 1 1808
251 327 6 1 42456
499 99 3 1 22114
455 321 3 1 64196
114 399 9 1 29195
159 82 7 1 8731
470 450 6 1 90076
473 225 9 1 69851
53 203 6 1 7132
91 365 7 1 23736
442 408 1 1 108381
182 499 7 1 27243
341 216 9 1 31609
277 284 6 1 55982
200 119 6 1 13309
352 434 3 1 86635
294 444 5 1 95942
358 128 1 1 17224
184 269 2 1 30251
468 273 7 1 51953
196 239 1 1 15934
351 463 7 1 58153
214 379 2 1 21561
333 294 1 1 64745
357 223 5 1 28530
383 240 5 1 58918
115 455 6 1 18286
67 191 2 1 3488
65 136 2 1 4022
285 387 5 1 56335
329 208 2 1 28128
119 359 10 1 26781
58 452 9 1 16250
339 139 2 1 14055
393 179 6 1 21403
498 132 4 1 24468
194 59 8 1 6085
227 229 2 1 18252
137 357 10 1 28719
376 425 5 1 45063
434 99 3 1 11919