2762 1154 150
271 83 33 1 8778
323 336 5 1 46413
268 196 44 1 30916
388 355 41 1 37031
64 164 42 1 5694
112 236 37 1 16317
469 224 9 1 45879
425 164 16 1 28140
447 206 30 1 28335
115 204 38 1 16145
321 488 17 1 77826
300 215 39 1 18638
68 236 19 1 4881
93 439 50 1 28447
182 226 44 1 25314
262 356 15 1 54764
285 134 25 1 26230
228 111 6 1 12639
428 333 27 1 72501
215 216 3 1 25250
311 156 43 1 13970
476 337 27 1 103273
108 115 7 1 8088
206 435 36 1 56688
94 235 26 1 16406
59 51 44 1 914
68 53 44 1 1921
116 284 43 1 19676
162 188 27 1 13047
250 376 25 1 25784
308 229 25 1 52111
442 193 30 1 45025
465 76 16 1 10444
241 456 40 1 31993
478 59 40 1 15496
406 357 50 1 52925
486 158 32 1 32116
487 346 44 1 116542
52 243 17 1 6615
209 339 13 1 33454
390 121 44 1 16178
186 239 21 1 30312
303 428 21 1 33422
87 297 37 1 17136
108 178 20 1 10807
115 366 8 1 30555
142 238 19 1 9536
279 190 24 1 17594
158 124 40 1 13600
195 289 46 1 18186
86 320 5 1 8028
400 309 22 1 70286
200 291 38 1 40314
305 140 21 1 29303
115 259 49 1 19895
102 366 44 1 15216
488 486 17 1 158532
464 270 7 1 74522
290 367 15 1 52595
411 60 25 1 14653
401 404 33 1 105098
355 57 12 1 8597
229 141 45 1 16679
400 138 17 1 28389
136 308 6 1 14812
152 437 34 1 42153
491 396 21 1 49550
319 113 19 1 24305
170 54 1 1 2908
386 109 47 1 30051
126 76 44 1 6852
420 236 31 1 37084
93 217 9 1 8660
104 342 6 1 13046
218 136 48 1 12178
306 255 37 1 36175
417 245 15 1 74988
497 204 45 1 44267
480 110 31 1 33576
192 316 2 1 19497
402 77 5 1 17039
229 314 20 1 25183
59 203 24 1 8494
350 147 35 1 23102
468 181 34 1 21578
415 91 48 1 22122
427 368 31 1 98408
144 76 16 1 3501
419 128 16 1 15902
88 280 16 1 10745
359 216 8 1 25821
96 466 14 1 16683
263 117 44 1 8578
114 244 48 1 16179
224 212 21 1 27043
325 432 26 1 41191
246 160 17 1 26741
432 452 5 1 144207
193 350 43 1 33001
126 61 41 1 3610
130 448 27 1 31584
483 96 20 1 18416
138 380 32 1 26312
132 253 9 1 8949
198 312 24 1 44269
303 268 12 1 33932
224 460 2 1 57302
143 363 36 1 26711
393 180 23 1 33358
451 385 16 1 86440
70 458 28 1 9439
342 348 21 1 38931
102 365 14 1 21066
487 85 10 1 11442
437 396 2 1 52386
355 403 8 1 97995
363 178 3 1 38691
472 147 7 1 41175
357 232 18 1 32947
254 307 21 1 29580
229 199 21 1 32915
272 234 27 1 42422
415 146 13 1 39844
223 433 3 1 70899
307 397 45 1 65913
211 81 39 1 12012
158 418 46 1 42809
284 360 36 1 75479
252 94 22 1 6593
120 127 50 1 10841
331 256 33 1 46606
404 205 49 1 39601
100 97 24 1 5237
337 103 38 1 18419
168 79 17 1 8450
120 128 47 1 7912
292 409 45 1 89083
333 125 34 1 14076
437 290 7 1 39242
262 458 20 1 71221
409 135 45 1 31335
330 117 27 1 25359
218 169 1 1 23621
75 137 18 1 3328
437 191 19 1 36819
239 305 24 1 45475
370 258 25 1 60104
378 410 43 1 113085
105 142 49 1 7307
383 393 50 1 81053