2566 1329 150
299 162 19 1 25242
260 240 44 1 46649
101 114 44 1 8367
123 192 26 1 14303
101 95 40 1 3787
168 253 24 1 15952
263 476 6 1 32879
216 190 44 1 30578
77 356 11 1 19729
248 343 42 1 60771
358 305 50 1 73322
68 339 39 1 14651
257 298 36 1 39100
55 110 18 1 3113
333 414 37 1 79219
199 50 27 1 5491
477 418 32 1 55083
159 285 13 1 22602
260 241 34 1 18922
206 371 46 1 19588
481 163 11 1 56699
106 391 16 1 13185
453 219 16 1 33859
274 87 37 1 17011
163 449 38 1 30977
435 226 45 1 59807
185 291 28 1 25834
122 225 48 1 19991
314 345 49 1 77374
62 417 32 1 9117
433 339 7 1 77662
291 139 28 1 13472
384 87 39 1 11578
337 197 33 1 33393
69 377 2 1 7096
110 112 22 1 6243
370 298 21 1 70919
335 237 46 1 44743
382 440 26 1 89073
391 420 21 1 90107
212 144 49 1 20989
88 144 2 1 7463
163 271 41 1 20844
244 66 23 1 11099
183 52 22 1 2907
359 256 7 1 27639
255 70 43 1 10449
108 438 17 1 12449
161 465 4 1 26741
378 490 37 1 51008
280 177 13 1 20898
400 465 45 1 97670
388 463 28 1 108403
140 477 39 1 27135
136 498 4 1 35385
214 206 6 1 19150
227 325 20 1 48952
120 497 15 1 35411
216 236 9 1 33792
333 350 43 1 56869
235 156 1 1 12067
72 236 6 1 6203
356 95 48 1 10248
130 172 46 1 9593
471 460 28 1 54301
115 286 50 1 12468
456 320 19 1 56540
267 305 3 1 33406
334 386 6 1 33586
356 254 30 1 46769
85 337 41 1 11021
336 296 32 1 43613
77 418 41 1 11293
477 212 38 1 52026
459 104 40 1 33704
179 438 24 1 53370
277 291 25 1 45886
471 239 18 1 37597
259 394 3 1 40309
343 91 36 1 14282
297 254 5 1 26349
357 297 14 1 78195
375 317 11 1 86557
54 220 8 1 5989
147 67 46 1 5334
58 145 43 1 2148
490 97 9 1 29341
320 62 46 1 6451
464 246 25 1 75384
428 169 10 1 36846
347 227 36 1 35809
187 186 48 1 25159
56 387 30 1 13255
304 144 35 1 25857
305 493 23 1 43610
74 56 9 1 1360
154 451 30 1 29028
474 406 23 1 85993
86 361 29 1 14993
192 84 32 1 11360
410 284 16 1 82303
437 193 24 1 40574
213 169 17 1 25837
338 370 38 1 45929
268 86 13 1 10983
189 337 37 1 20120
86 97 50 1 4376
318 236 46 1 21275
216 282 5 1 24752
125 116 39 1 6169
361 423 12 1 106150
70 213 17 1 10220
345 342 4 1 85696
476 399 2 1 111822
415 493 15 1 150412
125 248 36 1 8584
156 398 19 1 25569
132 189 21 1 9178
367 350 14 1 95465
99 270 19 1 17615
212 278 28 1 42420
309 51 22 1 8871
239 200 41 1 17068
361 489 28 1 97664
106 227 2 1 7948
328 431 29 1 49249
329 323 19 1 69945
83 381 25 1 20595
112 203 38 1 13900
396 245 41 1 52659
324 199 22 1 43491
397 463 1 1 122816
76 212 44 1 4355
462 403 16 1 133216
327 349 2 1 42553
477 420 4 1 85813
213 377 34 1 32868
150 98 48 1 8579
429 276 32 1 33274
221 393 17 1 48779
85 490 39 1 31222
79 411 1 1 13047
197 51 45 1 6333
497 330 43 1 104605
398 456 13 1 98021
119 378 24 1 13432
115 272 19 1 20635
231 165 9 1 12112
321 475 25 1 63486
307 66 5 1 5308