2198 1018 150
390 265 31 1 58364
179 449 31 1 41863
189 331 36 1 17061
416 160 17 1 25595
444 132 27 1 30015
316 323 25 1 30073
198 164 12 1 17469
121 115 41 1 7313
466 349 18 1 112277
158 480 25 1 54844
419 388 24 1 91538
456 145 40 1 27622
283 169 18 1 19736
307 233 46 1 32460
380 390 24 1 58443
381 429 29 1 115521
245 181 35 1 28355
144 490 29 1 46939
416 426 18 1 100375
82 481 43 1 12904
485 338 45 1 115010
112 296 27 1 23524
496 133 27 1 48686
54 56 41 1 1232
358 202 14 1 47014
308 193 43 1 22382
214 428 11 1 42326
265 258 15 1 18591
321 425 47 1 42225
300 91 44 1 14890
88 265 11 1 6821
382 281 44 1 46674
195 172 14 1 12195
336 288 33 1 71634
451 172 8 1 52796
441 350 41 1 111226
131 318 28 1 22975
315 63 13 1 7029
327 451 11 1 53893
240 435 37 1 42547
458 360 41 1 49860
299 221 35 1 36869
223 111 6 1 17573
455 345 3 1 83392
428 223 3 1 36900
269 443 42 1 78532
436 166 39 1 49680
133 254 37 1 25008
160 326 23 1 21466
222 495 18 1 46845
163 274 13 1 20767
322 480 41 1 53156
377 256 28 1 71453
94 211 49 1 12820
236 438 31 1 31763
407 495 5 1 89316
195 232 45 1 29943
167 96 2 1 6841
405 355 40 1 103395
485 481 12 1 66680
161 316 9 1 19805
98 172 33 1 8627
269 476 38 1 72368
417 451 45 1 138031
444 180 27 1 57247
365 266 30 1 60900
177 77 30 1 8155
335 263 10 1 43074
478 248 43 1 48420
232 239 50 1 34278
415 429 44 1 108212
443 481 48 1 98011
311 284 34 1 58129
62 240 4 1 5908
380 295 12 1 71501
385 232 47 1 37493
64 272 41 1 11855
304 364 2 1 51616
127 374 8 1 22864
72 90 47 1 2179
441 125 7 1 15558
461 238 16 1 58506
135 322 48 1 17436
450 298 28 1 70063
257 360 28 1 43536
263 188 18 1 23665
308 485 4 1 41975
230 118 29 1 13396
218 285 37 1 27858
80 454 45 1 25443
384 493 43 1 125293
135 291 46 1 26458
378 331 33 1 69555
71 86 11 1 3625
59 137 22 1 2939
321 484 49 1 52790
494 114 15 1 28016
62 116 7 1 4912
95 54 8 1 3323
278 431 22 1 53833
159 234 48 1 15936
101 474 20 1 32349
468 442 19 1 128890
376 241 5 1 66485
301 274 9 1 60194
90 191 4 1 7711
425 291 34 1 42961
400 59 8 1 16673
192 112 33 1 11855
227 270 28 1 45026
123 304 35 1 12291
102 376 15 1 18083
144 169 32 1 10865
213 301 46 1 33738
142 278 11 1 14973
257 475 45 1 57892
411 493 37 1 138360
324 365 19 1 54325
361 425 4 1 80548
244 380 3 1 54292
175 156 34 1 15077
471 195 12 1 63841
341 118 22 1 17044
107 175 24 1 12351
206 469 12 1 25135
378 394 8 1 83932
445 374 38 1 82358
399 265 44 1 48172
446 434 26 1 139827
134 374 25 1 24385
440 411 19 1 129487
126 51 10 1 3629
172 98 2 1 5850
199 68 8 1 6005
224 450 42 1 28719
487 389 6 1 138816
95 217 37 1 12997
139 78 37 1 5408
303 197 35 1 36103
330 97 12 1 22972
82 397 16 1 20953
90 112 25 1 6554
375 218 16 1 23990
476 441 9 1 120860
416 335 4 1 103093
195 273 10 1 27871
396 144 16 1 38188
112 215 20 1 12372
295 455 31 1 74960
221 105 39 1 15543