3000 3000 32 1 0 1 0 0
 365 185  8 0 0
 378 200 67 0 0
 410 165 28 0 0
 425 148 77 0 0
 425 296 90 0 0
 439 116 49 0 0
 464 1006 46 0 0
 520 205 49 0 0
 520 350 80 0 0
 540 530 91 0 0
 549 1413 75 0 0
 549 1882 83 0 0
 553 496 18 0 0
 555 755 33 0 0
 555 496 72 0 0
 555 659 71 0 0
 567 473 45 0 0
 572 592 67 0 0
 572 975 55 0 0
 572 1175 92 0 0
 572 1575 64 0 0
 572 1390 97 0 0
 572 1490 49 0 0
 572 1590 75 0 0
 572 1690 35 0 0
 572 1890 10 0 0
 610 625  4 0 0
 660 490  9 0 0
 690 447 44 0 0
 949 445 45 0 0
 949 478 28 0 0
 970 463 38 0 0
gcut13d
