c5-p2(Hopper).txt
43
73
60 38
1	4	2	2	4	6	7	28	6	3	
2	2	6	24	11	21	
3	1	3	1	
4	1	3	5	
5	2	5	4	30	10	
6	1	7	2	
7	2	21	7	13	3	
8	1	5	2	
9	2	3	3	10	3	
10	2	5	1	5	20	
11	4	14	12	4	2	7	8	26	5	
12	2	4	2	3	3	
13	3	4	17	3	2	9	14	
14	1	9	2	
15	1	10	3	
16	3	4	26	2	1	14	11	
17	3	3	14	6	2	1	2	
18	2	7	10	5	23	
19	1	1	2	
20	1	1	1	
21	2	9	27	6	15	
22	1	1	3	
23	1	4	13	
24	1	4	26	
25	1	13	14	
26	1	2	7	
27	5	14	3	13	19	17	3	11	9	4	13	
28	2	7	10	18	3	
29	1	2	1	
30	1	2	1	
31	1	7	38	
32	1	15	4	
33	1	6	23	
34	1	5	26	
35	2	14	19	3	1	
36	1	4	7	
37	1	7	4	
38	2	10	6	2	3	
39	2	14	3	6	5	
40	1	24	10	
41	2	5	20	32	6	
42	2	6	1	8	7	
43	1	1	2	
