c6-p3(Hopper).txt
58
97
80 62
1	1	3	7	
2	1	5	4	
3	2	8	17	7	42	
4	1	6	19	
5	4	23	7	8	7	7	12	37	7	
6	1	6	4	
7	1	10	33	
8	3	5	6	7	2	10	7	
9	1	2	6	
10	1	13	33	
11	2	26	20	3	5	
12	3	30	7	18	14	4	19	
13	3	8	6	17	8	6	34	
14	3	34	13	10	17	7	2	
15	1	10	5	
16	1	18	10	
17	1	7	9	
18	2	24	8	9	5	
19	1	5	7	
20	2	8	5	4	2	
21	3	6	35	5	8	3	15	
22	1	6	6	
23	1	4	4	
24	1	5	2	
25	1	4	8	
26	1	6	8	
27	1	5	6	
28	1	7	7	
29	1	6	34	
30	2	4	4	3	8	
31	2	4	21	17	5	
32	1	6	8	
33	1	1	6	
34	5	10	7	15	6	9	4	2	8	2	4	
35	1	5	9	
36	1	5	6	
37	1	15	16	
38	1	10	62	
39	1	6	8	
40	1	9	4	
41	1	8	2	
42	2	4	15	17	4	
43	1	8	16	
44	1	6	25	
45	3	6	8	7	2	7	13	
46	1	6	7	
47	2	4	6	6	4	
48	1	9	21	
49	2	5	23	11	24	
50	3	8	14	8	13	8	5	
51	1	6	6	
52	4	1	7	6	7	5	23	5	8	
53	1	5	25	
54	4	7	22	17	4	6	4	2	4	
55	2	6	2	9	4	
56	2	4	25	20	8	
57	2	24	7	6	2	
58	1	4	7	
