199
200 200
14	46
28	46
29	7
34	7
10	33
23	49
20	86
19	31
23	31
3	6
26	6
21	19
4	19
9	22
3	20
21	14
5	14
21	3
4	3
21	6
5	6
25	4
9	4
8	14
9	6
2	6
11	20
8	11
4	11
63	16
7	9
3	9
9	8
2	8
7	7
3	7
8	9
4	9
8	41
11	41
10	12
4	12
21	15
7	15
73	18
23	18
11	35
12	35
10	9
4	9
21	6
7	6
5	10
16	10
6	6
15	6
42	6
28	6
10	8
7	3
9	3
7	5
9	5
6	9
15	9
20	5
22	5
7	5
21	5
10	11
7	7
9	7
5	5
16	5
20	8
22	8
7	8
21	8
5	19
16	19
21	49
7	4
9	4
26	35
31	11
13	11
4	15
3	15
10	5
9	5
10	13
10	13
15	6
27	6
10	15
9	15
7	16
8	16
10	10
5	5
12	5
31	24
7	11
6	11
5	5
12	5
10	32
5	12
5	12
5	30
16	30
4	5
3	5
4	18
6	18
17	29
7	25
5	14
14	14
4	5
3	5
6	13
7	23
8	23
5	20
5	20
4	8
3	8
5	11
14	11
4	11
6	11
26	10
19	4
25	4
19	6
25	6
12	24
22	10
35	10
6	20
5	20
15	8
22	8
21	16
19	15
16	15
8	10
4	4
15	4
4	6
15	6
15	8
22	8
22	14
35	14
8	8
19	8
19	3
16	3
37	35
11	18
3	16
7	16
17	24
18	24
13	35
14	35
6	21
5	21
8	15
4	15
57	17
3	2
7	2
11	17
10	17
8	2
4	2
69	10
9	4
2	4
17	27
11	17
7	17
9	6
2	6
80	18
37	8
21	8
13	16
14	16
18	4
19	4
21	10
11	10
7	10
18	6
19	6