4000 2000
50
977	336	5
706	463	4
725	425	11
973	297	19
894	316	23
661	398	16
757	344	2
819	309	19
899	278	13
948	261	12
733	332	20
458	485	1
817	267	23
954	221	13
577	346	25
412	446	25
477	354	1
303	500	18
445	324	18
720	186	7
923	131	23
349	346	23
457	260	3
230	499	11
306	367	13
288	387	8
318	350	3
625	173	18
595	180	20
854	123	22
470	219	12
668	149	13
802	121	21
889	100	24
226	375	25
212	392	9
170	476	16
468	163	13
372	201	6
718	103	15
482	149	14
177	343	15
211	212	14
187	210	19
161	234	19
203	172	22
194	174	10
173	194	14
161	190	14
221	113	3
