nice37.100.txt
60
100
100 25
1	1	10.449880	10.268060	
2	3	21.770180	6.924655	8.146387	8.863660	13.096700	3.609527	
3	3	21.625820	14.225390	18.043890	5.010511	13.641450	5.122431	
4	2	11.268270	8.927943	14.288670	6.533010	
5	1	13.204470	19.498630	
6	1	8.093021	7.880141	
7	1	8.383491	6.720361	
8	3	15.982080	7.709174	10.723120	10.531890	6.393075	8.668149	
9	1	7.756885	7.626933	
10	5	15.982080	11.789460	12.645420	10.274280	14.833420	6.253091	6.436173	7.231530	5.022739	9.173794	
11	4	6.222373	14.001680	5.061246	16.765580	5.022739	9.753044	4.949145	8.900119	
12	2	17.964540	9.570939	13.641450	4.522544	
13	4	11.720480	13.605150	10.449880	9.809836	18.043890	4.634464	5.003278	14.782810	
14	2	22.465980	7.071155	7.756885	7.668426	
15	2	17.358270	11.001870	6.097380	14.001680	
16	1	16.664930	11.056940	
17	3	7.929707	21.762370	17.964540	9.355899	16.022730	10.434040	
18	1	8.383491	10.031880	
19	1	8.093021	8.364134	
20	1	9.369283	7.138937	
21	2	6.393075	10.258690	6.800092	7.111063	
22	1	19.315410	11.966550	
23	2	4.819942	14.001680	3.986018	14.782810	
24	2	9.614791	18.926840	4.246075	16.765580	
25	1	8.146387	15.794650	
26	1	13.336470	5.988081	
27	5	11.624990	14.210090	9.307321	16.734730	5.811872	8.868130	6.800092	7.489637	13.096700	3.529411	
28	1	6.923879	9.070753	
29	1	12.343810	11.022440	
30	1	5.229016	11.306630	
31	1	13.336470	4.543809	
32	1	7.431989	17.595700	
33	2	5.946921	20.077900	5.811872	9.124598	
34	1	11.856620	11.966550	
35	2	11.268270	6.579642	8.587560	5.212996	
36	2	12.193510	16.901040	5.278739	14.600700	
37	1	4.949145	9.691138	
38	2	4.436630	15.295360	6.771338	6.698243	
39	1	6.874021	24.658310	
40	1	10.682330	6.231256	
41	3	5.456401	17.992730	5.229016	8.771266	8.093021	5.518090	
42	1	6.866189	11.022440	
43	1	12.645420	4.904745	
44	1	3.606675	14.001680	
45	3	4.423454	17.413590	14.288670	4.468861	12.645420	4.914169	
46	1	17.794770	5.318894	
47	1	9.207208	5.212996	
48	1	4.565842	17.413590	
49	4	17.224970	6.664796	8.383491	10.724280	10.682330	5.735294	6.161692	7.231530	
50	1	16.664930	13.601370	
51	1	12.286120	9.070753	
52	1	8.383491	6.023788	
53	1	4.646842	17.595700	
54	1	10.207430	11.001870	
55	1	6.771338	11.893010	
56	1	21.770180	6.344909	
57	1	17.224970	6.604768	
58	1	12.597870	6.978563	
59	1	14.833420	13.840100	
60	1	8.440177	14.001680	
