nice10.25.txt
15
25
100 51
1	1	22.701170	16.323230	
2	1	22.701170	18.253480	
3	1	10.769700	37.892910	
4	3	21.094170	16.841160	35.341600	9.313798	20.471780	12.642250	
5	2	29.236520	10.047590	24.259050	9.149059	
6	2	35.341600	9.540689	16.319510	19.038430	
7	2	29.116170	15.608100	21.766180	18.854490	
8	3	23.636510	16.841160	29.116170	11.922280	15.826190	18.854490	
9	2	27.377930	19.038430	29.236520	8.990838	
10	1	24.259050	8.586489	
11	1	32.568150	16.930130	
12	3	50.412060	27.530380	32.568150	17.646580	16.296340	17.968570	
13	1	20.471780	14.888130	
14	1	16.296340	19.924340	
15	1	20.471630	17.735550	
