nice25.100.txt
60
100
100 35
1	2	4.847508	12.184660	5.087393	11.398760	
2	1	15.819220	7.951039	
3	1	6.891303	16.080940	
4	1	9.402137	10.940680	
5	2	9.884349	9.705149	7.380500	11.993530	
6	2	8.474536	23.125340	7.805941	8.524439	
7	2	15.819220	9.664545	10.360040	13.492720	
8	8	6.452391	22.403540	19.266600	7.194969	6.955492	15.404970	8.503639	12.460100	9.180387	11.060600	7.178415	11.993530	4.981359	15.404970	11.162190	5.118599	
9	1	5.046825	17.643020	
10	1	8.375064	7.469973	
11	1	17.041140	7.063320	
12	4	6.514719	14.123330	13.540730	6.549517	10.506120	6.541310	13.540730	4.499723	
13	1	10.086210	11.060600	
14	2	7.312743	13.948450	11.936850	4.682635	
15	1	10.362310	14.991670	
16	2	19.020430	6.684212	6.654492	8.261440	
17	3	6.714318	17.387730	7.415883	13.637610	6.416985	9.983239	
18	1	34.620030	11.039100	
19	1	7.514364	7.281822	
20	1	5.153376	15.450010	
21	1	6.891303	9.903466	
22	1	9.413050	13.225520	
23	1	6.714318	8.596673	
24	1	6.514719	11.861080	
25	4	8.348051	13.225520	9.884349	9.157074	13.540730	4.256745	6.416985	8.878983	
26	1	11.162190	15.167900	
27	2	13.540730	7.696943	4.897433	11.398760	
28	2	8.214905	22.260980	4.867200	15.450010	
29	2	13.614300	7.452028	4.464682	17.643020	
30	1	10.486750	9.835405	
31	1	14.647530	7.122183	
32	1	5.549815	11.398760	
33	1	7.312743	14.333150	
34	1	13.540730	5.278670	
35	1	13.786090	7.076676	
36	2	10.789010	13.430490	7.118177	11.398760	
37	1	14.374920	7.676895	
38	4	34.620030	9.409477	9.755089	11.631710	5.057311	15.450010	7.514364	7.709847	
39	2	17.436260	6.144216	5.903285	11.291310	
40	2	14.558920	6.046380	4.296597	15.713470	
41	1	6.065104	18.862220	
42	1	13.786090	6.560935	
43	1	14.128710	11.398760	
44	3	5.326506	13.492720	11.936850	5.896798	7.718912	7.122183	
45	2	7.266618	7.773117	7.108298	7.773117	
46	1	7.316967	8.368821	
47	1	5.167231	15.450010	
48	1	9.660868	22.403540	
49	1	8.503639	17.294270	
50	1	14.558920	4.221068	
51	1	11.162190	5.697911	
52	1	7.805941	7.380735	
53	2	8.932625	29.754370	17.041140	6.429404	
54	1	10.366720	9.835405	
55	2	10.789010	12.553910	5.903285	10.969670	
56	3	7.475134	13.637610	9.755089	6.011314	4.554628	12.184660	
57	3	6.577429	15.713470	8.502254	8.368821	6.959803	8.261440	
58	1	8.375064	14.933560	
59	1	8.514311	6.541310	
60	2	7.805941	10.079230	4.053836	13.492720	
