nice6.200.txt
120
200
100 18
1	2	12.890070	7.913491	5.121165	6.818325	
2	2	5.399348	9.486105	4.506223	7.213408	
3	2	7.332824	4.531370	5.341287	6.112753	
4	1	5.221313	11.349990	
5	2	5.006740	9.140059	4.428525	9.190860	
6	1	6.261065	9.140059	
7	2	10.477850	3.471531	4.800176	7.491113	
8	2	4.990544	10.823620	10.477850	4.567389	
9	3	4.437895	17.435290	5.795504	10.306870	11.607170	4.436113	
10	1	4.835103	11.000410	
11	1	3.623931	9.675662	
12	1	6.617833	6.818325	
13	2	5.391931	7.670839	6.950839	5.740818	
14	1	8.615152	4.048676	
15	1	6.946473	8.191441	
16	2	5.891370	8.544414	2.701831	9.211460	
17	2	16.888410	4.368463	6.446005	6.072974	
18	3	12.883440	4.488597	4.884689	11.000410	4.819174	7.038250	
19	2	12.552550	6.333352	5.256826	10.107060	
20	2	8.430698	4.410017	4.982733	6.470446	
21	1	4.729872	7.460638	
22	1	13.498880	7.132522	
23	1	4.277912	8.099192	
24	4	4.927664	10.368040	10.477850	3.122380	5.963748	5.395850	2.795259	9.211460	
25	2	7.123333	5.045321	6.565527	3.282419	
26	1	5.213569	7.213408	
27	1	7.862552	15.829870	
28	2	7.862552	8.286377	3.449889	10.880420	
29	1	6.074859	9.646437	
30	1	8.050232	4.902761	
31	1	3.435959	10.880420	
32	1	5.056706	10.965750	
33	3	8.874346	5.877626	5.537541	7.564815	2.795534	10.368040	
34	2	4.240986	12.256640	5.209868	7.769756	
35	3	4.831164	12.706210	4.562809	7.326224	4.277912	7.626140	
36	1	5.866413	8.141835	
37	3	5.625478	9.849586	5.866413	9.089767	8.017439	5.718872	
38	1	12.552550	3.313084	
39	5	4.436451	17.435290	6.799078	7.051855	3.342526	10.880420	7.240096	4.523357	8.840721	3.557114	
40	2	15.127510	4.554837	8.018751	6.826524	
41	1	8.615152	5.758720	
42	1	16.646580	6.401642	
43	1	8.627827	6.826524	
44	1	7.372850	4.849771	
45	1	8.115971	5.430553	
46	1	8.615152	4.469817	
47	1	13.643070	10.368040	
48	3	11.203530	6.460783	4.975986	8.367686	11.202440	3.302898	
49	1	4.404165	12.304300	
50	2	3.987994	14.324870	4.476880	12.256640	
51	5	5.770526	14.755250	10.335880	5.307199	6.953903	7.769756	4.418370	10.444530	7.123333	4.808669	
52	1	9.788992	5.061535	
53	1	6.899754	3.694064	
54	2	6.848303	6.535017	3.737426	11.349990	
55	1	9.761843	5.888839	
56	2	12.782740	3.979037	7.409935	4.523357	
57	1	5.816494	7.265411	
58	1	8.984266	6.308537	
59	3	11.203530	4.132459	6.258187	6.671974	7.754664	4.849771	
60	1	7.238395	4.307762	
61	2	8.050232	6.062988	8.840721	4.726778	
62	3	4.833330	9.849586	5.866413	6.081317	4.452764	7.564815	
63	3	7.380708	5.395850	8.698268	4.531370	3.966524	7.968185	
64	1	5.505705	7.564815	
65	1	5.627644	12.706210	
66	1	7.110075	5.718872	
67	1	7.568048	10.368040	
68	1	6.252635	7.564815	
69	1	2.593638	10.368040	
70	1	4.565897	10.444530	
71	1	7.798300	4.441138	
72	1	4.743805	8.367686	
73	1	4.375233	7.769756	
74	1	10.477850	3.537542	
75	3	8.283028	13.505960	5.990372	9.791521	7.600394	4.410017	
76	1	5.783008	7.769756	
77	4	4.969818	7.457840	5.583458	6.120811	4.729872	6.864230	2.980237	10.823620	
78	2	6.454539	6.072974	7.238395	5.367900	
79	2	8.793054	5.994402	4.969818	6.538167	
80	1	12.900540	3.573462	
81	1	10.458810	7.535297	
82	2	13.344460	3.650311	12.782740	3.512076	
83	1	8.793054	5.355584	
84	1	9.020234	9.853991	
85	3	8.854527	10.306870	4.739100	7.491113	4.965459	6.681657	
86	1	8.115971	13.980270	
87	5	11.295090	8.950327	4.874197	7.968185	7.329214	4.441138	4.965459	6.393895	8.115971	3.902099	
88	3	6.045902	11.349990	11.203530	4.667627	12.890070	3.436495	
89	1	8.869327	6.671974	
90	2	5.895741	9.486105	8.176676	5.740818	
91	2	9.788992	7.523966	10.477850	2.942077	
92	4	4.210987	12.304300	4.701980	7.564815	3.116081	10.880420	9.798275	3.245271	
93	2	11.295090	4.876487	6.905306	7.892228	
94	2	6.289857	15.661980	11.202440	3.205852	
95	1	5.990372	10.222960	
96	1	7.765650	12.347170	
97	1	11.202440	4.264030	
98	1	5.249074	7.265411	
99	1	5.684347	6.120811	
100	1	3.317568	13.075550	
101	1	3.542257	9.190860	
102	1	6.269249	5.888839	
103	2	11.202440	4.563066	4.907579	6.818325	
104	1	15.385060	7.265411	
105	1	7.862552	5.974852	
106	2	5.497090	10.803020	8.984266	6.559850	
107	1	5.431910	14.755250	
108	2	11.607170	5.417877	5.341287	6.234417	
109	1	9.798275	3.289746	
110	1	5.839194	7.051855	
111	1	8.361723	6.470446	
112	1	6.317909	3.282419	
113	1	5.256826	9.907421	
114	1	4.562809	8.399109	
115	3	10.477850	4.584170	5.391931	7.590030	6.444702	3.694064	
116	1	15.112470	7.051855	
117	1	6.552531	5.307199	
118	3	13.498880	8.529457	6.992066	8.544414	4.819174	6.957757	
119	1	7.069212	11.349990	
120	3	6.905306	8.423203	6.946473	7.069428	10.477850	4.356421	
