nice23.200.txt
120
200
100 16
1	2	9.779679	4.720510	5.300271	6.517978	
2	1	6.361615	4.554003	
3	1	11.381360	4.447005	
4	1	5.832511	4.836361	
5	1	4.499678	7.668441	
6	1	9.567419	3.136437	
7	2	9.103098	7.337307	6.386456	5.759974	
8	1	3.122958	9.715799	
9	1	7.053884	4.274695	
10	2	3.839721	7.668441	8.252876	3.544559	
11	1	4.767228	10.414380	
12	1	6.089015	7.889471	
13	2	5.146495	7.720227	3.856202	8.061707	
14	2	4.194303	9.715799	7.756667	3.682297	
15	2	7.814573	5.630914	5.550441	6.060442	
16	1	5.051694	9.178198	
17	1	7.960844	9.619152	
18	1	5.586512	5.680809	
19	1	12.770900	5.690764	
20	1	5.774545	11.483000	
21	1	3.246722	9.913973	
22	1	4.778697	6.579362	
23	1	3.761037	11.774740	
24	2	9.437015	15.990760	2.982366	10.414380	
25	2	10.728940	4.506174	3.923291	8.429640	
26	1	8.537683	3.963021	
27	4	7.262811	6.958688	8.098667	5.853218	10.495740	2.873893	6.409288	4.554003	
28	1	11.652120	6.230834	
29	1	3.742606	10.881970	
30	2	9.779679	4.263202	3.789498	8.416708	
31	2	6.136813	9.178198	5.566058	9.005967	
32	1	6.065610	11.741020	
33	1	5.146495	6.773055	
34	2	7.395719	5.386949	5.586512	6.060206	
35	4	8.427624	5.498213	5.487069	7.980404	6.341554	6.618838	4.309632	9.178198	
36	3	11.683120	6.757632	8.098667	5.966907	2.808079	10.414380	
37	1	8.543745	4.115794	
38	3	8.903915	9.497087	7.756667	5.868510	7.960844	5.668093	
39	1	3.928667	13.940720	
40	1	6.453025	8.429640	
41	1	8.543745	6.170060	
42	1	8.871405	3.403349	
43	1	8.956636	4.679694	
44	1	7.756667	6.386079	
45	1	8.132730	3.645889	
46	3	13.769200	4.084243	6.220133	7.467398	11.932820	3.474736	
47	1	8.956636	5.036105	
48	1	6.217302	5.095509	
49	1	7.960844	7.103077	
50	2	7.642469	12.614890	11.963820	4.593889	
51	3	10.495740	5.789010	8.023589	7.141774	8.903915	4.031360	
52	1	5.487069	6.512878	
53	3	7.719777	12.979400	8.558725	6.643804	4.108845	10.909000	
54	1	3.630792	7.973409	
55	2	8.903915	12.771140	6.006059	6.060442	
56	1	7.007748	7.963681	
57	4	9.272623	5.870663	4.176847	11.774740	11.556500	3.972624	12.234580	3.635379	
58	2	12.234580	4.249606	10.497610	3.184307	
59	1	8.589527	5.386949	
60	1	10.495740	7.214421	
61	1	6.565881	7.668441	
62	1	5.163826	7.889471	
63	2	4.292010	12.544310	10.495740	4.441182	
64	1	11.963820	7.349852	
65	1	12.770900	15.358920	
66	5	7.618636	9.037818	8.537683	5.074798	7.531164	5.630914	7.869250	4.285466	5.754847	5.568130	
67	2	8.558725	8.156337	5.642272	9.178198	
68	1	9.437015	3.298003	
69	2	6.980392	4.274695	3.453750	8.608144	
70	1	3.716487	14.333580	
71	1	6.217302	8.845215	
72	1	5.566058	9.795056	
73	1	11.839090	7.214777	
74	1	7.269110	3.944968	
75	3	3.849499	12.376020	10.497610	3.895885	3.198445	9.424090	
76	3	4.985023	9.817311	7.719777	4.549321	3.209329	10.414380	
77	3	6.934547	12.376020	5.497551	7.645648	3.024447	9.424090	
78	1	15.985250	5.854750	
79	2	3.584648	13.940720	8.871405	4.064049	
80	1	7.756667	3.737975	
81	1	6.386456	4.654408	
82	2	10.497610	10.099140	7.869250	4.588003	
83	1	6.208972	5.568130	
84	1	5.089995	8.608144	
85	1	6.349967	7.591586	
86	1	4.794656	9.817311	
87	1	7.589071	3.907390	
88	1	7.762881	6.517978	
89	2	8.252876	8.421449	6.360024	6.373259	
90	3	14.563490	4.910940	11.556500	3.907658	4.366704	7.973409	
91	2	7.269110	6.717652	4.536389	7.158542	
92	1	6.190293	9.913973	
93	3	5.133659	10.414380	3.197829	9.424090	3.392888	8.429640	
94	2	14.034280	3.614775	3.480226	10.909000	
95	1	7.243734	7.337307	
96	1	5.819612	4.836361	
97	3	8.731514	6.373259	11.932820	3.282896	5.341580	5.498213	
98	2	6.028041	9.715799	7.262811	5.656206	
99	1	7.907722	11.774740	
100	4	10.707290	8.061707	10.728940	4.672024	4.788722	6.579362	7.269110	3.889463	
101	4	9.519181	6.517978	7.419237	7.591586	3.800790	12.376020	11.381360	3.437980	
102	2	7.007748	10.930320	10.497610	4.884117	
103	4	15.345740	11.395520	7.589071	4.858469	7.997496	4.402610	8.132730	3.495885	
104	2	4.707885	10.803540	9.441510	4.129092	
105	2	7.564079	12.972650	8.098667	6.893336	
106	4	7.719777	11.674020	7.779345	8.795748	8.250423	6.305009	3.943959	7.645648	
107	1	10.495740	4.435730	
108	1	4.460926	8.416708	
109	1	6.735597	9.424090	
110	3	7.847363	5.612338	4.184474	8.795748	4.536389	7.175036	
111	5	15.091540	6.442678	8.098667	9.751271	10.495740	3.710495	6.495715	5.870663	6.341554	5.925467	
112	1	3.850841	10.803540	
113	1	3.744234	11.483000	
114	1	7.960844	4.647265	
115	1	11.652120	3.499408	
116	1	7.920975	5.612338	
117	2	14.011570	11.241700	10.497610	3.540236	
118	1	4.507744	7.214777	
119	1	4.507817	10.881970	
120	1	7.869250	4.099179	
