nice8.100.txt
60
100
100 26
1	1	14.433710	10.267910	
2	1	7.511583	7.270599	
3	1	13.977720	4.506623	
4	1	23.353270	5.935259	
5	5	17.135150	4.360065	8.410740	7.697015	7.158175	6.483303	10.345630	4.146005	5.193521	7.957552	
6	1	3.756082	13.230060	
7	2	15.124690	11.239040	8.256763	7.506639	
8	1	7.800103	22.557720	
9	1	13.242640	10.793970	
10	1	8.955946	5.095410	
11	1	13.977720	5.359990	
12	5	20.984240	10.793970	5.970112	22.139120	8.553724	10.906850	4.485520	11.558300	4.052522	12.428190	
13	3	18.477620	11.558300	14.810050	13.558910	4.911873	8.478271	
14	1	14.433710	4.897722	
15	1	9.871950	12.581080	
16	1	7.392015	7.270599	
17	1	6.762423	6.824112	
18	2	8.643618	16.748550	6.001742	8.208320	
19	2	7.377314	11.924690	8.428038	8.266462	
20	2	8.961877	12.761890	9.805582	8.239538	
21	1	14.925240	8.266462	
22	4	8.386549	13.093080	9.871950	10.115060	5.484467	10.655940	10.345630	4.093534	
23	2	12.309660	11.558300	12.119270	10.655940	
24	1	3.836644	13.919080	
25	1	4.911873	8.270284	
26	1	8.770575	23.540030	
27	1	7.133811	7.104656	
28	3	9.829510	11.594140	10.166220	5.461562	8.386549	5.438779	
29	2	20.151210	12.421860	9.871950	16.610130	
30	3	19.644950	10.433810	5.755388	22.557720	8.030483	5.271656	
31	3	7.305641	11.594140	6.351503	10.655940	11.386350	5.271656	
32	1	11.000150	5.478396	
33	2	11.122320	6.414051	5.199864	13.230060	
34	3	13.903400	10.655940	14.827400	6.325014	7.158175	6.278588	
35	4	20.778500	5.421683	6.001742	10.117150	5.193521	10.367920	4.584992	10.655940	
36	1	5.642084	13.919080	
37	1	6.530111	6.824112	
38	1	17.135150	6.184920	
39	2	7.170838	11.558300	7.702388	6.470748	
40	2	12.828390	22.139120	13.977720	3.728286	
41	1	6.548477	13.859920	
42	1	8.553724	7.625008	
43	1	10.564520	18.531860	
44	1	19.680540	11.239040	
45	1	7.805029	18.531860	
46	1	6.056826	14.224320	
47	3	14.433710	6.973491	10.166220	8.457514	6.056826	9.315706	
48	1	7.133811	11.427200	
49	4	14.903600	17.082280	14.051890	14.201720	6.548477	11.851460	7.702388	6.291142	
50	3	9.019852	24.352880	6.570638	7.506639	6.858675	6.824112	
51	1	7.498868	12.761890	
52	1	3.324792	12.428190	
53	1	19.416840	8.287258	
54	1	11.740470	7.697015	
55	1	9.365062	9.120324	
56	1	5.462338	9.120324	
57	1	9.778357	5.478396	
58	1	7.429241	25.711380	
59	1	14.026730	10.900080	
60	1	11.122320	6.347839	
