nice46.50.txt
30
50
100 36
1	3	12.958330	15.906630	9.655838	18.951970	11.813030	8.034461	
2	1	8.438608	15.898310	
3	3	17.489110	18.359260	19.323080	8.762176	14.028970	10.086770	
4	1	12.753840	7.259803	
5	2	14.028970	24.208900	10.163730	9.404477	
6	2	5.879863	15.898310	10.163730	9.024697	
7	1	12.958330	11.686670	
8	1	12.958330	20.940450	
9	1	5.525506	18.226820	
10	1	21.708290	15.898310	
11	1	4.739858	18.951970	
12	1	11.711420	18.226820	
13	2	7.661987	19.376660	12.011860	8.762176	
14	1	7.801424	15.898310	
15	1	11.604230	29.086110	
16	1	24.486910	12.560540	
17	1	7.704549	14.238080	
18	1	14.098010	11.649850	
19	4	17.236930	21.862110	12.882680	14.887860	12.753840	8.638510	13.778080	7.926346	
20	1	17.190860	11.732190	
21	2	14.708230	14.155030	6.324419	14.238080	
22	1	12.852570	7.926346	
23	3	9.528870	19.376660	9.498187	18.359260	14.098010	7.128141	
24	4	24.486910	25.246350	35.820630	17.208680	17.878190	18.951970	12.882680	14.198250	
25	1	16.932900	10.007440	
26	2	22.840490	14.155030	14.402030	10.007440	
27	4	26.630650	9.282337	19.521910	8.034461	5.274838	18.951970	5.869253	15.898310	
28	1	17.190860	17.354990	
29	1	14.098010	21.310930	
30	1	7.027125	18.429170	
