nice45.50.txt
30
50
100 36
1	3	17.275470	11.232800	11.831610	11.771670	12.510770	10.774370	
2	1	17.275470	7.330906	
3	1	11.005180	12.521410	
4	1	12.571870	10.774370	
5	1	10.736330	13.301760	
6	1	10.654320	12.521410	
7	1	11.457490	12.499010	
8	1	9.632092	14.299050	
9	4	27.532970	7.084252	7.739738	22.066780	21.456210	7.360982	11.031450	12.499010	
10	4	34.394450	17.377380	11.033560	22.066780	14.783930	12.521410	14.137320	12.499010	
11	1	14.772240	10.774370	
12	5	18.839710	13.965080	12.387870	18.563700	27.532970	6.928403	6.734755	25.073420	11.411530	14.299050	
13	1	9.676273	20.034700	
14	3	16.562000	13.965080	15.473500	13.965080	15.463780	11.771670	
15	4	11.915560	20.034700	14.699860	13.301760	14.770690	13.176870	14.770690	11.843540	
16	2	21.591840	7.654960	14.194460	8.937487	
17	2	19.597000	11.771670	6.517971	25.073420	
18	1	13.247740	12.499010	
19	1	14.194460	9.626215	
20	1	8.759666	22.066780	
21	1	21.456210	5.940776	
22	1	27.532970	6.888847	
23	1	16.480750	17.377380	
24	1	18.811260	14.299050	
25	1	21.591840	8.858178	
26	1	13.430560	12.521410	
27	1	35.355320	25.020420	
28	2	10.903900	13.358320	10.687930	13.358320	
29	1	27.532970	6.937876	
30	1	7.017415	18.563700	
