nice9.50.txt
30
50
100 34
1	1	21.020430	7.175433	
2	1	15.828580	8.223071	
3	1	9.186448	15.130560	
4	1	9.129275	14.137070	
5	1	11.685780	18.841700	
6	4	15.124630	20.989360	15.124630	12.263870	10.390030	17.841850	5.741172	22.557990	
7	1	22.685010	10.851140	
8	5	18.896970	14.195730	11.395890	22.557990	10.660570	16.461530	10.398030	14.733720	6.645100	22.557990	
9	3	20.479020	11.851000	10.525170	20.716980	15.828580	8.416562	
10	1	8.935040	18.580720	
11	1	8.576133	22.557990	
12	1	9.075523	14.437160	
13	1	10.262630	16.461530	
14	1	12.518260	19.830550	
15	1	8.553464	29.692840	
16	1	11.988160	18.580720	
17	3	15.124630	14.495940	16.708360	9.275664	9.129275	15.555770	
18	2	10.398030	20.531190	10.088990	17.841850	
19	1	11.648810	22.557990	
20	1	6.399599	22.557990	
21	1	6.188246	22.557990	
22	3	11.944900	14.437160	6.452847	22.557990	8.946357	14.621830	
23	2	18.896970	33.553440	10.525170	14.547930	
24	3	7.919152	31.109530	10.999230	18.841700	12.518260	10.735810	
25	1	12.518260	17.182810	
26	2	8.910351	22.557990	8.946357	15.071010	
27	2	16.708360	29.859580	7.118651	22.557990	
28	2	21.020430	8.080249	9.186448	14.562280	
29	1	16.708360	8.613919	
30	1	7.909426	31.109530	
