nice1.500.txt
300
500
100 16
1	6	2.709242	10.480170	4.150296	4.988137	4.078563	4.551732	4.452795	3.971035	2.658026	4.988137	1.830155	6.305571	
2	3	4.403382	3.169309	3.710729	3.342504	2.569744	4.784948	
3	3	6.931654	2.677803	3.799961	4.690851	3.892538	3.168737	
4	2	6.338275	2.732506	2.455309	4.143620	
5	1	4.455102	9.235111	
6	2	6.613276	5.189898	3.100166	3.346277	
7	3	8.928081	5.311911	3.092129	8.899012	3.231601	5.571795	
8	1	4.084284	5.165584	
9	1	2.167732	8.657892	
10	1	3.554608	5.088938	
11	1	4.009689	4.243838	
12	1	2.226983	8.057572	
13	1	4.002462	3.126130	
14	2	3.568427	5.469933	2.306041	4.582630	
15	2	8.583950	3.895575	2.977385	5.814178	
16	1	5.395747	2.562406	
17	1	5.322882	4.265860	
18	1	2.365844	7.928908	
19	1	5.592320	5.179818	
20	1	5.071677	3.495794	
21	1	6.085396	2.531576	
22	2	5.778705	5.400822	2.692379	5.252892	
23	3	4.002462	3.083036	3.588127	3.283714	2.324624	4.816080	
24	2	10.318110	2.681613	4.458766	2.357241	
25	2	5.035395	5.645144	1.970213	6.308668	
26	3	6.107951	7.256146	3.224670	4.669930	2.417269	4.234760	
27	3	5.533906	4.234760	5.564427	3.783950	4.127850	3.675398	
28	1	3.140430	3.262783	
29	4	8.930018	5.445035	8.868640	3.795300	3.617171	4.228265	1.755043	6.534500	
30	2	5.875799	5.645144	2.323869	4.452737	
31	1	10.318110	4.588281	
32	2	4.180387	5.485843	2.674455	7.256146	
33	3	2.596306	8.738427	5.334356	3.133126	3.754953	3.262783	
34	1	4.655896	2.483506	
35	5	5.305171	7.305578	3.568427	5.717211	2.291816	5.896005	4.250691	3.082779	6.730618	1.781322	
36	1	6.342054	2.884741	
37	1	4.030167	4.292135	
38	2	4.814012	6.275314	4.499141	4.361422	
39	1	11.397500	3.332449	
40	1	4.209524	4.092459	
41	1	3.798900	5.088938	
42	1	4.765182	3.630093	
43	2	4.568314	2.719646	4.420300	2.308813	
44	3	2.446708	8.657892	3.950171	5.252892	4.718352	3.675562	
45	1	3.743284	4.878415	
46	1	2.336482	7.424651	
47	2	2.848583	5.779868	5.213573	1.969086	
48	2	3.167760	12.642040	4.613394	2.193609	
49	1	6.025323	3.755217	
50	2	4.550839	4.145308	3.549503	3.043361	
51	4	6.831750	5.165614	7.960738	2.070206	2.793645	4.285946	2.619730	4.070616	
52	1	6.812377	1.876243	
53	1	3.216291	4.411446	
54	3	2.706867	6.471465	2.111556	6.305571	5.236849	2.213974	
55	1	2.453151	9.467571	
56	5	4.317379	8.787864	6.370771	5.218192	3.444141	2.978466	2.481826	4.100260	2.409897	4.121787	
57	1	3.220550	5.393868	
58	1	3.677686	4.739374	
59	2	2.928296	6.572836	3.637447	3.078147	
60	2	5.236849	3.300657	2.450959	7.041027	
61	4	4.050414	9.574574	2.814892	6.406465	3.901136	4.551732	3.893611	3.168737	
62	1	4.383538	4.019543	
63	2	4.294523	3.582775	3.397289	4.145308	
64	1	7.227587	3.176189	
65	3	4.545339	3.893935	3.617171	3.493363	6.085396	1.633181	
66	1	5.706333	3.261212	
67	1	3.697645	9.834822	
68	1	3.842957	4.976629	
69	1	8.119853	4.466494	
70	1	4.725556	6.036390	
71	1	4.161652	4.734164	
72	1	2.287901	4.467451	
73	3	5.395747	4.358053	3.936153	2.858282	4.613394	2.164354	
74	1	4.458766	2.306826	
75	2	3.917759	12.579100	1.699840	6.032432	
76	1	5.236849	2.085974	
77	1	4.329976	3.168001	
78	3	8.240548	2.374517	2.941295	5.785919	2.608245	5.297451	
79	1	2.553448	8.997871	
80	1	4.150519	4.827852	
81	1	8.658062	4.070616	
82	1	5.051975	4.248170	
83	1	3.710729	2.838332	
84	1	3.878314	4.988137	
85	1	5.551126	3.755241	
86	1	2.419611	7.424651	
87	1	3.102137	6.037871	
88	2	2.335361	8.057572	3.283696	3.414037	
89	3	5.121686	6.472295	4.999355	4.382253	3.710729	2.819509	
90	1	1.877640	6.032432	
91	1	3.637447	4.468808	
92	1	2.370199	7.928908	
93	1	2.690808	5.220766	
94	1	1.627830	6.363507	
95	1	2.033515	6.534500	
96	1	6.813729	3.399278	
97	1	2.343594	4.748222	
98	2	3.062907	6.471465	4.568314	3.050621	
99	1	1.987518	5.645144	
100	1	2.358948	9.326124	
101	1	2.397145	9.326124	
102	1	2.791605	6.176513	
103	2	2.453861	4.642060	6.085396	1.688264	
104	5	10.760210	3.927989	3.862402	6.271691	5.100677	3.713574	3.861194	3.675562	4.084284	2.891988	
105	3	3.577480	7.301918	3.345566	3.927989	6.813729	1.792216	
106	1	6.920430	4.690851	
107	5	11.267290	3.429145	5.648955	5.420871	2.114384	7.044081	3.102744	4.690851	2.506779	5.602191	
108	5	4.462240	7.195442	3.842957	4.858192	5.369045	2.198517	5.236849	2.063845	2.914509	3.675398	
109	3	3.862402	8.470706	3.788559	8.110548	4.349205	2.308813	
110	1	2.965925	8.920012	
111	1	4.452795	3.448266	
112	4	5.338326	3.069511	3.069960	4.361422	6.085396	1.979722	2.933194	3.414818	
113	2	2.326113	4.988137	1.888890	5.785919	
114	4	9.633463	2.920451	3.496435	5.106433	4.888677	3.593135	5.236849	2.212353	
115	1	2.977385	6.082454	
116	1	1.952233	5.252892	
117	1	3.196620	6.421669	
118	2	3.549503	5.102300	2.973821	4.437793	
119	1	4.452795	3.832578	
120	1	2.138374	8.110802	
121	1	7.960738	2.679571	
122	1	6.254060	3.026508	
123	1	2.453861	5.118246	
124	2	3.452395	3.273812	3.448226	2.998422	
125	3	4.772808	3.832257	5.213573	2.626107	1.825873	7.195442	
126	2	2.249981	8.057572	2.116110	5.779868	
127	1	4.913124	5.088938	
128	1	6.812377	1.956014	
129	1	4.960640	5.260962	
130	1	6.338275	2.854599	
131	1	5.071677	5.504551	
132	1	3.612816	2.843675	
133	1	4.926274	3.801918	
134	1	3.662513	3.050492	
135	1	6.134797	5.612721	
136	1	4.415892	5.779868	
137	1	5.697310	2.858282	
138	1	3.483428	2.998422	
139	2	2.473055	5.896005	2.146906	6.363507	
140	2	8.468059	4.053202	6.613276	2.776536	
141	2	2.182654	8.323767	5.706333	2.629373	
142	1	5.068041	3.069511	
143	4	9.135109	4.912211	5.944540	3.414037	3.870933	4.104136	2.726008	4.121787	
144	2	3.553447	8.250612	3.698893	3.178612	
145	2	7.960738	4.864537	6.252604	3.713574	
146	2	6.700788	1.886615	3.487513	2.978466	
147	1	5.495549	5.575551	
148	1	6.898277	3.793238	
149	3	7.978899	6.514524	7.438649	3.436766	2.176185	4.878415	
150	2	1.965756	7.817251	2.569744	4.361620	
151	1	4.753435	5.165614	
152	1	2.324624	4.419031	
153	3	6.635508	4.165026	4.581488	4.248170	6.074671	3.026819	
154	1	6.813729	2.250413	
155	2	5.615338	3.085379	3.588127	3.508753	
156	1	3.868398	3.844722	
157	2	3.718184	8.564182	2.589745	4.589890	
158	3	8.371835	4.234760	6.322214	3.037737	4.458766	3.900115	
159	2	6.254060	3.881988	5.369045	3.202305	
160	1	2.354210	4.709906	
161	1	2.117311	5.297451	
162	1	8.769505	2.894872	
163	1	7.979699	5.928442	
164	1	6.085396	6.165507	
165	1	1.802247	5.587964	
166	1	4.250691	4.592426	
167	2	6.090949	8.145661	2.940268	4.101503	
168	1	5.395747	3.592276	
169	1	3.422726	3.262783	
170	1	3.923375	5.088938	
171	2	4.009689	4.646201	6.085396	2.840079	
172	1	6.922194	4.582630	
173	1	4.050414	6.211434	
174	2	4.764872	2.702229	1.933025	5.242231	
175	4	3.225602	6.792466	2.315948	9.235111	4.120857	5.039192	5.295970	2.783400	
176	2	4.736044	7.106623	1.655287	6.308668	
177	1	3.677686	2.732292	
178	1	2.343594	4.249649	
179	1	9.339461	3.893935	
180	1	4.343983	6.421669	
181	1	2.809031	4.411446	
182	1	2.900812	6.406465	
183	1	2.368282	4.361422	
184	4	9.380586	5.134311	5.236849	5.062885	7.791878	2.243947	6.613276	2.319908	
185	2	5.778956	5.242231	1.933830	5.252892	
186	3	6.004600	5.575551	4.426923	4.157650	2.323869	4.285690	
187	1	6.085396	3.903295	
188	1	3.003244	6.172631	
189	1	4.594593	2.194259	
190	1	3.102137	5.018221	
191	1	7.601860	4.466494	
192	1	3.677686	2.712084	
193	2	10.660130	4.669930	2.824620	8.920012	
194	1	9.685045	3.801918	
195	2	4.356245	4.457023	5.651952	3.085379	
196	2	5.226997	4.285946	2.600775	4.467451	
197	3	3.445515	6.923575	4.426923	3.988011	6.730618	1.800867	
198	2	2.377661	9.146568	4.814012	2.356577	
199	1	2.877624	8.920012	
200	2	5.014252	5.039192	4.317379	3.810100	
201	3	3.067484	6.305571	4.255246	4.357963	1.868950	7.305578	
202	2	5.334356	7.823723	2.214104	4.709906	
203	2	3.863498	3.257962	2.197168	5.401224	
204	1	8.398612	2.120391	
205	1	5.395747	3.414042	
206	1	3.870933	4.540980	
207	2	2.112318	8.110802	4.452795	3.393168	
208	1	5.199875	6.305571	
209	1	4.497731	4.361422	
210	3	12.898710	3.352727	3.662513	5.193343	7.791878	2.060071	
211	2	5.334356	4.829159	4.002462	4.192396	
212	1	4.013422	6.472295	
213	1	3.452395	7.206361	
214	4	2.173591	8.323767	4.002462	4.243485	4.064313	2.884741	2.637514	4.101503	
215	2	5.135905	10.998810	3.788261	3.753555	
216	4	4.940653	8.890038	6.237272	5.220766	3.353713	5.757321	3.570251	3.844722	
217	1	3.496435	5.077317	
218	1	13.514720	3.785135	
219	1	2.012264	5.252892	
220	1	5.781315	3.037737	
221	2	3.382767	3.169309	1.614066	6.305571	
222	1	7.181889	8.230959	
223	2	2.650666	7.546955	3.698893	2.683833	
224	4	7.808478	4.148243	3.854493	5.080278	5.295970	3.393113	2.709067	4.019543	
225	3	6.813729	4.806989	4.814012	2.424201	4.572339	2.483506	
226	1	4.030167	4.446292	
227	2	4.481741	3.543695	5.551126	2.167903	
228	1	2.947315	6.176513	
229	1	4.258535	4.092459	
230	1	6.085396	2.186754	
231	1	4.888677	3.320584	
232	2	10.995310	5.437335	4.718121	4.827852	
233	2	6.730618	4.648769	3.880580	5.203686	
234	2	4.601110	4.878415	2.004367	7.600967	
235	2	2.284259	8.092882	3.220550	3.170314	
236	1	4.213150	15.035530	
237	1	3.068156	3.257962	
238	2	2.928296	3.907337	2.322678	4.285946	
239	2	3.748422	8.057572	4.246432	3.976812	
240	1	2.330181	8.092882	
241	1	7.042358	3.606090	
242	1	6.338275	3.182183	
243	1	5.706333	2.340374	
244	1	2.244898	8.145661	
245	2	4.246432	3.730728	4.003617	3.753555	
246	1	5.564427	3.323107	
247	1	1.921481	5.242231	
248	1	9.095674	5.507286	
249	2	2.508966	4.019543	2.433368	4.143620	
250	1	3.178780	3.176189	
251	1	4.765182	3.651395	
252	1	3.698893	6.034188	
253	1	3.056182	5.088938	
254	2	6.931654	5.576675	6.968755	3.441716	
255	2	2.517626	7.721628	5.423774	3.194921	
256	2	3.353713	6.139311	2.933194	5.484194	
257	1	6.028858	3.026819	
258	2	6.780647	4.265860	4.999355	4.615618	
259	1	4.180387	2.571729	
260	1	3.553447	5.676163	
261	4	6.103361	8.920012	4.107682	8.145661	2.404291	8.145661	6.700788	1.696160	
262	2	6.898277	2.570270	3.635857	4.101503	
263	2	6.947815	3.168001	2.325524	8.057572	
264	2	4.843810	4.169280	2.633017	5.401224	
265	1	4.627732	2.843675	
266	2	7.913235	4.148243	3.514112	4.943007	
267	2	2.383052	8.057572	2.472757	6.471465	
268	1	3.006054	8.920012	
269	1	4.594593	2.793878	
270	1	2.494254	9.467571	
271	2	1.823254	5.587964	1.894237	5.252892	
272	1	7.786150	2.277569	
273	1	6.968755	1.761970	
274	3	7.786150	3.982348	2.962449	6.363507	2.370895	4.589890	
275	1	5.078807	3.632154	
276	2	3.231601	5.484298	4.814047	2.775707	
277	2	5.428943	3.543695	3.745625	4.878415	
278	1	5.851193	5.420871	
279	2	2.074826	7.600967	3.100166	3.694750	
280	1	13.514720	5.134878	
281	2	4.841940	7.107058	4.764872	3.185913	
282	1	5.929508	3.194921	
283	1	2.698245	3.675562	
284	4	7.028034	4.437793	2.919084	8.563866	3.514112	5.537167	4.011995	4.604261	
285	1	4.086208	4.169280	
286	4	7.151637	4.100260	4.387998	4.595193	2.712460	6.172631	4.814047	2.404111	
287	2	2.905220	6.471465	1.964809	7.044081	
288	2	3.445515	5.718462	2.623513	4.604261	
289	4	8.374882	4.145308	4.764872	6.829993	4.356245	3.969985	2.056807	4.878415	
290	1	2.971927	4.437793	
291	1	3.063098	3.543695	
292	1	4.224786	11.333840	
293	1	8.583950	2.280938	
294	1	3.662513	4.720335	
295	1	6.813729	2.375954	
296	1	8.868640	3.769660	
297	1	2.506779	4.158115	
298	2	2.280676	7.817251	3.854493	3.483588	
299	1	3.319805	3.632154	
300	3	6.181668	4.734164	5.135905	4.490558	3.870933	3.251515	
