nice31.50.txt
30
50
100 42
1	1	12.546560	11.778840	
2	1	11.825200	9.430809	
3	2	7.970008	14.230310	16.467930	6.739863	
4	2	13.989240	15.050980	8.491248	13.431550	
5	1	17.180170	18.113960	
6	1	18.095090	9.746727	
7	1	11.413650	18.969940	
8	2	14.841830	9.430809	13.446280	8.511813	
9	1	8.268079	15.050980	
10	3	8.972380	21.327810	26.394590	7.141676	12.546560	9.092168	
11	1	6.155954	21.327810	
12	1	8.491248	13.276080	
13	1	14.760840	14.230310	
14	1	29.999860	7.680973	
15	1	7.722348	20.871010	
16	5	16.627720	30.584350	15.128330	20.329800	10.651860	19.708230	17.180170	9.906916	12.873060	8.695670	
17	1	16.627720	11.073260	
18	3	11.748230	20.050340	10.199100	13.810260	11.072670	10.622560	
19	1	8.610732	14.230310	
20	2	13.446280	14.729250	17.180170	10.170180	
21	2	11.413650	22.687680	8.688920	13.083650	
22	3	32.239270	13.494340	10.509090	20.050340	14.144180	9.746727	
23	2	16.401250	19.263970	11.072670	10.248450	
24	1	10.467250	23.241070	
25	1	29.999860	11.583000	
26	2	10.651860	21.949380	20.006520	7.359504	
27	4	10.570510	20.442140	8.688920	13.623980	13.521530	8.695670	16.467930	7.070395	
28	1	20.006520	8.477842	
29	1	10.570510	21.215480	
30	1	18.427760	41.657620	
