nice35.50.txt
30
50
100 41
1	1	19.508770	7.134380	
2	1	9.826428	15.936850	
3	1	15.506960	10.721160	
4	1	24.685730	10.551700	
5	6	16.269400	26.493250	8.078731	29.195740	11.767440	17.427670	12.179680	13.237390	12.358320	11.601970	15.506960	8.441605	
6	1	11.007860	18.343430	
7	1	18.675870	6.306778	
8	1	9.098157	21.711150	
9	3	21.438610	13.572350	18.081940	13.237390	11.007860	12.524790	
10	1	24.685730	9.942051	
11	2	8.550166	29.195740	10.410610	21.711150	
12	3	24.549430	6.608885	9.264317	14.274080	15.506960	7.451780	
13	2	28.560050	28.039140	8.849437	15.936850	
14	1	12.336650	19.249500	
15	2	7.934551	27.901880	9.448238	14.056850	
16	1	8.059885	30.868230	
17	1	13.319700	10.806650	
18	2	10.648710	11.863740	11.366030	10.806650	
19	1	12.327410	11.601970	
20	1	9.264317	14.784410	
21	1	10.648710	17.194740	
22	2	15.506960	8.686716	8.823011	13.572350	
23	3	40.298550	12.034150	18.675870	8.044256	8.647020	15.469120	
24	3	8.280032	26.493250	12.336650	11.618720	15.506960	7.601109	
25	1	8.694345	27.901880	
26	1	24.549430	6.567816	
27	1	11.585760	30.287880	
28	1	8.647020	13.589370	
29	3	12.781990	17.427670	10.060530	14.056850	8.894159	15.115630	
30	1	8.894159	15.752600	
