nice15.50.txt
30
50
100 36
1	2	15.838090	13.701830	22.217560	6.311871	
2	1	11.236390	17.063080	
3	1	16.051120	22.021600	
4	1	15.243100	7.876022	
5	1	19.917920	11.457050	
6	1	8.545657	9.024551	
7	3	12.127920	18.734140	19.252490	10.160670	21.998590	7.239287	
8	1	9.620763	15.982900	
9	2	22.217560	13.529730	16.051120	13.445020	
10	2	15.046910	9.024551	15.243100	6.142410	
11	1	9.942967	35.638580	
12	1	18.276960	14.018430	
13	1	5.646538	18.403540	
14	1	5.898177	21.936750	
15	5	15.700150	14.876370	11.529540	18.190940	25.066010	6.618296	13.396720	11.457050	4.497376	17.796550	
16	3	11.003020	28.894810	9.620763	19.483710	4.481164	17.796550	
17	1	9.722066	9.024551	
18	1	10.158240	14.985020	
19	1	5.589849	18.403540	
20	1	9.269011	35.466610	
21	1	13.507340	9.493362	
22	2	16.997890	14.154580	9.939917	21.936750	
23	1	15.292370	14.865700	
24	2	23.280980	14.865700	22.217560	6.408384	
25	1	22.217560	9.388592	
26	2	13.428030	35.638580	11.529540	17.275670	
27	3	16.284100	14.876370	13.440530	14.985020	21.998590	7.637086	
28	1	20.462790	14.018430	
29	2	8.978540	17.670060	9.715874	14.985020	
30	4	15.761640	28.894810	13.507340	11.279510	7.124572	18.734140	8.068117	14.154580	
