nice26.50.txt
30
50
100 40
1	2	11.832970	15.353400	11.017980	11.076890	
2	2	9.079472	26.340630	7.284688	26.340630	
3	2	12.625380	15.353400	13.007120	10.458760	
4	1	19.963340	7.184725	
5	1	7.472198	14.889700	
6	1	28.992890	14.359780	
7	4	14.847210	15.272400	13.438470	15.353400	13.602670	13.770280	15.145290	7.601946	
8	2	10.503010	26.340630	9.135286	13.801100	
9	3	8.704857	23.380070	16.935380	8.187716	13.391530	8.187716	
10	2	7.075776	26.340630	9.458914	11.063440	
11	2	39.268840	11.980850	6.797894	26.340630	
12	2	19.963340	8.574120	9.939282	15.789660	
13	2	9.349252	13.770280	7.472198	13.937330	
14	3	16.622360	23.380070	14.309240	20.719360	10.275940	14.359780	
15	1	10.531410	26.340630	
16	1	11.017980	9.642467	
17	1	13.572480	15.789660	
18	1	8.756602	13.770280	
19	1	7.375011	28.827030	
20	1	8.660825	15.353400	
21	1	9.458914	15.277190	
22	1	12.250440	13.770280	
23	1	13.007120	18.287260	
24	2	26.197990	15.758840	27.444640	6.933660	
25	3	20.811750	9.379735	9.581398	13.801100	9.747597	12.765140	
26	1	27.444640	6.867440	
27	2	16.259100	9.379735	9.879706	13.770280	
28	1	37.070850	19.366290	
29	2	9.747597	15.980890	15.181620	7.601946	
30	1	13.267920	15.353400	
