nice12.200.txt
120
200
100 23
1	1	7.059383	5.909545	
2	4	7.477035	9.474191	9.623718	6.861563	8.705794	6.070876	4.044909	11.241320	
3	1	7.688973	3.512548	
4	1	6.354291	7.978850	
5	2	4.940498	5.308002	5.931944	4.350441	
6	3	5.639180	6.070876	6.230907	5.474030	8.643538	2.950619	
7	1	3.879867	6.861563	
8	1	7.523385	4.244786	
9	1	6.312914	4.424600	
10	1	15.343020	4.811000	
11	1	2.902704	9.419323	
12	1	7.688973	5.837429	
13	1	7.709144	14.652900	
14	3	9.594378	4.369769	8.054801	3.574222	7.417297	3.630264	
15	2	8.054801	5.953258	3.435922	13.567260	
16	1	8.246208	7.272477	
17	2	4.629571	7.704427	9.932415	2.884658	
18	2	8.553185	9.533216	3.384318	12.423220	
19	1	12.819210	7.928019	
20	1	3.636603	11.241320	
21	1	11.308300	3.368316	
22	1	4.690173	6.931880	
23	1	4.179579	7.333315	
24	1	7.431748	5.909545	
25	1	8.010834	22.014720	
26	1	12.998590	3.670417	
27	1	9.156570	5.874067	
28	1	10.616800	6.161687	
29	1	6.354291	6.674050	
30	1	7.180470	11.643090	
31	1	6.888474	5.215056	
32	1	4.413017	9.199652	
33	1	3.504967	11.241320	
34	1	13.428220	5.948328	
35	4	8.553185	4.831082	3.297552	10.665260	7.230661	4.074732	7.417297	3.581198	
36	2	12.931380	7.941603	9.619030	7.179473	
37	1	14.514170	11.409640	
38	1	5.888374	6.109571	
39	1	8.209718	20.105180	
40	1	4.694365	10.512260	
41	2	7.015064	6.328200	4.701263	7.228305	
42	3	8.054801	9.836450	4.636753	9.362569	6.374078	6.267439	
43	3	6.888474	9.508897	8.918333	4.695285	5.254513	5.506075	
44	5	10.275770	14.602360	7.754697	5.618031	3.416295	12.423220	7.107948	5.874067	3.238560	11.409640	
45	1	4.726020	6.920165	
46	2	2.799002	9.768750	6.888474	3.785276	
47	1	13.936060	4.806878	
48	1	5.765346	4.727127	
49	3	5.106050	19.533740	6.413161	6.328200	4.701095	5.714893	
50	1	11.308300	2.921078	
51	1	4.700447	17.650730	
52	1	4.726020	9.177031	
53	5	5.902383	10.608990	5.074354	11.429620	5.245834	9.532981	4.765785	9.819757	3.279453	12.423220	
54	6	12.819210	9.874556	9.045724	9.474191	14.344970	5.572217	12.998590	3.809447	3.392983	12.540530	3.613672	11.643090	
55	2	19.155460	6.660758	4.179579	9.104063	
56	2	4.349778	7.588641	8.918333	2.980073	
57	1	4.736497	8.635433	
58	1	3.491471	8.967490	
59	1	5.077393	5.474030	
60	1	4.690173	5.989568	
61	1	6.793996	7.333511	
62	1	7.880593	13.354550	
63	2	9.594378	4.317349	5.748888	5.618031	
64	1	3.423519	12.423220	
65	2	4.982277	9.362569	2.913788	11.559970	
66	2	19.213410	6.360365	9.932415	3.570105	
67	1	6.772623	4.408617	
68	2	6.013512	7.825216	6.374078	4.973884	
69	1	5.562531	12.921450	
70	3	4.736497	9.015297	6.312914	6.184387	5.888374	5.296163	
71	3	11.970850	5.699447	10.616800	4.890667	8.163715	5.545507	
72	2	3.372629	11.409640	4.629571	5.862835	
73	2	8.065494	10.178910	3.095286	10.665260	
74	2	8.325399	11.643090	4.701095	8.938007	
75	1	11.970850	8.953454	
76	3	10.616800	3.977684	4.186208	8.350634	4.701263	5.693143	
77	3	5.238050	7.984154	6.013512	6.827684	4.211442	6.166918	
78	1	13.715920	7.888627	
79	1	7.001050	10.352390	
80	1	3.154003	8.967490	
81	1	4.211442	6.373612	
82	3	5.554172	9.764985	6.137516	7.305078	4.694365	7.652213	
83	2	4.200519	16.437380	3.694385	8.350634	
84	1	6.681699	7.305078	
85	1	4.743086	17.650730	
86	1	2.755170	9.768750	
87	2	7.107055	4.115020	6.223571	4.244786	
88	2	6.224087	7.941603	6.888474	5.236944	
89	2	3.624466	11.241320	8.246208	3.968845	
90	1	8.553185	5.169436	
91	1	8.062750	4.079852	
92	2	8.209718	6.308939	10.616800	3.979962	
93	2	8.596705	5.887306	6.694646	3.950086	
94	1	5.181361	9.199652	
95	1	3.530815	7.588641	
96	1	2.980447	11.429620	
97	1	7.052310	3.950086	
98	4	7.298754	8.644281	7.925723	7.211462	3.040930	11.559970	9.619030	3.539913	
99	1	7.029711	9.419323	
100	3	6.793996	4.076131	2.688221	10.180320	8.643538	2.936687	
101	1	14.491130	6.366983	
102	2	8.775422	5.308002	7.688973	4.404875	
103	4	10.616800	6.899937	8.918333	4.865172	8.209718	4.379441	7.621527	4.079852	
104	2	9.619030	8.756848	4.373196	9.532981	
105	2	10.616800	3.383886	3.201540	10.665260	
106	1	11.668060	6.440292	
107	1	7.298754	4.804160	
108	2	6.864497	11.559970	3.285207	10.352390	
109	1	6.730962	4.408617	
110	1	6.326922	11.405730	
111	1	5.772346	5.545507	
112	1	8.380097	12.856450	
113	3	4.828592	9.819757	5.931944	7.412982	7.738239	4.727127	
114	3	8.577221	4.115020	7.298754	4.202289	2.549829	10.180320	
115	1	6.645474	7.129704	
116	2	7.688973	10.319430	3.697036	10.352390	
117	2	7.688973	5.219535	5.418137	5.716766	
118	1	7.545350	6.440292	
119	1	7.580456	5.716766	
120	2	8.112358	4.074732	5.254513	6.137018	
