nice18.200.txt
120
200
100 23
1	2	11.940990	4.830356	5.553406	8.360049	
2	1	9.909410	5.552329	
3	3	6.278497	7.784527	7.246310	5.248652	10.746370	3.301487	
4	4	9.909410	4.143092	11.945650	3.420561	5.693701	6.022184	5.475450	5.273857	
5	3	4.697883	9.333613	3.566281	11.320260	5.227277	7.194375	
6	1	6.321461	11.245490	
7	3	8.602463	7.535783	7.290535	8.228981	6.374572	6.550117	
8	1	10.378800	6.550149	
9	1	10.310240	6.222069	
10	1	4.501000	8.469709	
11	1	7.127193	8.785292	
12	2	4.016119	15.014270	6.965933	5.145244	
13	1	6.305546	16.107050	
14	1	13.339570	4.962823	
15	2	3.446548	13.460840	8.098630	3.173180	
16	1	7.310685	5.248652	
17	3	6.351506	7.530678	3.341034	8.771868	3.815138	6.022184	
18	3	12.910140	11.174070	9.711446	10.510030	13.080030	3.272461	
19	1	5.730778	11.996050	
20	1	9.961266	6.143941	
21	1	8.048016	7.273032	
22	1	6.245976	9.992361	
23	1	14.556990	4.856033	
24	1	9.231210	4.448233	
25	1	4.611401	8.414365	
26	1	9.909410	5.118980	
27	2	11.593950	5.186096	8.047278	6.859909	
28	4	5.139818	13.481520	3.728441	12.388740	12.096170	3.105073	3.178656	8.771868	
29	3	5.336710	12.388740	7.519214	5.831552	6.535501	5.273857	
30	4	8.048016	8.834021	5.405091	8.759485	11.945650	3.238144	6.798889	5.237605	
31	2	7.926140	9.000652	7.270133	6.960581	
32	1	4.605288	12.388740	
33	2	4.210362	15.014270	11.677960	5.178613	
34	1	4.806805	12.714400	
35	1	5.158927	7.459332	
36	1	5.728155	10.411860	
37	1	4.986083	7.124474	
38	1	7.777509	6.557186	
39	1	6.705456	6.550117	
40	2	4.491158	8.336237	8.124105	4.555419	
41	3	4.608861	12.714400	12.096170	4.597853	8.197013	4.399133	
42	1	4.774610	7.633631	
43	1	5.730778	10.355540	
44	1	7.926140	9.185619	
45	1	5.908187	7.025664	
46	1	9.711446	4.361576	
47	1	4.786837	7.459332	
48	2	10.859790	5.325017	3.862663	11.320260	
49	1	7.918889	6.052778	
50	3	11.343720	6.007466	11.945650	5.609823	10.378800	5.241348	
51	4	4.594589	14.558310	10.746370	4.234296	5.227277	7.298707	3.103953	12.108190	
52	1	6.298565	8.229538	
53	2	6.961191	8.223232	10.626450	3.742065	
54	3	11.945650	4.804674	13.080030	3.287206	9.231210	2.574167	
55	1	9.231210	3.909779	
56	3	11.199750	5.695197	5.262312	8.414365	4.543305	9.144656	
57	3	9.231210	6.943557	8.197013	4.934480	5.154267	7.530678	
58	1	11.593950	9.272527	
59	1	10.859790	5.348192	
60	3	4.678100	11.320260	5.405091	8.911589	6.041223	6.706930	
61	1	6.278497	6.708555	
62	1	14.556990	4.713850	
63	1	8.912987	6.288532	
64	1	6.003317	11.320260	
65	1	6.810048	8.223232	
66	1	9.909410	5.693284	
67	2	5.620215	9.992361	6.025817	5.896617	
68	4	7.082468	9.333613	5.819084	8.336237	7.270133	5.398653	3.042838	12.108190	
69	1	7.127193	6.102382	
70	1	11.025970	3.880526	
71	1	7.357296	9.516888	
72	1	4.168093	15.014270	
73	1	3.460217	13.460840	
74	1	4.612264	11.320260	
75	1	7.591062	5.145244	
76	1	7.290535	7.878070	
77	1	4.986083	7.289987	
78	1	4.448527	8.256761	
79	2	9.711446	5.676223	10.378800	4.315555	
80	1	7.670875	5.178613	
81	1	6.535897	9.205019	
82	1	4.869131	8.346917	
83	1	5.057129	7.459332	
84	2	6.670880	6.088596	3.126232	12.388740	
85	2	11.593950	5.272632	6.040543	8.360049	
86	1	5.115686	12.714400	
87	1	6.519691	5.642593	
88	1	12.010950	5.900215	
89	2	4.954116	12.388740	13.339570	4.314485	
90	1	11.025970	4.533839	
91	2	10.938420	6.143941	3.545534	12.714400	
92	3	4.398004	10.309520	5.838500	4.619249	5.215466	4.555419	
93	2	6.025817	6.492121	7.241528	4.619249	
94	3	7.357296	5.497384	3.972942	9.144656	8.098630	3.936063	
95	4	6.972349	5.237605	3.528136	10.309520	5.940244	5.994359	4.297082	5.006328	
96	1	9.231210	6.611878	
97	1	10.626450	3.960861	
98	2	6.146791	10.243410	6.535897	8.466055	
99	1	7.351246	4.622562	
100	1	6.178115	5.831552	
101	1	8.876967	4.327285	
102	1	12.161760	4.542862	
103	2	5.262919	8.256761	4.579885	5.006328	
104	2	6.772713	8.469709	5.919820	6.557186	
105	2	6.298565	7.877514	5.443106	4.133131	
106	3	4.596059	12.359230	12.161760	4.601794	5.302495	6.706930	
107	1	4.152330	14.558310	
108	1	6.638106	6.052778	
109	1	6.000744	5.994359	
110	1	5.644008	6.288532	
111	1	3.323023	7.025664	
112	4	11.945650	5.278394	5.471593	10.411860	10.859790	4.341063	4.936836	7.633631	
113	1	7.127193	5.620011	
114	1	22.722630	6.169544	
115	1	5.728783	4.622562	
116	2	16.401170	4.136252	3.636345	13.832730	
117	3	8.302535	7.109242	3.702087	13.832730	5.339624	9.333613	
118	3	11.030890	6.022184	9.231210	4.924942	4.602833	6.088596	
119	2	9.272865	11.174070	8.047278	5.528829	
120	4	4.932120	13.481520	6.724817	8.346917	5.536835	7.459332	9.113889	4.133131	
