nice31.200.txt
120
200
100 21
1	2	9.043899	9.532207	7.062011	5.951637	
2	1	10.199100	3.469978	
3	2	4.281821	11.171300	7.670299	5.713967	
4	5	17.397120	5.652639	11.252880	5.816679	2.895703	10.845360	6.301741	3.510721	3.617010	5.926578	
5	1	4.638358	13.164400	
6	1	8.688920	13.083650	
7	3	7.970008	10.281720	5.255315	5.030110	8.460954	2.534893	
8	2	5.749370	6.682353	2.778191	10.588630	
9	3	5.185722	11.251010	3.078277	11.678050	9.598581	2.649329	
10	1	14.279830	7.680973	
11	1	5.930575	4.182754	
12	1	5.360101	4.290788	
13	2	7.955418	7.680973	13.521530	4.324520	
14	1	5.749370	11.431610	
15	1	4.609109	4.616446	
16	1	4.436201	15.050980	
17	1	5.696036	5.010631	
18	1	8.166766	7.363417	
19	1	10.570510	3.955472	
20	1	5.131073	4.245399	
21	1	10.651860	5.425412	
22	1	2.884445	7.359504	
23	2	5.458867	20.442140	4.744111	9.986090	
24	2	5.475449	12.969220	4.056794	7.359504	
25	1	10.651860	7.889239	
26	1	10.509090	8.930394	
27	1	7.858831	9.746727	
28	1	12.546560	9.092168	
29	1	5.466137	11.251010	
30	1	11.270180	4.245399	
31	1	4.421082	14.230310	
32	1	10.199100	6.660586	
33	1	2.381282	9.430809	
34	1	4.189650	14.230310	
35	1	5.192901	6.319578	
36	2	10.227090	3.861397	10.199100	3.679695	
37	4	16.627720	4.170698	8.460954	7.022800	10.118160	4.169306	4.234225	9.715075	
38	1	17.397120	5.930361	
39	2	11.748230	9.335696	7.357350	9.532207	
40	1	8.166766	12.412690	
41	2	7.062011	4.218539	6.532892	3.868094	
42	3	8.460954	7.557553	8.491248	6.871028	5.523803	4.425979	
43	3	13.521530	4.371150	5.312957	10.615700	5.523803	3.955328	
44	1	6.052189	5.010631	
45	6	10.246960	8.511813	9.230882	6.902563	10.118160	6.000870	5.446817	10.622560	12.546560	3.854838	5.255315	4.400699	
46	1	4.408894	9.085841	
47	2	6.060968	11.044420	3.077677	11.678050	
48	2	5.893459	14.230310	8.491248	6.405050	
49	3	9.041641	7.165406	4.458484	14.230310	3.961391	8.457219	
50	1	8.460954	8.367183	
51	1	3.190990	10.845360	
52	1	4.811415	7.359504	
53	1	8.460954	5.101925	
54	2	10.261380	5.486368	3.140232	7.490942	
55	1	8.166766	10.808250	
56	1	7.670299	9.036918	
57	1	5.533666	10.248450	
58	3	14.841830	4.335009	7.722348	5.314989	4.744111	8.127874	
59	2	5.889844	7.310587	6.139864	5.486368	
60	1	9.439842	6.739863	
61	1	12.873060	8.695670	
62	1	11.252880	3.311831	
63	3	5.380841	7.313332	9.598581	3.675249	2.745513	9.649763	
64	2	8.253861	7.359504	6.686687	8.893771	
65	1	5.095062	12.969220	
66	1	5.312957	4.113552	
67	1	8.076763	7.141676	
68	2	6.690469	8.457219	4.479730	7.141676	
69	3	6.044883	11.643260	9.238705	4.897217	5.930575	6.574012	
70	1	7.722348	3.066908	
71	2	4.326489	5.569307	4.408894	5.144467	
72	3	3.831877	15.050980	10.209830	3.963092	5.253176	6.756889	
73	1	7.729829	9.746727	
74	3	12.546560	4.634855	7.409840	5.656423	5.255913	6.929722	
75	4	4.536674	10.756770	3.695575	7.560034	7.722348	2.774039	5.210185	4.020923	
76	1	9.598581	7.169762	
77	1	5.889844	11.659350	
78	1	6.086693	9.484441	
79	1	7.670299	5.002321	
80	1	5.376621	14.887480	
81	1	5.617984	4.616446	
82	1	5.380841	5.351207	
83	3	10.166190	7.070395	5.192901	5.263422	2.734179	8.477842	
84	1	4.188604	9.430809	
85	3	5.111644	20.442140	12.546560	3.289149	4.823784	5.009699	
86	2	7.028092	6.739863	7.425067	5.095800	
87	2	4.326489	8.054670	5.210410	4.290788	
88	1	6.349144	9.746727	
89	1	6.532892	5.941823	
90	1	18.427760	7.927272	
91	1	4.854922	13.494340	
92	1	5.539004	10.248450	
93	1	4.690559	11.171300	
94	1	3.006170	7.753237	
95	1	3.403303	7.560034	
96	1	5.625853	10.622560	
97	1	3.522929	13.431550	
98	3	10.651860	8.634733	5.211760	7.753237	7.941463	4.897217	
99	1	5.352679	11.044420	
100	6	6.414352	9.746727	12.356380	5.009699	4.139764	14.729250	7.396838	6.902563	3.887118	9.746727	3.488122	9.715075	
101	1	6.890357	15.050980	
102	1	3.958647	7.490942	
103	2	10.467250	2.687496	3.260138	7.141676	
104	3	6.686687	9.220193	7.764608	7.680973	4.362431	13.623980	
105	1	11.252880	4.365831	
106	2	4.509351	8.477842	3.410440	9.649763	
107	1	5.257064	4.020923	
108	1	8.972380	10.156520	
109	2	11.748230	5.704015	3.993562	14.729250	
110	1	2.535891	8.477842	
111	2	10.467250	5.775883	10.209830	3.790145	
112	3	6.915547	7.141676	5.368763	6.299182	3.792830	5.926578	
113	2	4.968319	8.988669	5.376621	4.865723	
114	2	5.368763	5.344073	6.532892	3.684424	
115	2	2.745611	10.588630	6.301741	3.559674	
116	4	4.403284	13.164400	7.416760	5.095800	3.662415	7.141676	5.253176	4.363060	
117	1	18.427760	6.223900	
118	1	5.255913	4.190227	
119	3	5.380841	7.088668	3.199322	8.511813	4.968319	4.442879	
120	1	7.970008	3.948586	
