nice10.100.txt
60
100
100 26
1	1	8.060076	7.759220	
2	2	12.293320	8.118263	5.522540	14.625930	
3	3	23.636510	6.386079	14.886370	7.315654	6.900710	11.922280	
4	2	25.596990	9.304554	15.242920	4.659752	
5	1	11.830170	9.149059	
6	4	15.369790	7.848879	12.428870	9.149059	4.714334	17.735550	8.974154	9.045457	
7	3	10.476330	10.455080	4.994179	19.038430	9.322607	7.759220	
8	1	5.426574	17.735550	
9	1	17.129760	8.990838	
10	1	16.296340	6.867122	
11	1	11.233460	9.730700	
12	2	4.783749	19.115840	7.337960	9.540689	
13	1	11.475790	8.522778	
14	3	9.573433	17.646580	11.311390	7.383675	7.896557	9.091505	
15	5	12.631960	7.639997	5.008122	19.038430	5.149003	17.646580	9.428608	9.313798	12.293320	4.786182	
16	1	9.907181	10.047590	
17	4	20.471780	6.751716	10.670080	9.313798	10.069210	9.597917	7.224558	13.057220	
18	1	6.063866	18.777070	
19	6	21.766180	18.854490	7.322184	17.968570	8.264491	11.360570	9.844685	6.558586	12.372710	4.807681	11.833940	4.985961	
20	1	10.381520	11.922280	
21	1	14.292400	6.558586	
22	1	5.972211	10.047590	
23	1	11.294440	8.586489	
24	1	12.964610	8.586489	
25	1	8.011903	14.625930	
26	1	11.391990	7.298663	
27	1	4.573639	14.625930	
28	1	12.372710	4.760386	
29	1	14.886370	7.310277	
30	1	8.859605	9.762981	
31	3	8.974154	8.923118	11.311390	6.030103	6.791154	9.540689	
32	3	11.833940	6.936316	4.649121	17.646580	7.929629	9.091505	
33	2	11.311390	5.624650	9.071779	6.584053	
34	1	6.966581	9.762981	
35	1	6.025616	14.625930	
36	2	9.159496	7.673780	5.999628	10.455080	
37	1	11.733480	7.759220	
38	1	10.838330	7.214348	
39	1	13.357130	10.047590	
40	3	11.467710	9.730700	13.746370	7.848879	9.071779	6.473164	
41	3	13.981650	6.775380	11.391990	7.327268	7.160551	10.455080	
42	2	6.971156	16.930130	9.633452	7.214348	
43	2	4.705838	18.777070	15.242920	4.654046	
44	1	21.094170	7.273095	
45	2	12.631960	8.683236	11.225380	8.522778	
46	1	12.799480	6.345860	
47	1	8.721462	9.568067	
48	1	20.471780	5.890532	
49	1	9.642748	9.540689	
50	1	5.722022	19.038430	
51	1	11.312280	7.673780	
52	2	5.455879	17.735550	13.981650	6.129066	
53	2	25.596990	7.625574	8.397237	19.038430	
54	2	12.106760	8.990838	4.874846	17.735550	
55	1	10.069210	6.725316	
56	1	5.985955	19.115840	
57	1	8.264491	7.677852	
58	1	11.337610	6.345860	
59	1	11.569740	9.540689	
60	1	13.196590	17.646580	
