nice1.50.txt
30
50
100 47
1	1	9.712276	13.334350	
2	1	19.246190	6.514524	
3	1	8.949194	13.926780	
4	1	14.105770	21.417320	
5	1	12.973780	16.750770	
6	1	16.056550	8.057572	
7	3	9.112337	16.750770	14.611320	9.020110	15.269320	8.057572	
8	1	14.435110	9.614314	
9	1	9.135109	31.948490	
10	2	19.618840	19.611160	9.633463	12.579100	
11	2	10.150520	14.742400	7.791021	14.645050	
12	3	21.481580	8.997871	16.890760	9.614314	12.103530	10.330420	
13	2	19.246190	22.903100	21.776250	10.480170	
14	1	13.635460	22.149520	
15	1	8.949194	15.035530	
16	1	20.658380	19.478040	
17	1	21.338630	9.020110	
18	1	9.633463	19.369390	
19	2	25.323280	8.614737	9.095674	14.742400	
20	1	46.531270	17.065670	
21	3	8.950342	28.962310	10.096550	19.611160	9.712276	18.614140	
22	2	6.813729	21.417320	11.147750	11.056090	
23	3	13.635460	16.939690	16.323010	13.258480	12.103530	12.597960	
24	1	18.376710	11.896630	
25	3	13.823140	10.996420	11.147750	11.872290	11.500150	10.996420	
26	1	17.607340	11.896630	
27	2	6.085396	22.928380	10.547210	11.896630	
28	4	16.323010	16.256490	13.483080	16.750770	6.613276	22.928380	8.531988	14.645050	
29	2	12.604040	10.480170	12.898710	8.997871	
30	1	10.406370	21.417320	
