nice23.25.txt
15
25
100 41
1	1	29.925520	25.603680	
2	3	18.594410	28.464730	29.996820	11.241700	15.091540	20.283330	
3	1	15.345740	19.674860	
4	2	40.077660	25.603680	15.345740	17.026430	
5	2	29.996820	12.972650	31.869360	9.715799	
6	1	15.551490	18.894000	
7	1	31.869360	9.178198	
8	2	17.156790	26.299590	25.287120	13.940720	
9	3	25.287120	19.664210	11.652120	26.307620	15.345740	18.801020	
10	1	25.287120	11.483000	
11	1	18.594410	27.037590	
12	3	17.156790	29.202730	11.963820	26.307620	25.287120	10.414380	
13	1	23.615940	14.642620	
14	1	22.582330	18.894000	
15	2	23.615940	14.552080	14.905280	20.283330	
