nice17.50.txt
30
50
100 46
1	1	16.911630	9.492408	
2	1	5.472007	21.132460	
3	1	18.213750	17.886600	
4	1	13.296690	8.492700	
5	1	18.109950	6.270628	
6	3	18.849250	9.314312	20.496380	7.083715	11.463440	9.033038	
7	3	23.235300	8.812667	14.702210	11.813830	9.205293	10.851260	
8	1	23.235300	5.814029	
9	1	20.496380	9.371712	
10	2	18.265880	11.688620	20.496380	9.215614	
11	2	19.935550	34.570100	10.320840	17.995940	
12	2	20.496380	9.905008	6.494884	24.858490	
13	2	18.849250	7.460035	11.463440	10.426160	
14	1	23.088440	10.737260	
15	1	16.911630	14.197600	
16	1	9.247160	18.463680	
17	4	8.457157	24.858490	9.247160	18.354000	23.235300	5.810530	18.109950	6.078801	
18	1	16.911630	13.127670	
19	2	45.358060	11.805750	10.320840	18.821740	
20	1	11.625000	17.627900	
21	1	11.625000	15.726860	
22	2	20.496380	8.006289	18.265880	6.197987	
23	2	20.496380	11.121950	13.296690	10.360560	
24	2	10.523680	16.715620	10.730260	10.851260	
25	1	23.088440	10.612260	
26	1	26.508810	16.774350	
27	1	9.693347	16.715620	
28	3	12.637950	21.132460	13.296690	14.628630	11.463440	13.895560	
29	1	15.369130	16.715620	
30	4	8.283259	24.858490	16.704430	11.813830	19.935550	9.282927	9.771907	16.715620	
