nice27.25.txt
15
25
100 73
1	2	9.874168	37.822520	22.671780	10.787970	
2	1	38.992010	11.461210	
3	1	9.560538	32.043010	
4	2	20.682060	15.007730	22.866220	10.641160	
5	2	10.107760	37.822520	22.866220	9.653905	
6	2	38.992010	15.838290	36.266010	10.843850	
7	2	36.266010	9.518572	13.399790	20.295060	
8	1	21.080280	72.700500	
9	1	26.705470	22.577350	
10	1	26.705470	9.465666	
11	4	26.337220	17.519420	22.671780	18.864750	9.569339	34.877980	26.337220	9.780082	
12	1	22.671780	18.812600	
13	1	13.988710	27.299500	
14	2	22.671780	13.619150	22.671780	10.616030	
15	2	10.412590	34.877980	20.682060	12.291770	
