nice23.50.txt
30
50
100 32
1	1	8.903915	12.771140	
2	1	7.262811	12.614890	
3	1	23.615940	14.642620	
4	1	15.433330	12.972650	
5	4	15.345740	18.801020	16.156320	16.565860	7.719777	29.202730	15.985250	11.241700	
6	4	11.652120	14.566600	7.756667	19.674860	10.495740	13.935240	7.007748	18.894000	
7	1	7.642469	12.614890	
8	3	9.437015	29.202730	14.563490	12.972650	13.769200	7.591586	
9	3	31.869360	9.178198	14.502480	10.414380	16.156320	9.037818	
10	2	11.963820	16.145600	11.963820	10.162020	
11	2	22.582330	18.894000	23.615940	14.552080	
12	2	8.543745	18.894000	14.905280	7.668441	
13	2	8.903915	13.528450	15.768340	5.870663	
14	1	7.960844	27.037590	
15	4	14.011570	11.241700	7.589071	19.674860	11.652120	11.741020	10.784640	10.414380	
16	1	9.518779	11.483000	
17	3	25.287120	19.664210	16.809150	25.603680	8.252876	14.333580	
18	1	11.556500	13.940720	
19	1	15.091540	7.467398	
20	1	8.098667	28.464730	
21	1	13.730620	13.940720	
22	1	10.495740	14.529500	
23	1	18.107640	9.715799	
24	1	10.633560	27.037590	
25	1	15.345740	17.026430	
26	1	13.769200	18.012100	
27	1	8.252876	11.966010	
28	1	15.768340	5.612338	
29	2	15.091540	12.815940	13.761720	9.715799	
30	1	23.268510	25.603680	
