nice14.25.txt
15
25
100 54
1	2	19.884830	12.079050	11.806010	13.976670	
2	2	36.429630	23.668550	29.997280	14.799280	
3	1	28.691540	15.750350	
4	2	41.997790	13.976670	25.248780	11.844810	
5	1	8.244498	27.847730	
6	1	13.811880	13.048450	
7	1	16.274260	9.947125	
8	1	25.248780	10.181370	
9	1	53.803800	13.871060	
10	2	10.095710	26.457530	8.758801	26.457530	
11	3	22.336700	45.694730	28.389920	23.668550	28.691540	10.707180	
12	1	19.685940	12.079050	
13	2	25.479500	26.457530	12.843750	45.694730	
14	3	16.642720	26.457530	23.296510	9.947125	16.185400	13.048450	
15	2	10.331730	26.457530	7.954423	27.847730	
