nice25.200.txt
120
200
100 20
1	3	7.733341	7.063320	6.155827	5.896798	8.266003	4.221068	
2	2	8.348051	6.660530	4.145200	9.903466	
3	3	4.365992	14.991670	11.162190	3.813903	3.782973	6.564992	
4	6	9.180387	11.060600	8.932625	7.276788	7.514364	7.281822	7.415883	6.159771	4.108761	8.524439	2.910815	10.732890	
5	1	13.540730	4.256745	
6	1	3.697180	8.524439	
7	1	10.486750	9.835405	
8	1	7.415883	7.477839	
9	1	9.660868	12.319050	
10	1	7.436723	5.278670	
11	1	8.932625	6.357799	
12	1	4.867200	6.495984	
13	1	8.169362	6.324563	
14	3	11.162190	5.697911	4.053836	13.492720	6.065104	3.987222	
15	1	4.464682	17.643020	
16	2	8.932625	4.416061	5.779656	5.053720	
17	2	13.540730	7.696943	6.452391	13.107430	
18	1	4.565079	6.564992	
19	2	4.710171	7.215820	8.503639	3.731817	
20	1	6.714318	17.387730	
21	1	5.034162	7.076676	
22	1	4.897433	11.398760	
23	1	5.772175	6.191383	
24	1	5.326506	13.492720	
25	1	6.577429	4.980581	
26	2	7.108298	7.773117	6.202327	5.074196	
27	2	6.654492	8.261440	3.583379	11.398760	
28	1	8.866940	3.551368	
29	2	3.994531	9.301962	8.474536	4.362777	
30	3	15.819220	4.998806	10.086210	5.640180	7.684168	6.549517	
31	3	9.413050	8.068595	9.355989	4.115001	4.014907	7.380735	
32	2	8.786946	4.665739	4.296597	8.849443	
33	5	5.087393	11.398760	3.826664	14.933560	13.614300	3.742280	8.502254	4.287329	5.057311	7.077941	
34	1	13.540730	4.499723	
35	3	8.214905	8.268975	5.057311	8.372070	4.554628	6.781629	
36	1	17.041140	6.429404	
37	1	7.032276	4.665739	
38	1	8.474536	2.806217	
39	1	5.046825	5.352612	
40	3	3.666614	10.732890	9.586425	3.626531	6.480028	3.832482	
41	2	7.894888	3.832482	9.680171	2.718356	
42	3	4.548400	14.933560	6.959803	8.261440	5.721641	8.728286	
43	3	15.358460	5.286812	9.755089	5.913626	7.632809	4.122665	
44	1	3.504734	13.992000	
45	2	11.944040	4.671820	9.755089	5.718080	
46	3	14.558920	6.046380	5.903285	5.623495	5.365566	5.950110	
47	2	6.416985	8.878983	8.503639	2.827905	
48	1	7.475134	13.637610	
49	2	7.178415	11.993530	4.554628	5.403031	
50	2	14.990580	11.039100	9.737722	6.560935	
51	2	6.955492	15.404970	19.629450	4.955172	
52	3	5.996316	14.991670	9.413050	5.156927	8.503639	5.164403	
53	2	9.660868	10.084490	5.781024	5.896798	
54	1	4.847508	5.842311	
55	1	9.680171	4.476613	
56	1	3.791034	7.380735	
57	1	5.779656	8.439005	
58	1	4.867200	8.954029	
59	3	4.509109	9.301962	5.903285	5.346177	6.386013	3.709749	
60	3	5.016838	13.430490	9.307800	3.459804	6.065250	4.682635	
61	2	9.755089	6.011314	7.718912	3.416267	
62	2	7.391172	6.144216	3.313263	9.983239	
63	3	6.669832	7.122183	5.423447	6.342492	9.355989	2.569211	
64	1	6.514719	14.123330	
65	1	7.266618	7.773117	
66	1	8.514311	6.541310	
67	1	3.372767	9.409477	
68	1	10.086210	5.420420	
69	1	7.117280	3.844413	
70	1	9.586425	3.568438	
71	1	5.959349	6.324563	
72	1	10.366720	9.835405	
73	1	5.153376	15.450010	
74	1	7.257636	3.844413	
75	1	6.065104	5.058057	
76	1	4.296597	6.864025	
77	1	9.664438	6.684212	
78	2	5.772175	7.239109	6.952282	3.854288	
79	1	4.847508	6.342349	
80	3	5.577645	11.703730	3.670597	8.091315	5.871600	4.682635	
81	2	8.474536	11.962720	5.903285	11.291310	
82	1	8.375064	7.469973	
83	1	3.636759	9.705149	
84	1	4.710171	6.776184	
85	1	5.856565	6.549517	
86	1	6.452391	9.296108	
87	1	3.354980	11.703730	
88	1	7.228282	3.709749	
89	1	4.580389	13.492720	
90	1	9.884349	3.195434	
91	1	19.629450	6.083929	
92	1	9.307800	3.603516	
93	1	6.952282	4.096752	
94	1	3.534798	11.398760	
95	1	10.506120	6.541310	
96	1	7.926384	5.074196	
97	2	11.944040	4.737658	5.046825	7.112620	
98	5	5.549815	6.565369	5.365566	6.603804	6.104010	5.278670	5.279427	5.961640	3.103722	9.983239	
99	1	3.416299	10.079230	
100	1	7.514364	7.709847	
101	1	7.977694	7.122183	
102	5	7.380500	11.993530	5.167231	15.450010	5.724367	7.126634	4.048365	6.560935	2.583363	9.705149	
103	1	8.751926	7.076676	
104	1	6.891303	7.989625	
105	1	4.389641	10.079230	
106	3	7.718912	3.705916	4.604922	5.961640	2.781998	8.728286	
107	2	4.981359	15.404970	11.162190	5.118599	
108	2	11.162190	4.227359	3.664227	9.705149	
109	2	6.065104	9.816943	3.220706	8.091315	
110	2	8.474536	3.993619	7.316967	4.617810	
111	2	7.312743	13.948450	7.725652	4.122665	
112	1	6.514719	11.861080	
113	1	3.944760	9.409477	
114	2	2.746103	9.903466	5.046825	5.177789	
115	3	10.045090	6.144216	6.714318	8.596673	7.316967	3.751011	
116	2	7.312743	14.333150	5.423447	6.211422	
117	1	8.866940	4.399672	
118	3	9.402137	10.940680	5.437825	7.126634	8.502254	4.081492	
119	1	5.549815	4.833390	
120	1	6.292912	4.221068	
