nice50.100.txt
60
100
100 30
1	1	12.360480	9.478358	
2	1	13.102350	8.375032	
3	1	8.935446	13.869520	
4	1	9.787376	9.301371	
5	1	14.216390	5.358022	
6	1	13.102350	6.869051	
7	2	6.994672	9.266596	14.351030	4.501557	
8	1	5.479596	15.244080	
9	1	13.545450	8.973472	
10	1	14.216390	5.230098	
11	3	29.660470	15.244080	14.216390	5.724139	7.483337	9.032795	
12	2	13.545450	5.091285	7.112759	9.301371	
13	3	5.184865	17.650410	4.936775	14.858280	7.483337	9.273624	
14	1	12.849300	8.733745	
15	1	6.994672	10.349000	
16	1	10.693250	6.456613	
17	2	8.440625	14.858280	13.024010	5.876142	
18	1	13.024010	6.851617	
19	1	6.163847	11.651340	
20	1	10.732140	7.703091	
21	1	24.295030	11.744720	
22	3	5.343463	15.288150	8.173187	9.293432	6.968566	10.818460	
23	2	6.289292	13.401600	9.519031	7.400127	
24	2	13.545450	5.673552	14.351030	4.748772	
25	3	6.968566	12.577600	9.574734	9.005049	9.666001	7.092395	
26	4	9.502273	13.728640	14.216390	5.562915	7.342903	9.005049	10.693250	6.051978	
27	4	13.073520	9.715305	9.128572	10.683170	8.173187	11.876310	9.020902	7.400127	
28	1	18.539930	5.661702	
29	1	14.216390	5.914056	
30	1	10.732140	10.656080	
31	2	6.126940	18.306420	11.170140	5.845955	
32	2	14.216390	7.414310	7.287568	11.651340	
33	1	9.007571	15.288150	
34	1	22.442000	5.966852	
35	1	11.271860	5.845955	
36	1	6.155755	13.869520	
37	3	5.492232	16.019500	9.286401	9.301371	11.077240	7.270377	
38	3	6.734716	13.401600	8.270941	9.005049	8.096527	8.720056	
39	1	5.508386	17.650410	
40	2	10.732140	11.162950	8.353333	10.154440	
41	1	18.539930	6.669773	
42	1	12.473210	9.715305	
43	1	11.077240	6.592524	
44	1	10.843610	11.651340	
45	1	12.360480	9.825263	
46	1	14.351030	8.263765	
47	1	8.027617	9.301371	
48	5	11.449860	10.154440	13.024010	8.848639	12.939730	6.300913	15.091200	4.956420	5.002736	14.858280	
49	1	9.251565	10.683170	
50	2	11.077240	11.025650	5.402790	15.244080	
51	4	10.732140	11.385920	11.460400	10.154440	12.939730	7.427727	8.096527	10.895540	
52	5	15.091200	20.650420	14.351030	8.105806	12.360480	9.339866	12.697430	8.733745	14.216390	5.704510	
53	1	5.372260	21.169740	
54	1	12.360480	5.298285	
55	1	15.880730	7.092395	
56	1	13.024010	5.930049	
57	3	18.539930	5.809844	5.820771	18.306420	5.585008	16.019500	
58	1	10.693250	10.749050	
59	1	12.360480	6.966278	
60	1	9.025578	9.005049	
