nice2.100.txt
60
100
100 21
1	1	18.910860	14.135800	
2	1	16.404970	9.755272	
3	1	6.443490	20.640850	
4	3	9.960582	12.947060	13.102250	5.061411	10.021950	6.522788	
5	1	7.893644	12.024660	
6	3	15.758560	7.249833	7.120039	14.256110	12.269390	6.205717	
7	3	15.308820	6.341043	14.350590	6.572933	8.138102	7.080210	
8	1	6.097811	14.256110	
9	4	15.308820	8.835066	6.860163	18.962870	12.269390	6.773763	9.960582	7.248553	
10	1	7.872416	9.586155	
11	1	9.891537	14.199010	
12	1	13.179610	14.256110	
13	1	8.138102	7.645337	
14	3	11.039990	12.979480	6.053934	14.352470	11.626090	7.330624	
15	2	16.786200	6.916512	5.491717	14.352470	
16	1	9.094330	12.857460	
17	3	10.418060	10.869140	13.741870	6.885965	12.069310	4.193867	
18	1	7.880746	13.120220	
19	3	16.404970	4.970274	5.248507	15.176110	8.456574	6.916512	
20	1	13.608590	9.025190	
21	3	9.151882	8.259596	8.675775	6.364645	6.818211	7.484222	
22	1	10.059790	14.199010	
23	1	13.734030	5.223997	
24	2	9.696987	9.159885	9.960582	6.873946	
25	1	9.427398	10.574990	
26	1	8.614410	13.408360	
27	1	8.675775	7.991443	
28	2	8.655120	13.120220	13.468460	6.984668	
29	2	15.130740	8.697929	10.845720	7.000448	
30	4	8.556919	14.256110	7.993108	15.112430	10.845720	7.255666	3.929466	14.135800	
31	2	5.734889	11.804760	4.681297	14.135800	
32	1	10.344050	8.697929	
33	1	8.256000	8.697929	
34	4	9.427398	10.124240	8.264641	7.330624	8.675775	5.885068	10.021950	4.994319	
35	1	7.893644	12.910530	
36	3	13.608590	11.817760	9.094330	13.733350	12.069310	4.269034	
37	4	13.734030	10.647570	13.734030	7.977048	12.315780	6.885965	5.734889	8.894473	
38	1	12.891320	10.869140	
39	2	16.535870	10.728400	8.614410	12.232040	
40	1	14.685610	6.193902	
41	1	19.890730	17.604560	
42	1	16.090890	8.259596	
43	1	10.021950	14.123290	
44	1	6.748427	18.962870	
45	1	19.951330	7.633581	
46	1	6.790380	7.484222	
47	1	14.315910	7.133927	
48	1	19.951330	5.326914	
49	1	10.120560	7.245172	
50	4	9.830766	7.245172	8.675775	6.828405	5.477694	10.209930	9.906689	5.294575	
51	2	10.044640	12.885360	13.468460	5.677670	
52	1	11.545650	12.238340	
53	1	7.872416	11.054690	
54	1	14.350590	8.152615	
55	1	9.906689	7.590789	
56	1	12.069310	9.394914	
57	1	14.685610	8.531645	
58	2	10.299090	7.249833	13.102250	4.098475	
59	2	10.931550	9.159885	5.477694	10.489300	
60	1	5.475357	15.112430	
