nice5.100.txt
60
100
100 35
1	2	15.139290	6.186677	9.004595	5.781801	
2	1	7.914891	12.225110	
3	4	11.480890	23.229490	8.508966	20.836200	15.139290	5.213970	8.697508	5.781801	
4	1	14.587190	8.891986	
5	2	13.336520	20.836200	5.447776	19.982830	
6	1	7.257457	15.337810	
7	1	14.672350	18.062890	
8	1	13.539460	8.938293	
9	1	8.004962	7.785937	
10	1	7.324855	12.294940	
11	2	10.365660	4.749000	7.889632	6.019196	
12	1	7.150248	23.229490	
13	1	9.376666	8.537323	
14	2	10.365660	5.954181	4.453095	12.113720	
15	2	17.280840	5.899158	7.352096	10.167530	
16	1	22.396740	13.989670	
17	1	14.672350	8.127935	
18	1	6.915186	10.703180	
19	2	5.960926	21.011660	7.608488	6.005812	
20	2	13.539460	11.039550	16.504520	8.758963	
21	1	21.090460	14.179260	
22	1	9.338100	10.083860	
23	3	12.861050	9.552405	11.459390	9.933998	12.737080	4.311083	
24	3	6.011619	8.052419	7.530797	6.005812	7.889632	5.682703	
25	1	11.608360	10.754910	
26	3	6.142597	18.531800	12.207090	8.275044	4.461343	10.203070	
27	2	8.974535	11.058810	9.339857	5.829688	
28	2	17.702100	6.518277	8.357730	9.552405	
29	2	7.352096	9.810307	6.472989	8.051909	
30	2	14.672350	8.954596	5.484387	17.604310	
31	2	17.280840	4.733947	6.011619	11.930410	
32	4	8.188889	29.286710	15.319210	9.012889	15.152120	5.713439	5.177966	12.113720	
33	1	4.119506	11.701900	
34	1	10.674100	6.048140	
35	2	8.974535	6.545508	3.836542	11.701900	
36	5	18.979970	10.851670	6.246165	12.218930	8.957198	7.604736	5.465765	9.591642	10.674100	4.442232	
37	3	17.280840	7.950421	9.933554	8.098307	7.307859	9.426229	
38	1	11.722640	10.490370	
39	2	8.004962	6.720685	5.771242	9.012889	
40	1	7.283406	12.294940	
41	1	15.139290	5.004518	
42	3	7.883525	11.527600	10.022770	7.604736	5.295679	8.537323	
43	1	6.246165	8.792735	
44	1	7.257457	7.073170	
45	1	6.886330	12.300080	
46	2	5.039827	12.300080	4.407483	10.203070	
47	1	9.640114	5.829688	
48	2	9.338100	19.202840	7.914891	8.611089	
49	2	9.631062	17.803110	7.364486	9.426229	
50	3	14.587190	8.712329	8.868826	9.774771	12.737080	4.447879	
51	1	5.465765	8.940155	
52	1	8.358392	9.552405	
53	1	7.962154	11.527600	
54	1	9.046417	8.098307	
55	1	4.848562	12.300080	
56	1	5.235217	8.758963	
57	1	10.975010	4.945181	
58	1	23.104190	8.051909	
59	1	34.476820	8.820444	
60	2	10.975010	9.561441	15.152120	6.581501	
