nice28.50.txt
30
50
100 36
1	3	22.155240	7.019670	10.296620	13.822030	5.785974	15.627650	
2	1	19.462610	31.119880	
3	1	12.697230	13.092300	
4	1	12.855360	10.442700	
5	1	22.155240	10.010120	
6	1	19.462610	8.302602	
7	1	10.690390	17.029790	
8	1	13.817690	8.938987	
9	1	18.969030	9.240722	
10	2	18.969030	14.351980	10.149160	17.029790	
11	1	9.913652	32.512950	
12	1	27.538090	10.754290	
13	1	27.538090	7.715485	
14	3	9.055382	32.512950	16.969760	10.383270	9.165991	14.632040	
15	5	11.159920	18.469780	9.796800	16.837320	14.206300	10.709830	13.817690	9.530791	14.315750	8.107008	
16	3	16.669820	35.866440	25.552590	8.327509	15.253340	7.543032	
17	3	27.928780	7.990669	12.855360	16.729360	9.165991	10.445900	
18	1	13.722470	10.709830	
19	1	10.296620	11.255910	
20	1	21.655820	10.350120	
21	1	16.669820	6.051754	
22	4	27.928780	22.065270	16.969760	14.558730	12.134920	18.469780	18.969030	8.394776	
23	2	21.655820	6.679675	8.923645	15.215940	
24	2	16.669820	7.366292	6.889461	15.627650	
25	1	12.697230	14.079760	
26	2	15.253340	8.084620	7.746180	15.215940	
27	2	9.542583	26.823800	7.427173	26.823800	
28	1	16.969760	12.734630	
29	1	9.796800	18.662250	
30	1	13.613020	8.107008	
