nice24.200.txt
120
200
100 19
1	1	7.031522	7.741498	
2	1	9.613635	5.586479	
3	2	5.640849	8.037092	8.014824	5.115592	
4	2	3.503214	12.970550	4.067256	9.640665	
5	1	13.798890	4.108279	
6	3	6.880299	8.721089	10.515910	4.028831	6.243954	6.451183	
7	2	14.804220	4.562004	8.699074	3.673862	
8	1	3.602651	13.028440	
9	2	13.798890	4.186728	12.816830	3.942014	
10	1	8.047050	7.429875	
11	1	9.045672	7.158329	
12	4	13.678410	4.429048	12.469700	4.611393	3.798303	12.062590	9.796212	3.251300	
13	1	7.609411	6.908468	
14	4	9.104745	5.909892	10.281860	5.100238	4.077382	12.597110	7.916806	5.666431	
15	3	9.796212	6.389365	8.933173	5.903885	4.268831	10.545400	
16	4	6.717666	10.549450	3.332247	12.970550	10.226140	4.171460	11.711650	3.360081	
17	1	6.330577	7.764141	
18	1	5.948927	7.040082	
19	2	9.135941	5.267390	7.636585	4.164469	
20	1	7.269197	6.736334	
21	1	3.116865	10.545400	
22	1	10.279790	4.042906	
23	1	9.976804	5.941014	
24	3	6.897661	7.021425	10.279790	3.887267	4.438951	8.781048	
25	4	7.971172	7.680034	5.086993	7.354568	4.555832	7.762511	2.978305	11.577360	
26	1	7.819943	5.049202	
27	1	8.033983	7.591857	
28	3	14.804220	4.206979	8.047050	7.615881	9.752874	4.755649	
29	2	7.386155	6.731520	10.515910	4.566399	
30	2	15.539580	4.211770	12.816830	3.216244	
31	1	3.556622	12.970550	
32	1	10.317660	4.720176	
33	2	5.069167	8.222726	5.075468	7.818966	
34	1	10.024490	6.731520	
35	1	8.014824	11.496520	
36	1	7.819943	4.718184	
37	2	12.469700	4.527465	6.589416	6.558538	
38	1	4.560891	11.145610	
39	1	6.332186	6.702628	
40	4	5.896894	10.893220	13.601420	3.580474	7.609411	5.154122	4.438951	8.812080	
41	1	11.470210	4.279297	
42	3	8.815640	6.941357	6.601665	6.986473	10.307120	4.351848	
43	2	7.355086	6.744946	4.217667	9.640665	
44	1	11.963670	18.325500	
45	2	9.039313	5.941014	8.047050	4.839694	
46	1	3.252343	12.970550	
47	2	7.819943	6.830005	6.887415	5.666431	
48	1	5.075468	11.328810	
49	1	15.539580	4.083238	
50	1	5.939581	6.295195	
51	2	7.125185	6.878681	3.586886	12.062590	
52	2	11.963670	5.117698	7.819943	4.663002	
53	2	10.173810	5.903885	3.481831	12.970550	
54	5	12.469700	5.589113	5.720543	9.866495	7.725402	6.736334	5.946656	7.360703	6.090407	5.234429	
55	1	6.836829	13.073160	
56	4	6.123487	8.603014	9.135941	5.278014	5.428917	7.634603	10.307120	3.869040	
57	1	5.428917	7.512891	
58	4	8.734256	5.100238	10.317660	3.830569	2.961276	11.577360	7.725677	4.228554	
59	1	10.291350	3.829865	
60	2	4.183633	16.493520	6.087093	6.488283	
61	3	10.918270	8.025343	10.307120	3.782402	7.725677	4.492536	
62	3	8.736329	7.930172	5.237953	8.222726	8.699074	3.686840	
63	1	6.475862	6.702628	
64	1	4.102637	7.894730	
65	1	5.553371	7.591857	
66	3	13.601420	4.444869	6.350611	7.741498	6.068147	6.451183	
67	1	4.513695	12.597110	
68	2	5.404144	10.242260	9.752874	3.971444	
69	3	8.331034	8.550744	9.008357	4.830751	6.330577	5.309018	
70	1	5.675825	6.451183	
71	2	11.963670	4.255315	7.852682	4.925842	
72	1	9.218612	6.564106	
73	1	7.636585	4.343322	
74	1	9.263243	4.217099	
75	1	17.770330	5.378689	
76	1	4.182980	7.591857	
77	1	4.981689	10.242260	
78	1	9.493352	5.586479	
79	1	6.773577	5.255348	
80	1	6.123487	7.890501	
81	1	7.819943	4.769793	
82	2	11.927830	5.903004	7.819943	4.271017	
83	1	4.030186	11.145610	
84	1	7.220583	9.640665	
85	1	9.888375	6.564106	
86	1	4.488939	10.893220	
87	2	7.009654	17.593130	4.870138	7.762511	
88	1	12.816830	3.387145	
89	1	7.657591	7.360703	
90	1	5.939581	5.690380	
91	1	6.780468	6.986473	
92	1	7.480791	6.878681	
93	5	7.137835	6.225599	10.226140	3.865633	5.361512	6.488283	6.393829	5.255348	10.307120	3.087583	
94	1	13.678410	3.465682	
95	1	7.076999	5.234429	
96	1	3.379390	13.028440	
97	1	11.448610	3.794555	
98	1	6.341041	6.185529	
99	1	9.263243	4.509994	
100	1	6.589416	6.469898	
101	1	6.833049	7.680034	
102	1	7.313794	6.451183	
103	1	5.100535	8.573074	
104	3	7.852682	8.000348	8.047050	5.368351	5.086993	7.792926	
105	3	7.035146	7.360703	11.711650	3.342547	10.291350	3.111492	
106	4	7.520676	7.894730	8.245090	6.634002	9.425970	5.265924	5.501231	5.909892	
107	1	6.194920	8.507792	
108	1	14.804220	5.213737	
109	1	9.045672	6.828436	
110	2	11.448610	6.087222	8.014824	4.897549	
111	1	10.385830	8.629744	
112	2	5.285298	8.573074	6.341041	6.842906	
113	1	5.948927	6.946683	
114	1	8.119844	6.744946	
115	2	7.852682	6.221583	11.470210	4.228494	
116	1	11.927830	5.659267	
117	2	8.096938	7.021425	8.337095	6.225599	
118	1	6.717666	10.960220	
119	3	6.559132	6.634002	8.047050	5.047402	8.402284	4.830751	
120	1	5.720543	9.281279	
