nice19.25.txt
15
25
100 53
1	4	48.806460	20.108540	18.876070	19.733430	29.250100	11.279100	19.670200	9.043348	
2	2	15.071880	20.108540	19.670200	9.461418	
3	2	7.795157	26.669420	11.080790	16.963200	
4	1	35.093610	16.963200	
5	1	20.652450	12.889030	
6	3	52.221570	16.525420	20.954100	17.023000	19.976650	13.780390	
7	1	11.720560	26.669420	
8	4	16.451460	36.633960	20.954100	19.673630	19.670200	18.129190	15.500510	12.889030	
9	1	29.250100	15.390320	
10	1	15.376520	13.780390	
11	1	27.298340	19.733430	
12	1	32.871500	36.696620	
13	1	11.656780	16.525420	
14	1	15.881020	13.780390	
15	1	15.081230	12.889030	
