nice7.200.txt
120
200
100 21
1	3	7.649312	7.265902	5.834842	6.378897	4.403865	7.235211	
2	2	6.570465	8.353029	4.172715	7.437730	
3	2	12.965180	5.361160	7.636755	7.438162	
4	2	4.383784	12.612540	4.066058	8.249127	
5	3	4.212131	7.921547	6.183602	5.015376	4.091453	7.437730	
6	2	4.247199	13.371400	5.845325	7.334558	
7	1	5.123177	6.718733	
8	1	5.884417	5.345413	
9	1	6.796852	9.101672	
10	1	4.373975	8.058466	
11	1	10.992120	2.970066	
12	1	7.084055	8.201710	
13	1	6.304533	6.413522	
14	1	8.360023	3.561707	
15	3	8.169023	4.431512	3.910079	8.064260	7.941949	3.591581	
16	2	8.242599	9.147816	5.274113	8.058466	
17	3	9.086620	4.986230	6.539895	5.068433	4.403865	7.516843	
18	1	3.198539	10.016460	
19	1	6.848693	8.572488	
20	1	5.122198	6.399419	
21	1	2.795967	10.877820	
22	2	3.489063	9.223054	6.796852	4.692691	
23	1	6.062907	9.223054	
24	1	6.899032	4.491289	
25	1	5.414476	6.067656	
26	1	14.354380	9.024466	
27	1	9.551970	10.901820	
28	1	5.714790	6.378897	
29	1	6.478140	6.718733	
30	1	7.594274	7.437730	
31	1	3.672328	8.254702	
32	2	9.235390	6.735375	6.489807	5.199959	
33	1	8.169023	8.631925	
34	1	8.954644	6.667814	
35	2	4.313277	10.867070	9.368723	4.374472	
36	1	8.539470	4.883000	
37	3	16.124870	4.288359	8.169023	4.693629	6.416203	4.529793	
38	1	11.912610	6.147282	
39	2	12.505220	8.353928	10.569340	7.027627	
40	2	8.124534	14.875890	8.494223	3.508762	
41	1	8.557042	9.958080	
42	1	4.379340	13.371400	
43	1	7.962946	4.058172	
44	2	5.307543	6.718733	7.483580	4.596424	
45	4	7.828711	9.708483	7.039744	8.572488	8.353651	7.094889	6.899032	4.533381	
46	2	8.353651	8.072022	8.539470	4.394001	
47	4	6.160036	9.663047	4.302028	8.890057	4.258101	8.298771	5.486568	6.292572	
48	3	8.242599	10.977060	4.821199	7.437730	5.167083	6.378897	
49	2	5.116120	12.612540	4.831525	7.330043	
50	2	9.552788	3.405244	3.640657	8.383957	
51	1	6.337752	8.064260	
52	4	9.314631	5.199959	7.483580	5.294529	8.494223	3.928968	9.235390	3.141075	
53	2	3.643090	13.371400	9.215540	4.522343	
54	3	8.513093	5.533504	4.458636	8.389085	6.183602	4.852910	
55	4	6.077119	11.609100	5.064898	8.058466	7.084055	5.019995	6.236264	5.068433	
56	2	12.275180	3.158597	7.244855	3.923130	
57	1	14.354380	5.659736	
58	1	9.611633	5.658974	
59	1	8.297721	5.946460	
60	1	6.607380	12.799410	
61	1	3.676615	12.799410	
62	2	10.122120	3.812961	6.685474	5.111990	
63	3	6.935422	13.371400	5.845325	6.036842	7.828374	4.370005	
64	2	4.355893	10.660260	7.828374	5.338478	
65	2	10.765060	6.399419	6.911078	8.064260	
66	3	12.499460	8.190642	11.987370	7.945807	7.244855	3.998417	
67	1	16.124870	6.054910	
68	2	5.470873	8.298771	4.287593	8.249127	
69	1	7.131078	5.354527	
70	2	7.418435	8.254702	6.796852	5.456663	
71	1	8.779101	14.401440	
72	1	10.190800	5.658974	
73	1	8.954644	7.733627	
74	2	9.038038	6.615111	5.486568	8.583319	
75	3	5.267799	17.757060	5.835490	10.747740	7.084055	4.590796	
76	1	8.161924	4.058172	
77	3	5.466169	14.875890	4.586258	16.122730	6.808460	8.064260	
78	1	12.776160	3.230338	
79	1	6.365615	9.095594	
80	3	12.410150	7.027627	8.323364	9.890953	4.152254	7.687610	
81	2	6.518942	5.896019	6.216774	5.517923	
82	2	3.393763	13.371400	9.235390	3.144336	
83	1	5.010283	8.254702	
84	2	3.916871	8.383957	5.281703	6.038212	
85	3	4.682145	10.660260	8.526008	5.354527	3.244251	10.867070	
86	1	5.912848	8.254702	
87	1	6.726321	5.111990	
88	1	11.466280	3.999925	
89	1	20.150540	9.868286	
90	1	5.105034	6.718733	
91	1	7.195021	5.517923	
92	1	7.109748	8.064260	
93	1	3.230875	12.799410	
94	1	3.829007	8.298771	
95	1	4.600076	14.875890	
96	1	6.548982	4.529793	
97	2	6.365615	8.661470	9.086620	3.366799	
98	2	4.922859	7.921547	4.691773	6.399987	
99	2	6.899032	8.787829	5.910619	6.378897	
100	1	4.885262	7.438162	
101	3	9.552788	8.356750	10.992120	4.975741	6.401442	6.399987	
102	2	7.441761	7.438162	11.466280	4.058541	
103	1	4.897852	8.058466	
104	1	8.297721	4.011621	
105	2	13.649870	9.536701	7.217753	6.038212	
106	1	9.210087	7.438162	
107	1	4.458636	9.423415	
108	1	3.039523	10.877820	
109	2	4.237442	8.890057	4.831525	7.422011	
110	1	6.304533	6.199019	
111	3	6.115142	9.663047	4.032263	7.921547	2.878580	10.016460	
112	1	5.414476	7.303744	
113	2	9.215540	6.107571	5.980514	5.896019	
114	1	7.078168	5.533504	
115	1	7.486041	10.166790	
116	4	9.038038	6.140662	10.122120	4.540967	8.360023	4.359840	7.941949	3.674321	
117	4	13.649870	6.586026	8.738897	8.572488	9.368723	5.792322	9.552788	4.360733	
118	1	4.152254	8.435117	
119	1	4.794038	6.399987	
120	1	6.390761	5.345413	
