nice2.500.txt
300
500
100 15
1	2	4.921583	3.021262	2.906578	5.095379	
2	1	5.639184	3.793390	
3	1	5.057687	4.210414	
4	1	4.697233	4.604690	
5	1	2.948085	10.647570	
6	1	2.046949	8.152615	
7	1	4.529730	3.649702	
8	1	2.060916	8.152615	
9	1	2.766072	10.124240	
10	1	6.357399	4.527036	
11	1	5.649455	3.313389	
12	1	5.539855	5.294575	
13	1	5.248507	5.171586	
14	3	4.982329	4.410437	5.390277	3.782118	3.804915	2.305462	
15	1	2.746711	4.791901	
16	1	3.258708	3.061802	
17	1	3.778572	5.318611	
18	1	2.442245	6.727949	
19	1	9.830766	4.223910	
20	2	6.860163	2.259069	5.181751	2.871257	
21	1	2.132303	8.259596	
22	2	4.719082	3.717342	4.960720	3.219311	
23	1	3.008898	5.636147	
24	1	2.906578	5.552192	
25	1	2.567608	9.255547	
26	1	7.556016	2.722143	
27	1	9.186439	3.625119	
28	1	6.850857	3.222520	
29	1	4.053118	3.712183	
30	2	5.561581	5.755042	3.448952	4.345077	
31	4	3.704263	7.023736	5.775698	4.373411	3.944071	4.263959	4.632489	2.987616	
32	3	6.077169	3.689878	3.934682	5.096271	4.520904	2.678300	
33	3	4.368030	5.004597	4.376228	3.836935	2.994334	3.344498	
34	1	5.923100	4.193867	
35	1	5.125065	3.692876	
36	3	3.861550	7.483635	5.331054	3.239355	2.262326	7.330624	
37	2	10.229620	2.561058	4.034122	4.081559	
38	2	9.094330	2.790820	2.821428	4.647898	
39	1	5.283221	3.532412	
40	1	2.660462	4.098475	
41	3	8.138102	2.596070	6.860163	2.894998	7.879362	2.040124	
42	2	7.879362	2.591618	6.558219	2.627693	
43	1	3.907427	4.248662	
44	1	7.326797	3.266588	
45	1	2.244152	7.977048	
46	1	2.787676	3.438048	
47	2	3.486465	4.474098	6.443490	1.617064	
48	1	2.462623	6.984668	
49	1	3.187081	4.640231	
50	1	4.260645	3.879236	
51	1	3.429259	4.861035	
52	1	2.368360	8.768419	
53	1	9.151882	2.363107	
54	1	4.819123	2.025485	
55	1	8.227665	2.327271	
56	1	2.994334	3.383451	
57	1	2.329458	4.373411	
58	3	10.418060	2.706316	3.851265	4.704799	2.603551	6.885965	
59	1	7.989421	2.376046	
60	1	9.360392	2.406992	
61	1	4.471832	3.897635	
62	1	5.335689	4.705135	
63	1	4.368030	2.281181	
64	1	3.944871	5.646491	
65	1	2.753900	3.666165	
66	3	5.325115	3.974030	4.912379	3.768908	7.044580	2.465872	
67	4	4.904836	4.119945	3.933697	4.378080	4.168425	4.081559	4.178225	3.964996	
68	1	4.328691	4.022925	
69	1	5.531434	3.052839	
70	1	4.592143	4.705135	
71	1	10.021950	2.825222	
72	1	8.850920	3.072586	
73	1	4.566905	3.583343	
74	1	4.162374	3.619050	
75	1	6.141067	3.092575	
76	1	2.821428	4.938257	
77	1	6.558219	2.433717	
78	1	2.301833	4.861035	
79	1	10.320490	2.604781	
80	1	5.514668	3.239355	
81	1	4.641218	4.213831	
82	1	3.932129	4.497633	
83	2	6.565821	2.657685	6.982767	2.086097	
84	3	7.601988	4.048953	3.861550	5.636584	2.935459	3.962855	
85	1	1.722210	6.040169	
86	2	5.785127	3.223935	3.979955	4.410437	
87	1	2.775186	10.489300	
88	1	6.749003	4.098475	
89	2	5.175198	3.493493	5.449603	3.172440	
90	1	5.475357	4.903404	
91	1	2.875681	7.645337	
92	1	2.020042	7.248553	
93	2	8.227665	2.390378	6.443490	1.848148	
94	3	5.025669	4.265101	5.481950	3.172440	3.349352	2.880029	
95	1	4.897264	3.115105	
96	2	2.547486	8.830841	5.853661	2.491103	
97	2	3.958963	6.276595	4.761420	3.532412	
98	1	6.028692	3.838121	
99	2	4.328368	4.265101	4.403457	3.712183	
100	1	4.392027	3.911218	
101	1	6.353261	2.725632	
102	1	2.870309	3.350401	
103	1	4.051595	4.140088	
104	1	5.853661	2.894160	
105	1	3.972968	6.727949	
106	1	7.879362	3.324436	
107	1	6.443490	1.636930	
108	1	2.579215	7.410247	
109	1	4.353765	3.879236	
110	1	2.173707	8.043413	
111	1	4.879116	3.493493	
112	1	7.556016	2.222228	
113	1	3.600847	4.604313	
114	1	5.749802	2.871257	
115	3	3.549290	7.590789	8.614410	2.753133	2.572167	7.457799	
116	4	2.702508	10.489300	3.565939	7.133927	3.943663	4.048953	4.520904	2.316019	
117	1	3.816461	7.484222	
118	1	5.691321	2.544049	
119	1	4.635105	2.663314	
120	2	5.425839	3.761093	5.386709	3.768908	
121	4	6.053934	9.823436	4.681297	5.367379	2.252031	7.977048	3.924138	3.715721	
122	2	3.387511	6.022527	2.895282	5.661079	
123	2	7.879362	2.691393	6.565821	2.569007	
124	2	4.179390	3.974030	2.753900	3.967416	
125	2	3.504410	5.223997	4.392027	3.553204	
126	2	5.250319	8.249395	3.766226	3.917342	
127	1	2.546218	9.025190	
128	2	5.202911	4.705135	4.366834	3.068369	
129	1	5.409928	3.418658	
130	1	4.366834	2.226206	
131	1	3.934682	7.814260	
132	1	10.021950	2.979639	
133	1	10.931550	3.116188	
134	1	3.940287	6.366449	
135	1	5.186903	10.066640	
136	1	8.614410	2.654844	
137	1	4.529730	3.934762	
138	1	4.120353	3.553858	
139	1	4.215815	2.663314	
140	1	2.870309	3.898152	
141	2	3.486465	4.223831	4.849466	3.028865	
142	1	5.734889	3.375423	
143	2	5.248507	4.253414	4.368030	3.442618	
144	1	7.326797	2.713681	
145	1	2.450433	9.586155	
146	2	2.749039	7.023736	4.177291	3.619050	
147	1	2.462353	6.727949	
148	1	6.748427	2.921318	
149	3	4.185029	6.698885	2.274215	7.330624	2.593477	3.765988	
150	1	5.475357	5.576151	
151	1	4.529730	3.301631	
152	3	4.844262	3.782118	4.393613	3.836935	5.609982	2.170337	
153	1	8.227665	2.198864	
154	1	10.021950	2.805446	
155	1	5.136783	3.679811	
156	3	8.234226	5.755042	5.812177	3.223935	5.302864	1.899967	
157	1	3.371449	4.829499	
158	2	4.191396	4.798086	3.727155	4.915789	
159	1	5.111115	3.028865	
160	1	5.419883	3.761093	
161	1	7.143116	3.288504	
162	1	3.692788	4.098475	
163	2	5.687645	2.823911	2.947212	3.438048	
164	2	6.748427	2.721263	4.945852	2.035087	
165	4	9.891537	3.229704	3.854920	7.484222	4.641218	4.035564	3.131005	5.980269	
166	1	5.838131	2.844538	
167	3	3.008898	5.813008	4.196865	3.915524	4.133548	3.648210	
168	2	4.311127	6.873946	9.186439	2.580598	
169	2	7.423036	3.901572	3.680608	3.134193	
170	1	6.266070	5.318611	
171	1	3.711038	2.811770	
172	2	4.974847	4.507965	2.599355	6.572933	
173	1	8.339664	2.582365	
174	2	4.046666	8.697929	2.205470	6.040169	
175	1	6.002719	4.140088	
176	6	5.445622	5.055755	5.251467	4.431755	4.586693	3.787145	3.561346	4.640231	4.794909	2.987616	2.718010	3.775086	
177	3	3.270523	9.255547	5.649455	3.560557	3.864031	4.332938	
178	3	3.528666	7.457799	6.392033	4.034341	9.151882	2.313147	
179	3	10.320490	2.722133	5.779289	3.749787	5.758577	3.715721	
180	2	5.831510	4.050917	3.343726	5.467010	
181	4	5.501042	4.994319	2.582216	9.755272	2.363687	8.697929	2.645633	7.464422	
182	2	4.538944	2.552518	4.250160	2.293605	
183	1	3.933697	4.319849	
184	1	3.399075	2.880029	
185	2	6.676592	3.793390	4.529730	3.249703	
186	6	8.249064	3.066664	2.553733	8.043413	3.384835	5.370916	5.483002	2.552518	4.769534	2.612662	5.838131	2.098923	
187	3	6.982767	2.182938	4.133548	3.576457	2.906151	3.641788	
188	4	2.745005	9.208715	2.243081	8.259596	3.600359	4.861035	3.459857	4.959355	
189	1	2.608111	6.181738	
190	1	2.125262	7.830580	
191	1	4.909183	3.021262	
192	1	5.409928	3.467308	
193	4	7.319399	6.341043	9.427398	3.376958	5.136783	3.304858	4.586693	3.236591	
194	2	3.923328	5.980269	3.659655	3.890377	
195	2	5.328104	5.443747	3.702249	4.798086	
196	1	2.727612	3.775086	
197	3	11.672330	5.121574	3.927679	7.080050	8.456574	3.204329	
198	1	8.558537	2.180157	
199	3	5.723328	4.410437	3.088272	4.119945	5.594255	1.734050	
200	2	5.903229	3.083886	3.925875	3.715721	
201	1	5.491717	5.143753	
202	5	2.844265	7.991443	2.900644	6.572933	5.724013	2.969967	4.769534	2.162526	1.710648	5.646491	
203	4	8.218400	5.121574	9.891537	2.719908	2.312937	8.768419	6.174709	3.092575	
204	1	4.146591	3.782118	
205	1	5.655519	3.748423	
206	1	10.418060	2.758862	
207	1	5.853661	5.483873	
208	4	3.088308	6.193902	3.821690	4.861035	7.044580	2.504403	5.302864	1.817376	
209	1	4.929524	3.480926	
210	1	6.094919	5.755042	
211	1	3.694165	4.345077	
212	2	4.572533	5.677670	5.594255	2.697705	
213	2	10.418060	2.690240	3.811197	3.964996	
214	2	2.476377	6.727949	4.019196	3.717084	
215	1	3.929466	7.875710	
216	2	6.748427	3.305774	5.508560	3.052839	
217	4	3.082951	6.205717	5.369564	3.480926	2.455276	6.984668	2.746711	4.416814	
218	3	2.591290	9.755272	4.819123	3.652185	6.748427	2.494255	
219	3	3.413783	6.984668	4.838749	3.836935	2.593477	3.879349	
220	1	4.654055	3.915524	
221	2	2.828738	8.894473	6.752311	3.372090	
222	2	4.328691	3.966311	2.255008	4.373411	
223	3	3.907427	5.817978	6.366160	3.083886	3.184782	3.061802	
224	1	3.766226	5.517431	
225	1	7.893644	4.092378	
226	3	14.685610	4.121208	3.525629	7.133927	7.827345	2.803302	
227	1	5.734889	4.991285	
228	1	7.827345	2.163565	
229	2	6.565821	2.925923	4.897264	3.683210	
230	4	4.203942	3.897635	4.019196	3.825037	4.219311	3.553858	6.443490	1.624876	
231	3	2.668944	7.645337	2.953934	5.525071	2.167747	7.248553	
232	3	8.675775	3.199258	3.652608	4.034341	3.093353	3.330061	
233	4	4.727441	5.076806	4.076808	5.677670	6.353261	2.741377	3.623490	4.604313	
234	1	5.779289	5.275403	
235	4	6.146211	4.193867	5.086544	4.269034	2.233779	8.595036	3.093353	3.397888	
236	1	3.728100	7.330624	
237	1	3.940287	4.688242	
238	1	7.993108	2.161649	
239	1	9.630841	2.426450	
240	2	4.612870	3.906426	5.248507	2.293402	
241	1	2.891802	9.755272	
242	2	2.986492	7.224667	3.459857	4.435558	
243	4	3.929466	6.260088	3.055979	6.022527	4.304994	4.263959	3.751101	2.305462	
244	3	6.035195	4.534348	4.574910	3.992794	4.945852	1.957707	
245	3	8.614410	3.343272	6.740662	2.888680	2.934170	5.066187	
246	1	8.138102	2.371672	
247	2	2.821897	6.572933	3.766226	4.298576	
248	3	2.902484	7.248553	2.340997	7.977048	4.213037	3.134193	
249	2	2.449095	6.727949	6.860163	2.359647	
250	2	2.697529	7.245172	5.248507	3.457707	
251	1	6.752311	3.338197	
252	1	3.851265	6.744357	
253	1	4.694793	3.222520	
254	3	2.682625	10.728400	8.675775	2.930770	3.711038	4.219677	
255	1	4.612870	4.070622	
256	2	8.202546	3.168274	3.864031	4.262098	
257	1	5.609982	1.822457	
258	1	5.475357	4.632879	
259	2	3.718306	4.966867	5.158077	2.823911	
260	2	2.947970	9.025190	6.192220	3.689878	
261	3	8.675775	3.165386	3.377021	7.330624	2.934170	5.058055	
262	3	5.804316	3.974030	4.254553	4.265101	3.659655	2.907938	
263	1	4.974847	3.751631	
264	3	3.932129	6.557058	2.600556	9.586155	8.138102	2.112469	
265	2	8.614410	2.495540	4.153687	4.604690	
266	1	7.423036	3.343600	
267	1	9.360392	2.563283	
268	1	2.732900	10.728400	
269	2	3.676902	8.152615	4.584977	3.583343	
270	1	3.409001	7.031447	
271	1	4.571922	3.692876	
272	1	5.873290	2.969967	
273	1	10.418060	2.713718	
274	4	3.727155	5.208454	4.330625	2.544049	2.608111	4.028194	4.308377	2.293605	
275	1	3.072040	4.829499	
276	1	4.168669	5.885068	
277	1	4.999862	3.219311	
278	1	2.456086	7.457799	
279	1	2.953934	3.869843	
280	4	10.229620	2.662940	3.958963	6.633936	2.335113	9.025190	2.935459	3.521367	
281	4	3.001749	7.484222	2.523698	6.698885	6.028692	2.734812	2.155679	4.861035	
282	1	8.614410	3.104128	
283	4	2.869583	10.209930	8.558537	2.442750	6.357399	3.063753	2.096400	7.830580	
284	1	3.254817	5.061411	
285	3	4.328691	6.266878	4.507106	5.885068	6.035195	2.875899	
286	2	6.053934	4.529033	4.369710	4.210414	
287	2	5.728395	6.885965	3.251855	6.698885	
288	2	4.221662	6.368428	4.019196	5.578099	
289	1	6.752311	4.018110	
290	1	7.224337	2.529615	
291	1	4.020967	4.373411	
292	1	3.202529	5.661079	
293	2	5.831510	3.940527	2.906151	5.252685	
294	1	10.021950	3.221865	
295	1	7.037660	3.404714	
296	1	3.289217	5.061411	
297	1	3.355827	5.370916	
298	1	11.039990	2.902905	
299	1	5.328104	8.289602	
300	3	9.630841	2.900465	4.769534	3.922742	2.283976	7.977048	
