nice21.200.txt
120
200
100 26
1	1	7.110928	6.994837	
2	1	4.967411	4.909575	
3	3	11.944240	8.020390	17.792690	5.138515	8.262985	10.515780	
4	1	3.793001	14.549300	
5	2	6.616148	4.413558	6.749909	4.263307	
6	3	4.876347	19.431330	11.073370	6.094621	3.610898	6.813624	
7	1	4.195924	8.165516	
8	1	3.537691	8.239801	
9	1	5.170853	6.852868	
10	1	2.977731	10.306710	
11	1	11.764980	4.784834	
12	1	14.215870	3.971909	
13	1	6.031252	6.096997	
14	1	5.170853	6.236078	
15	3	7.238692	6.379951	4.166878	9.172511	3.314877	10.306710	
16	1	6.422294	8.782132	
17	1	25.065800	6.746123	
18	2	10.783030	3.201055	5.998241	5.309939	
19	1	7.307473	3.715049	
20	1	7.144583	4.353736	
21	2	7.110928	5.916144	5.194038	5.681055	
22	1	5.332361	19.431330	
23	1	3.701360	7.042032	
24	2	5.818392	8.782132	3.715653	13.548230	
25	1	7.531881	3.848964	
26	2	3.833807	8.044244	5.031403	5.309939	
27	5	12.814160	9.866180	7.971967	6.699154	6.749909	7.593788	3.604350	12.239620	5.714931	4.317328	
28	4	6.276899	16.329140	9.608648	8.020390	9.487374	4.867743	3.705411	10.029130	
29	1	4.033362	10.306710	
30	2	7.431487	6.374001	6.333588	4.102758	
31	2	7.031603	4.197570	6.333588	4.097589	
32	1	11.073370	3.388103	
33	2	6.293050	9.941648	2.767867	10.732650	
34	1	2.685610	10.630780	
35	2	4.368938	7.042032	2.884601	8.738758	
36	1	5.173557	14.359250	
37	1	3.039601	9.471278	
38	1	10.479520	9.482723	
39	1	7.414767	3.848964	
40	1	7.031603	4.042232	
41	1	4.353289	12.239620	
42	1	4.154738	8.428676	
43	1	2.973381	8.392488	
44	1	4.967411	5.034422	
45	1	5.171183	6.699154	
46	2	4.195924	8.163622	4.908267	6.616709	
47	2	5.918508	5.939492	2.895945	11.567560	
48	2	13.074050	7.719759	8.070298	9.550804	
49	1	14.561720	9.334783	
50	1	6.177327	5.681055	
51	1	5.071795	19.431330	
52	2	5.988713	4.846846	4.769785	5.251593	
53	3	5.456120	9.334783	9.045651	4.238144	3.104683	9.471278	
54	1	5.444779	4.556447	
55	1	6.847651	3.762383	
56	1	13.706490	3.880909	
57	2	6.270039	8.321329	5.095593	8.759029	
58	3	7.431487	8.175299	11.764980	4.033921	3.327499	10.630780	
59	1	12.814160	8.817078	
60	2	5.014001	14.549300	4.014989	8.044244	
61	1	11.919870	6.144525	
62	1	5.714931	11.464970	
63	1	6.243172	6.949467	
64	1	8.262985	4.033522	
65	2	13.566220	4.544908	3.360208	8.392488	
66	3	6.430749	7.515013	8.227158	4.846846	3.231424	12.158220	
67	3	5.637589	18.135310	15.035120	3.905126	6.616148	4.758953	
68	1	10.926880	5.877801	
69	3	11.029640	3.848826	2.788107	10.732650	3.485023	8.239801	
70	1	5.927212	5.052886	
71	3	5.963015	9.334783	6.145497	6.663152	5.106752	5.269776	
72	1	6.847651	5.135402	
73	5	14.946650	10.785830	15.035120	4.003995	7.470901	7.945116	3.158474	9.832209	4.769785	6.249843	
74	2	4.752641	8.044244	3.055573	8.800548	
75	3	4.248321	16.329140	7.404133	4.358892	3.610898	7.584027	
76	2	5.444779	10.368600	10.926880	3.501870	
77	3	7.525079	6.300004	5.074897	5.681055	3.173752	8.949717	
78	2	6.749909	4.472043	5.219217	4.787098	
79	4	12.287490	11.567560	15.521640	6.096997	9.487374	5.076254	6.302359	4.358892	
80	1	5.714931	4.884511	
81	1	5.447205	16.298890	
82	1	4.154738	7.900462	
83	1	4.937686	6.144525	
84	1	5.219217	5.573000	
85	3	3.912494	12.329880	5.555974	7.420891	5.874758	6.616709	
86	3	13.547130	9.194499	3.072005	12.239620	4.683711	6.949467	
87	1	14.686760	4.004710	
88	5	4.996299	9.943996	3.634116	8.949717	7.400611	4.238144	7.379282	3.715049	6.144283	4.399268	
89	1	3.537273	8.715886	
90	2	13.624520	3.934192	7.639005	5.052886	
91	2	7.067130	14.359250	4.934221	8.897784	
92	4	7.275393	19.431330	14.946650	4.048460	13.624520	3.974929	10.421090	4.613961	
93	2	11.781870	7.609719	6.145497	4.029418	
94	1	9.008298	3.956202	
95	1	12.213380	9.919199	
96	1	6.144283	4.264769	
97	1	7.238692	7.168284	
98	2	18.355780	5.330036	5.106752	5.090323	
99	4	6.807868	7.643120	4.138877	9.443131	4.864518	5.939492	4.138877	6.886006	
100	1	9.584613	6.155457	
101	1	2.957536	8.800548	
102	1	9.882366	8.210732	
103	1	5.095593	7.539858	
104	1	5.191255	8.044244	
105	2	3.111564	9.832209	7.110928	4.295266	
106	2	5.397399	14.397650	5.444779	4.506277	
107	2	6.353189	12.158220	4.997422	6.699154	
108	1	9.008298	9.743682	
109	1	4.695336	6.144525	
110	2	6.870532	12.329880	7.934689	4.613961	
111	1	3.260896	8.738758	
112	1	15.122140	7.515013	
113	1	7.470901	3.556319	
114	3	17.792690	4.645560	6.293050	9.489679	6.402546	4.353736	
115	1	7.110928	4.192133	
116	2	3.819668	10.029130	9.882366	3.356825	
117	1	3.417125	8.715886	
118	1	10.542800	11.798650	
119	1	5.170853	7.577865	
120	1	6.611818	8.715886	
