nice22.100.txt
60
100
100 29
1	1	13.917070	10.186880	
2	1	12.508550	9.334593	
3	1	5.143030	15.023770	
4	1	7.468317	12.466230	
5	2	7.053151	8.653530	6.505544	8.653530	
6	1	11.606260	11.314150	
7	1	12.508550	8.759308	
8	2	10.935490	9.204432	7.303692	9.234327	
9	1	15.821890	7.812021	
10	2	7.468317	16.019360	14.388520	6.817053	
11	3	6.881672	18.067870	12.362010	7.953850	12.137600	6.215901	
12	3	13.711120	18.093900	15.401010	6.399037	7.084823	9.234327	
13	1	13.710420	10.845420	
14	1	5.853834	9.541676	
15	2	22.398530	7.465300	5.942149	9.534775	
16	3	7.850717	13.362060	7.822127	8.451190	7.064721	8.451190	
17	2	19.308830	18.093900	8.487018	19.270580	
18	2	5.526744	9.534775	7.663267	6.576814	
19	1	14.517000	4.663615	
20	1	12.054070	15.023770	
21	1	5.131145	15.023770	
22	1	12.880810	7.953850	
23	1	5.011525	10.186880	
24	1	8.114197	11.497950	
25	1	11.684130	8.653530	
26	1	12.693390	11.314150	
27	1	7.006871	13.486480	
28	1	6.912329	8.341064	
29	1	7.079026	7.489296	
30	1	23.447750	6.679529	
31	1	4.483930	16.051380	
32	1	7.737744	6.576814	
33	1	5.915647	10.142700	
34	1	6.865069	17.860220	
35	1	13.843130	6.220657	
36	1	5.488702	10.711450	
37	3	5.852643	16.051380	14.381760	5.878820	4.561927	15.023770	
38	1	8.920166	18.067870	
39	2	8.210483	11.314150	5.276371	9.534775	
40	1	13.843130	8.803113	
41	1	11.058170	12.315550	
42	1	10.975470	9.083703	
43	1	23.447750	6.501745	
44	3	10.725830	9.730536	10.935490	8.889469	7.566803	8.451190	
45	4	6.912329	9.519152	6.142831	10.186880	3.788965	13.486480	5.853834	8.526194	
46	5	12.516140	16.051380	7.550294	13.362060	10.787420	6.565027	4.176238	16.051380	3.854671	13.486480	
47	2	8.841686	16.051380	6.969299	8.265775	
48	3	15.024280	10.845420	6.969299	9.828126	5.142526	10.142700	
49	3	7.079026	10.578570	5.816987	9.534775	5.108176	10.711450	
50	1	5.663201	18.437390	
51	2	14.259110	19.270580	8.223176	11.314150	
52	2	4.066347	16.051380	11.312070	4.627234	
53	1	11.611110	6.565027	
54	1	18.622860	12.851440	
55	4	8.353570	28.485590	15.035060	10.711450	7.832019	18.093900	11.312070	6.084219	
56	2	10.260940	6.215901	3.972356	13.486480	
57	1	14.095960	9.083703	
58	2	11.843370	6.089304	11.604380	6.089304	
59	4	5.017045	16.051380	8.114197	6.939443	6.281046	8.451190	14.381760	3.655955	
60	2	11.058170	13.839350	14.517000	5.066920	
