nice9.500.txt
300
500
100 14
1	1	8.553464	3.713823	
2	4	7.359837	2.733388	2.429608	8.212770	2.665929	6.341332	1.553470	5.858402	
3	1	4.278949	2.773112	
4	1	3.228185	3.086320	
5	1	3.926014	3.687898	
6	1	5.404217	5.816508	
7	3	7.202693	3.731861	3.206193	3.365776	3.228185	3.322943	
8	1	2.611056	5.741692	
9	1	3.660746	2.993657	
10	4	4.419208	8.838176	3.784660	5.432549	2.773437	5.114999	2.084155	6.341332	
11	1	4.316488	2.285322	
12	1	4.495028	6.049081	
13	1	7.980561	2.092317	
14	1	3.140003	10.708480	
15	1	2.702377	4.097770	
16	1	8.946357	3.292130	
17	1	3.949393	7.389300	
18	1	7.335617	2.837548	
19	3	5.688326	4.752217	6.104317	3.228551	3.865846	3.520037	
20	1	4.658782	2.289068	
21	1	2.819189	7.199894	
22	3	7.980561	2.511742	3.925581	2.934239	3.401028	2.986529	
23	2	2.402537	8.267616	3.378047	5.347325	
24	3	5.758598	4.765675	4.137500	2.370944	5.658088	1.659007	
25	1	11.119950	3.516330	
26	1	4.739945	4.773628	
27	2	6.321055	3.213151	3.124974	3.658213	
28	1	3.178414	2.876557	
29	1	5.474771	8.923864	
30	3	2.860439	11.349230	3.457906	5.945675	4.576953	2.024068	
31	1	3.268907	7.203643	
32	2	10.088990	3.933109	3.070647	2.980257	
33	2	3.421969	6.074247	2.797913	4.285724	
34	4	10.398030	2.832604	6.696932	3.722150	6.073217	1.780223	3.758586	2.548151	
35	1	2.395054	7.467535	
36	1	2.175329	4.792297	
37	1	3.079263	11.638790	
38	1	4.875483	3.219449	
39	2	7.196926	2.146802	3.663542	3.756362	
40	2	6.119828	4.285724	2.351333	8.552285	
41	1	2.927297	4.247966	
42	1	5.759222	4.710438	
43	1	2.967735	11.044830	
44	1	3.670134	3.597733	
45	1	2.257339	4.228995	
46	4	3.299177	7.979666	2.893428	7.467535	1.698941	6.390800	4.415964	2.370944	
47	1	2.934601	3.674736	
48	1	5.522860	3.259402	
49	3	4.627300	3.597733	4.019663	3.107166	2.971786	3.609397	
50	2	3.564141	5.837085	4.605911	4.002638	
51	1	3.087677	3.975495	
52	5	7.231189	3.794290	6.188246	3.413028	2.701840	7.507399	3.824581	3.408381	3.698025	2.807680	
53	4	5.288482	7.940764	6.188246	3.628289	5.822646	2.687990	2.332473	5.858402	
54	3	8.903204	4.194818	3.426074	4.765675	2.288112	4.730452	
55	1	4.553390	7.127488	
56	1	8.576133	2.205275	
57	1	4.599195	2.607136	
58	2	3.915016	7.156187	2.355297	6.247119	
59	1	4.967196	9.080037	
60	2	2.745507	10.906680	2.027092	7.546346	
61	2	5.759222	5.278645	3.378047	2.732924	
62	1	5.452100	3.448602	
63	1	3.206193	3.208933	
64	1	7.106938	4.715625	
65	1	3.213893	4.104716	
66	1	8.387571	5.541069	
67	2	2.825174	4.000697	4.658782	2.133397	
68	1	3.114094	12.171450	
69	1	4.052774	11.381120	
70	2	10.262630	2.624913	1.982741	5.391327	
71	1	3.016093	8.212770	
72	1	6.146688	6.322565	
73	1	2.534489	6.635497	
74	2	5.688326	3.717314	6.073217	2.975570	
75	1	5.377038	6.794572	
76	2	2.622662	5.609758	3.422029	3.387109	
77	1	3.173086	4.586449	
78	3	4.581175	2.844283	4.423146	2.454676	2.450794	3.975495	
79	1	3.758586	5.349727	
80	2	4.496092	5.124032	1.670565	5.680292	
81	3	5.338084	6.006800	4.028129	5.084773	4.384213	3.709906	
82	3	5.543585	4.227367	6.645964	3.304435	2.367020	5.474042	
83	1	1.943273	5.391327	
84	2	3.479349	3.180171	2.872739	3.431765	
85	1	4.439966	6.172598	
86	2	8.576133	2.370670	4.576953	2.583825	
87	1	2.464137	4.765675	
88	2	2.494317	5.858402	1.734851	6.399913	
89	1	7.919152	4.142085	
90	1	2.920099	4.143138	
91	4	7.919152	3.152916	4.184957	3.643739	2.017514	6.214789	5.591999	2.187109	
92	1	3.457906	6.424063	
93	2	2.687395	3.807706	4.191025	2.256061	
94	3	3.677911	8.070417	3.768925	3.417192	2.920099	4.409147	
95	1	3.294242	4.133143	
96	1	2.208269	5.082231	
97	1	2.476816	8.712837	
98	1	2.611056	4.668879	
99	1	1.778363	5.231420	
100	1	2.527746	4.589509	
101	1	2.469840	9.053993	
102	1	7.335617	3.472378	
103	1	4.257998	2.995488	
104	2	3.178414	8.504567	5.543585	1.997065	
105	1	3.109285	4.047757	
106	1	5.605858	3.659103	
107	1	4.605911	2.042664	
108	1	2.423197	3.756362	
109	1	2.800349	4.283501	
110	1	2.880541	7.389300	
111	1	2.819189	4.025251	
112	1	4.644003	2.608643	
113	3	3.297125	6.749198	2.830251	4.105056	3.367074	3.380068	
114	1	3.701886	13.191320	
115	1	5.020775	2.934239	
116	1	5.822646	1.640205	
117	3	5.271432	6.009995	7.202693	3.835368	4.612255	4.526629	
118	1	3.373584	5.483440	
119	1	6.184301	6.399913	
120	1	3.050702	10.948900	
121	2	5.564106	3.822452	5.913707	2.648363	
122	1	3.835044	5.680292	
123	1	4.667408	5.983919	
124	2	3.820487	5.214375	2.040895	5.082231	
125	1	2.773437	5.929828	
126	2	2.294200	8.712837	2.884571	4.492218	
127	1	6.820366	3.349659	
128	2	4.673266	2.086747	3.687019	2.553985	
129	3	11.685780	3.329346	6.829935	4.708740	5.322702	2.787718	
130	2	2.241466	8.267616	7.196926	1.828693	
131	3	8.553464	4.620133	8.576133	3.072886	2.458193	5.474854	
132	1	5.037600	6.049081	
133	1	3.828072	10.071490	
134	1	4.207540	6.944199	
135	1	8.935040	3.939680	
136	1	5.913638	4.420065	
137	2	2.943450	11.257500	2.989417	4.808136	
138	3	6.221422	2.764292	1.847521	5.464056	3.507355	2.833686	
139	1	3.038399	3.083016	
140	1	4.612255	3.880751	
141	3	4.875483	7.655200	3.577043	8.299705	4.606356	3.362335	
142	3	3.049971	4.730452	2.476630	4.414154	2.831673	3.807706	
143	3	8.553464	3.047702	3.670562	5.455148	6.086739	2.923458	
144	2	7.106938	3.915134	5.658088	3.114621	
145	1	4.554234	4.912503	
146	1	3.329441	3.580121	
147	4	2.810559	11.225150	3.873774	7.086286	8.576133	3.113599	4.629869	2.285322	
148	1	5.795889	2.463775	
149	2	3.314102	6.794572	5.913707	2.140448	
150	1	7.874259	4.776494	
151	1	7.790622	4.285724	
152	2	4.806668	7.593456	8.553464	2.365474	
153	2	6.324281	7.873161	3.092940	3.387109	
154	2	1.897620	5.680292	2.947467	3.600740	
155	1	5.519067	2.443027	
156	1	5.338084	3.810678	
157	1	3.673081	2.592557	
158	2	2.971905	3.906020	5.132736	2.217159	
159	4	10.262630	4.964235	4.875483	3.562509	2.207487	4.947462	2.971905	3.221468	
160	1	7.106938	3.584735	
161	1	9.654951	3.462524	
162	3	3.100422	11.646900	3.290941	9.365973	4.160542	2.980257	
163	1	4.673266	2.339808	
164	1	3.687019	10.014930	
165	3	10.088990	3.824459	2.662799	4.143846	4.384213	2.504883	
166	1	5.852921	2.569418	
167	3	5.075331	2.787718	4.121446	3.362335	2.662799	4.910147	
168	3	3.824581	5.993884	2.824613	4.077186	3.307878	3.033525	
169	1	5.288482	5.308677	
170	1	3.439987	2.735291	
171	2	4.599195	2.410271	2.702377	3.409629	
172	2	4.587337	7.567229	5.452100	5.043764	
173	1	5.920342	1.558041	
174	5	7.564458	4.795381	4.383242	6.309927	4.687617	3.520037	3.196587	4.228995	3.479349	2.656914	
175	2	5.427231	5.083078	3.758586	2.953264	
176	1	7.106938	4.554692	
177	1	2.639826	4.420065	
178	1	2.511032	8.713281	
179	1	5.453927	3.851254	
180	1	8.553464	3.107031	
181	1	2.800349	6.665395	
182	1	3.996636	4.382934	
183	2	3.213893	4.302665	2.989417	3.878248	
184	2	8.576133	3.992411	4.731615	2.743525	
185	3	4.173568	4.912503	2.620344	5.307077	1.939798	6.309927	
186	4	5.187088	6.934967	4.705064	5.170851	5.389610	3.574935	4.739772	3.259402	
187	1	2.882579	10.851140	
188	1	5.731248	4.422465	
189	1	12.518260	4.135547	
190	1	2.862471	4.426555	
191	4	5.204078	3.465106	7.980561	2.124563	2.743777	3.580121	2.527746	3.710196	
192	4	5.809037	6.214789	3.177294	8.713281	3.046511	4.397481	6.696932	1.718708	
193	4	4.200040	8.019413	2.314401	5.170851	1.852243	6.247119	5.132736	1.830598	
194	1	3.460135	5.270453	
195	5	3.740746	8.212770	4.278949	4.878054	3.294242	5.753380	4.731615	2.797544	2.036307	4.792297	
196	1	3.093181	8.416562	
197	1	7.919152	2.974466	
198	1	5.543585	1.855817	
199	2	5.121776	2.326463	6.086739	1.543251	
200	1	2.978229	4.752129	
201	2	2.622662	4.696648	1.706893	6.794572	
202	1	6.380260	4.817105	
203	3	6.380260	5.786028	1.745825	6.635497	2.947467	3.148458	
204	4	9.900476	2.748878	3.702044	5.083078	3.477595	4.788811	3.496582	2.986529	
205	4	4.439966	6.396313	3.706273	3.465106	2.717884	4.053409	1.990439	5.070529	
206	1	2.729264	10.906680	
207	1	3.373584	6.155350	
208	1	4.083799	3.329913	
209	1	3.673081	5.487692	
210	1	6.820366	2.960267	
211	1	2.288604	4.947462	
212	1	2.625633	5.680313	
213	1	4.599195	2.383211	
214	1	2.978229	4.613844	
215	1	2.636809	4.247966	
216	1	4.423146	2.852401	
217	1	5.187088	7.612964	
218	1	3.244796	11.257500	
219	2	4.740705	7.156981	2.364739	4.426555	
220	1	3.820487	5.994385	
221	2	7.919152	3.574745	2.625633	4.730258	
222	1	4.599195	2.485904	
223	1	8.910351	4.280472	
224	2	3.723834	2.833686	1.833418	5.082231	
225	2	4.540573	2.735291	2.825174	4.335217	
226	2	4.211636	3.566139	3.299177	3.667234	
227	3	2.824613	7.131575	4.019663	3.979120	2.590951	3.574935	
228	1	3.173086	3.820933	
229	1	5.591999	3.861972	
230	3	4.495617	9.079226	2.179962	5.474042	2.335922	4.579447	
231	3	6.399599	5.969805	3.768925	4.941245	2.913863	6.214789	
232	3	3.490218	8.838176	6.104317	3.094014	2.176535	5.270453	
233	1	2.403121	5.657823	
234	1	4.191025	2.224222	
235	3	4.613486	3.380068	2.872739	3.695723	3.421969	3.018314	
236	3	2.366173	6.417746	2.335922	4.133390	1.897980	5.082231	
237	3	2.782285	10.919200	2.942229	9.080037	6.003292	3.387109	
238	1	4.562728	2.844283	
239	1	5.909784	5.680292	
240	1	2.398729	4.788811	
241	2	2.709466	4.053409	3.996636	2.294674	
242	1	5.795889	2.004638	
243	4	4.275253	7.873161	8.903204	3.144139	5.452100	4.868188	3.421969	3.078892	
244	2	4.988844	5.440858	5.830995	2.995488	
245	1	8.297434	4.275428	
246	2	2.730831	10.851140	3.038399	3.491693	
247	2	5.121776	2.661649	2.645146	4.414154	
248	1	5.920342	5.598939	
249	1	3.124974	6.776104	
250	2	6.197206	3.213151	5.852921	1.898995	
251	1	3.368399	9.079226	
252	1	6.228924	4.441067	
253	1	3.915016	7.406093	
254	1	4.271537	2.527630	
255	3	4.280313	4.755508	3.548009	4.047757	1.823041	5.464056	
256	1	5.452100	5.220162	
257	1	2.056706	7.546346	
258	2	5.741172	6.062860	9.143904	3.527192	
259	1	7.331088	6.101245	
260	2	6.645964	3.018129	1.896417	5.657823	
261	5	4.222772	8.223071	8.910351	3.587271	6.221422	4.574665	2.884571	6.216266	3.307878	3.375739	
262	1	4.054072	8.686384	
263	1	8.576133	2.319859	
264	1	2.801806	5.084773	
265	1	3.361612	10.071490	
266	2	5.741172	5.450308	8.576133	2.321528	
267	2	4.667408	5.794964	3.046511	3.938433	
268	1	4.311370	3.161766	
269	2	6.399599	4.941289	1.895693	5.657823	
270	1	4.232604	7.962313	
271	1	6.168515	4.328195	
272	1	2.614027	10.306410	
273	1	2.830251	4.194649	
274	1	2.969209	3.659103	
275	1	3.313241	6.045302	
276	3	2.703228	10.708480	3.660746	2.985280	1.679029	5.657823	
277	2	9.143904	2.904189	3.661812	2.807680	
278	2	4.613814	6.101245	4.281927	2.527630	
279	1	4.184061	7.088790	
280	1	1.961805	6.390800	
281	1	5.519067	1.972338	
282	2	4.896671	7.962313	4.264763	3.161766	
283	2	5.636670	4.718630	3.996636	2.376386	
284	2	4.717202	4.328195	1.833868	6.417746	
285	1	4.463578	7.156981	
286	1	2.544882	3.659103	
287	1	6.506473	4.441067	
288	1	7.919152	2.135567	
289	1	2.289875	5.070529	
290	1	9.186448	6.917791	
291	1	4.322608	7.593456	
292	1	7.893437	4.016548	
293	2	4.962681	4.053409	2.088788	5.474854	
294	4	4.120862	9.365973	2.970330	7.088790	2.971786	4.470852	3.365021	2.986529	
295	1	6.293548	5.170851	
296	2	5.077998	4.607893	3.784660	5.916685	
297	3	5.340289	5.231420	10.262630	2.626454	3.373433	4.480283	
298	3	3.280604	11.225150	7.118651	4.956838	4.184957	2.697593	
299	3	6.188246	4.259175	4.278949	4.127717	2.934601	3.414053	
300	2	7.919152	2.684536	3.268907	5.365269	
