nice26.25.txt
15
25
100 47
1	2	27.985560	13.770280	13.267920	15.353400	
2	2	40.740840	26.340630	30.326910	8.187716	
3	1	19.990320	26.340630	
4	4	14.847210	28.827030	14.847210	15.272400	13.438470	15.353400	9.939282	15.789660	
5	1	21.286200	15.353400	
6	1	46.161330	15.758840	
7	1	8.704857	23.380070	
8	1	39.268840	11.980850	
9	2	25.853110	13.770280	11.832970	15.353400	
10	1	18.716680	13.801100	
11	1	16.622360	23.380070	
12	2	27.444640	13.801100	11.017980	20.719360	
13	1	22.754720	28.746030	
14	4	39.268840	14.359780	14.309240	20.719360	30.326910	7.601946	13.572480	15.789660	
15	1	37.070850	28.746030	
