nice39.100.txt
60
100
100 28
1	1	16.446610	4.147579	
2	1	10.474420	16.983340	
3	1	6.876550	25.704190	
4	1	9.417789	19.367260	
5	1	11.841830	8.811466	
6	2	9.969827	10.247610	7.138247	10.416210	
7	1	8.304811	14.448030	
8	2	16.446610	4.269576	9.629177	6.944159	
9	2	27.220940	11.876910	9.326449	11.464700	
10	1	8.231217	10.921670	
11	1	7.830951	14.678730	
12	1	8.494032	16.166940	
13	1	8.304811	5.649589	
14	1	7.395245	9.641201	
15	1	6.900577	11.564630	
16	2	4.641787	18.342320	4.953426	10.223470	
17	3	8.157473	10.999390	9.301777	7.384075	4.298488	14.485220	
18	5	20.444250	6.470505	9.914277	10.883890	11.443670	7.782757	11.219070	7.481835	6.809326	7.854904	
19	2	12.330270	8.687678	9.969827	7.441108	
20	2	6.858523	15.690880	10.752590	6.371143	
21	1	14.614860	6.371143	
22	1	10.129940	11.677500	
23	1	11.746080	19.709770	
24	1	9.189240	8.140755	
25	1	6.956558	8.140755	
26	2	6.568620	25.704190	11.219070	8.586112	
27	1	11.490510	8.425091	
28	3	9.075374	13.827280	12.330270	9.104172	9.301777	8.306807	
29	3	13.383200	9.685184	14.437130	7.357748	8.304811	6.603863	
30	1	9.629177	5.519709	
31	1	4.979987	14.485220	
32	2	11.841830	6.879416	11.672490	6.977850	
33	2	7.830951	15.645520	9.629177	11.125580	
34	2	11.901910	10.416210	10.474420	9.639461	
35	2	12.738170	11.876910	9.629177	9.238086	
36	1	8.118705	10.014560	
37	2	9.581203	10.323930	6.900577	14.139560	
38	4	8.118705	8.462267	7.061046	9.685184	6.809326	8.312037	8.993375	5.276250	
39	2	25.367440	8.478533	8.486788	8.425091	
40	2	9.581203	11.268530	8.438417	6.117809	
41	3	9.969827	8.037670	6.799083	11.677500	8.533625	7.782757	
42	1	9.417789	10.956990	
43	3	7.745472	15.690880	11.219070	9.636246	11.672490	7.423934	
44	2	15.303360	11.712150	19.977300	5.657188	
45	1	20.444250	6.499371	
46	1	14.437130	6.469535	
47	3	25.367440	7.028171	9.326449	10.127760	16.145800	4.480530	
48	6	16.145800	13.082910	19.977300	6.019516	16.446610	5.410128	8.945548	8.991914	11.672490	6.468067	8.993375	5.607645	
49	1	4.636688	18.342320	
50	1	5.016401	10.223470	
51	1	7.908113	9.641201	
52	1	12.330270	7.912342	
53	1	8.118705	11.847420	
54	1	8.438417	5.559695	
55	1	11.672490	5.831634	
56	1	6.327292	10.416210	
57	1	10.474420	9.327067	
58	2	9.962104	8.991914	8.231217	8.788102	
59	1	7.145885	21.084640	
60	1	8.157473	10.085250	
