nice31.25.txt
15
25
100 47
1	3	32.239270	13.494340	22.257310	15.050980	10.651860	21.949380	
2	1	46.401110	15.837350	
3	1	10.509090	20.050340	
4	3	11.413650	41.657620	31.341580	14.230310	17.180170	18.113960	
5	1	8.491248	26.707630	
6	1	29.999860	19.263970	
7	1	26.667030	23.241070	
8	1	15.128330	21.327810	
9	1	17.180170	20.077090	
10	1	31.341580	20.871010	
11	1	16.401250	19.263970	
12	2	32.239270	9.746727	10.570510	21.215480	
13	3	35.055480	41.657620	15.128330	20.329800	10.467250	23.241070	
14	3	8.688920	26.707630	10.570510	20.442140	10.651860	19.708230	
15	2	13.446280	23.241070	11.748230	20.050340	
