nice44.50.txt
30
50
100 43
1	1	10.896320	11.563140	
2	2	18.052640	10.195640	5.992544	19.895600	
3	1	18.052640	7.935580	
4	2	12.907290	16.541820	9.962688	17.147510	
5	3	7.456320	25.499130	13.386320	11.227230	18.052640	7.367910	
6	3	10.005920	15.840250	23.013690	6.265891	9.414154	12.365720	
7	1	12.060830	16.541820	
8	1	23.013690	9.450696	
9	1	9.630048	16.252960	
10	1	22.120950	6.316883	
11	2	42.063190	12.458480	9.462811	16.541820	
12	5	19.411450	41.706090	10.218090	32.794780	15.407470	11.792020	11.178950	13.040650	7.620469	16.252960	
13	2	19.181320	11.792020	14.030990	11.563140	
14	1	13.147910	14.783570	
15	3	23.013690	9.782548	15.803160	13.040650	9.526964	18.350930	
16	2	36.558000	18.350930	5.937297	21.810480	
17	3	13.386320	11.566150	22.120950	6.714842	8.848135	15.103310	
18	3	16.125430	20.092940	15.081090	13.040650	9.414154	13.133410	
19	1	9.281466	16.252960	
20	1	21.157650	11.563140	
21	1	13.147910	18.011210	
22	1	22.120950	8.581421	
23	1	11.496170	11.792020	
24	1	6.445343	21.810480	
25	1	10.005920	16.954530	
26	1	8.848135	17.691470	
27	1	9.962688	15.647270	
28	1	7.898947	16.252960	
29	1	6.390096	19.895600	
30	2	13.386320	10.001400	5.995519	20.092940	
