nice35.25.txt
15
25
100 41
1	2	24.549430	13.176700	24.685730	10.806650	
2	1	12.327410	11.601970	
3	2	30.261630	13.237390	12.336650	19.249500	
4	1	10.410610	21.711150	
5	1	24.549430	26.493250	
6	1	24.685730	10.551700	
7	1	12.358320	11.601970	
8	3	28.560050	29.058490	28.560050	28.039140	15.506960	26.763880	
9	4	16.954040	30.868230	16.628900	29.195740	16.628900	27.901880	30.261630	13.572350	
10	1	30.261630	30.287880	
11	1	9.098157	21.711150	
12	4	40.298550	12.034150	19.508770	21.191230	24.685730	9.942051	12.336650	11.618720	
13	1	15.506960	16.138500	
14	1	11.007860	30.868230	
15	1	24.549430	17.427670	
