nice18.25.txt
15
25
100 50
1	2	34.193950	20.507680	30.611670	13.481520	
2	1	49.521210	12.388740	
3	1	11.945650	22.351590	
4	1	29.420600	12.714400	
5	2	22.722630	36.438220	11.505770	36.438220	
6	3	18.942660	36.438220	14.556990	36.438220	20.020630	14.558310	
7	1	11.940990	28.495790	
8	1	11.593950	36.438220	
9	2	11.877570	22.351590	15.070160	15.014270	
10	1	13.080030	22.351590	
11	2	15.541510	15.014270	11.866190	9.992361	
12	2	49.521210	16.107050	19.348840	12.714400	
13	2	20.678000	36.438220	10.310240	14.558310	
14	1	17.036600	20.507680	
15	3	20.899690	14.558310	7.926140	28.495790	11.866190	12.359230	
