nice6.50.txt
30
50
100 32
1	1	9.719791	15.581090	
2	1	19.788740	15.661980	
3	1	11.203530	15.260870	
4	1	11.295090	9.486105	
5	1	8.115971	23.312920	
6	1	7.862552	14.261230	
7	1	9.719791	11.000410	
8	1	26.450630	7.564815	
9	1	26.450630	7.265411	
10	1	8.874346	23.312920	
11	2	15.127510	8.995975	8.615152	14.277210	
12	1	18.935970	11.349990	
13	1	31.527950	10.368040	
14	1	22.322010	7.769756	
15	1	7.970781	20.014480	
16	5	30.681120	14.830230	24.821000	11.349990	11.295090	13.826810	16.646580	6.818325	8.283028	13.075550	
17	4	15.127510	10.590590	8.840721	16.252080	7.862552	15.829870	6.905306	16.315430	
18	2	27.750740	26.581510	16.646580	6.401642	
19	2	12.883440	16.315430	8.840721	15.725330	
20	2	22.322010	7.491113	8.283028	13.505960	
21	2	10.477850	26.581510	8.717866	26.581510	
22	1	12.338400	15.260870	
23	2	10.458810	12.706210	5.990372	20.014480	
24	1	11.202440	30.091090	
25	4	8.984266	23.312920	10.458810	17.384880	11.267810	15.260870	16.646580	6.826524	
26	1	9.788992	26.581510	
27	4	13.344460	17.350870	10.753920	20.014480	15.127510	12.390850	13.344460	12.740220	
28	2	18.973350	23.312920	16.646580	6.535017	
29	1	31.527950	9.646437	
30	1	8.615152	12.304300	
