nice8.200.txt
120
200
100 19
1	2	3.494067	11.851460	6.351503	5.505177	
2	1	7.786530	7.618263	
3	1	7.498868	7.058836	
4	1	3.836644	13.919080	
5	1	3.111308	12.297690	
6	1	3.756082	13.230060	
7	1	3.705621	11.558300	
8	3	17.135150	4.360065	8.770575	6.104860	4.052522	12.428190	
9	1	5.894022	5.421683	
10	1	8.961877	5.023604	
11	4	5.155421	11.558300	13.977720	3.728286	3.696605	13.093080	7.133811	4.969733	
12	3	5.314852	6.973491	4.607154	7.772354	7.805029	3.777529	
13	4	13.903400	5.384042	5.755388	11.731510	11.740470	3.921253	5.193521	7.957552	
14	1	5.849088	11.558300	
15	3	11.029820	4.958540	7.786530	6.583458	7.010940	6.184920	
16	1	7.392015	7.270599	
17	2	3.767485	11.558300	3.946257	10.267910	
18	3	4.320900	16.748550	6.001742	10.117150	7.871525	5.613557	
19	1	6.052448	11.594140	
20	3	14.646810	11.239040	4.489331	10.906850	4.322717	6.685496	
21	1	10.345630	4.146005	
22	2	6.921128	5.502672	6.176144	5.795309	
23	1	7.133811	6.457471	
24	2	11.386350	5.271656	7.707240	5.035444	
25	2	4.849802	10.053250	11.740470	3.775762	
26	1	2.895208	11.039840	
27	1	7.170838	5.874028	
28	2	3.698584	10.655940	7.417454	5.035444	
29	2	8.386549	5.438779	4.317025	9.621965	
30	3	3.941963	10.267910	4.395699	8.266462	11.578450	3.072663	
31	5	4.836671	10.655940	4.584992	10.655940	7.762616	5.935259	6.545490	5.157995	8.961877	3.365624	
32	2	6.245990	8.266462	13.242640	3.315085	
33	1	4.384236	8.266462	
34	1	4.172504	7.697015	
35	2	6.652242	12.990040	4.322717	10.063060	
36	3	14.903600	8.595661	6.001742	8.208320	6.999482	6.325014	
37	4	14.903600	8.486624	6.056826	9.315706	13.242640	3.310724	3.775923	11.594140	
38	1	4.317933	12.297690	
39	1	5.554925	7.368238	
40	2	8.256763	7.506639	8.961877	4.372662	
41	1	9.118858	6.973491	
42	1	6.265356	7.118658	
43	1	7.429241	13.413690	
44	2	5.484467	10.655940	7.805029	5.426271	
45	2	7.827919	6.325014	3.529718	11.594140	
46	1	13.977720	4.506623	
47	1	7.871525	7.945356	
48	2	8.084283	6.135603	7.805029	5.597034	
49	2	7.800103	9.134791	6.733460	5.421683	
50	4	7.158175	6.483303	8.770575	5.223451	4.911873	8.270284	3.584017	10.655940	
51	2	5.199864	13.230060	3.839770	11.924690	
52	2	10.552230	8.287258	8.854072	5.475268	
53	2	7.133811	7.104656	6.056826	7.216275	
54	3	8.572762	6.286253	6.265356	7.083063	9.365062	4.376925	
55	1	3.537544	11.924690	
56	3	5.388529	11.558300	8.955946	5.095410	4.365120	6.527285	
57	1	7.511583	7.270599	
58	1	5.970112	6.367406	
59	3	11.122320	3.467820	4.295010	8.266462	6.545490	5.109912	
60	3	5.462338	9.120324	4.064393	10.906850	4.654732	6.527285	
61	2	8.151022	5.421683	8.615129	4.958540	
62	1	8.864610	8.287258	
63	1	14.433710	4.897722	
64	2	10.124210	6.184920	4.689944	13.093080	
65	4	5.033735	11.239040	9.871950	5.313033	4.170049	10.053250	6.351503	5.150767	
66	1	13.903400	5.271902	
67	2	7.013157	5.935259	7.805029	3.731025	
68	1	10.790880	5.475268	
69	1	10.564520	18.531860	
70	1	7.498868	5.703054	
71	1	4.911873	8.478271	
72	2	4.485520	11.558300	3.324792	12.428190	
73	3	6.570638	7.506639	5.124759	8.457514	6.039263	6.135603	
74	4	7.834480	6.203598	9.871950	4.802028	5.490026	7.334385	6.027663	6.135603	
75	1	4.658699	8.239538	
76	2	6.938526	6.197043	3.054410	11.851460	
77	1	5.041462	8.457514	
78	3	8.536709	7.334385	4.412698	7.772354	5.165368	6.219310	
79	1	7.012852	5.359990	
80	1	6.530111	6.824112	
81	1	5.642084	7.398289	
82	1	6.176144	5.303975	
83	2	13.937880	3.660226	7.290214	6.203598	
84	1	3.927759	13.422930	
85	1	6.921128	6.055629	
86	1	3.872344	13.422930	
87	1	5.970112	6.390694	
88	2	13.937880	3.617893	4.032339	8.266462	
89	1	5.642084	6.520787	
90	1	11.000150	5.478396	
91	1	13.242640	4.168163	
92	1	14.026730	3.565694	
93	1	5.755388	10.826210	
94	1	5.193521	10.367920	
95	1	7.046366	10.793970	
96	1	5.970112	9.381020	
97	1	7.158175	6.278588	
98	1	11.122320	6.347839	
99	1	6.548477	7.442347	
100	1	8.770575	12.211720	
101	1	4.238236	7.697015	
102	1	4.706582	12.581080	
103	1	6.548477	6.417574	
104	1	6.938526	7.361870	
105	1	3.280936	11.039840	
106	1	5.165368	6.361771	
107	1	8.577501	5.935259	
108	1	6.858675	6.824112	
109	2	9.365062	4.743399	10.345630	4.093534	
110	2	11.122320	2.946231	4.317025	6.988166	
111	2	10.166220	5.461562	7.170838	5.684273	
112	2	8.553724	7.625008	8.030483	5.271656	
113	1	11.578450	3.213590	
114	1	13.937880	3.515852	
115	2	7.702388	6.470748	7.702388	6.291142	
116	3	3.777061	11.594140	6.056826	7.008046	5.146883	8.239538	
117	1	6.964867	5.359990	
118	1	6.762423	6.824112	
119	2	9.778357	5.478396	5.554925	9.241894	
120	1	6.652242	9.149076	
