nice20.25.txt
15
25
100 45
1	3	35.274360	19.517170	12.088040	27.054400	18.606660	12.214350	
2	2	17.144570	24.084300	20.776150	17.842300	
3	1	15.883870	25.862210	
4	2	17.144570	20.812400	7.893286	29.542040	
5	2	35.274360	25.379530	8.688107	27.054400	
6	2	34.739810	16.505320	11.380930	44.896700	
7	1	18.735770	18.596670	
8	1	10.713370	29.542040	
9	1	18.783290	18.596670	
10	1	18.606660	13.346910	
11	1	21.280760	8.779809	
12	2	15.883870	29.241090	14.204640	16.505320	
13	1	15.423990	44.896700	
14	3	23.619410	20.001310	20.609290	20.001310	21.280760	11.221500	
15	2	27.990400	18.596670	16.565010	16.505320	
