path11.25.txt
15
25
100 100
1	1	15.337210	13.714990	
2	1	100.000000	7.821349	
3	1	19.521710	1.639953	
4	1	4.974202	13.105170	
5	1	76.501530	1.044442	
6	2	32.916990	6.420993	5.990136	21.391270	
7	2	13.421660	22.572870	45.424400	1.279044	
8	1	45.679270	6.559454	
9	1	80.478290	1.639953	
10	2	8.896327	6.559454	5.428341	8.286102	
11	4	53.661350	22.572870	84.662790	13.714990	4.060974	21.391270	2.744221	8.286102	
12	3	81.776330	3.845816	3.198361	13.105170	23.498460	1.044442	
13	1	32.916990	16.151880	
14	3	81.776330	17.545450	100.000000	3.186366	45.424400	5.280411	
15	1	100.000000	22.069300	
