path22.200.txt
120
200
100 100
1	1	25.032020	5.998817	
2	1	3.136270	5.843293	
3	1	10.387830	1.451327	
4	1	6.977705	3.573426	
5	1	1.330285	34.861400	
6	1	16.060730	0.665700	
7	3	35.085110	5.001821	22.188180	1.233528	13.710510	1.089266	
8	2	2.123366	8.309081	0.777508	20.207760	
9	1	43.766000	2.989158	
10	1	12.984140	0.897882	
11	3	10.099660	22.871620	19.734500	1.067512	10.311100	1.089266	
12	2	21.582490	0.671606	22.130080	0.496328	
13	1	1.154031	15.011870	
14	1	23.910050	0.479801	
15	2	35.824760	1.123102	1.815027	11.789460	
16	2	40.349990	0.636132	1.659409	11.789460	
17	1	11.675370	1.210672	
18	2	10.971010	1.354689	24.247830	0.514490	
19	1	3.867357	3.176143	
20	1	18.809020	3.856298	
21	4	10.567700	7.906946	29.160780	1.058712	11.918930	1.766510	18.687240	1.058712	
22	1	4.886444	37.717370	
23	1	28.136110	1.231137	
24	1	3.547310	3.992271	
25	1	21.582490	34.189790	
26	1	5.890397	2.963092	
27	1	0.667829	34.861400	
28	1	17.642950	1.027139	
29	1	22.279270	0.542357	
30	2	3.446472	9.019436	19.052580	1.027139	
31	1	26.806080	1.451327	
32	2	23.319670	1.123102	10.957150	1.356305	
33	1	3.500029	7.660333	
34	1	50.122540	3.100518	
35	1	23.939540	1.153055	
36	3	41.181850	1.354689	16.650480	0.792713	4.503416	2.578138	
37	2	19.993700	1.027139	2.081769	8.309081	
38	2	17.958450	1.210672	11.918930	1.699051	
39	1	7.444729	3.868439	
40	1	24.843730	1.589553	
41	1	35.675770	0.493109	
42	2	20.238510	0.833261	1.339134	9.713468	
43	1	21.790410	0.496328	
44	1	9.500376	34.861400	
45	1	44.188210	1.210672	
46	1	0.818207	14.653640	
47	1	25.771160	0.952445	
48	1	3.755553	3.628101	
49	3	16.259120	1.354689	0.866596	15.411610	10.530480	1.089266	
50	1	5.597085	3.176143	
51	2	20.580620	0.699892	17.906230	0.731918	
52	1	3.293376	34.861400	
53	1	23.195240	0.843620	
54	1	10.823510	1.184798	
55	1	27.934360	3.282792	
56	4	7.211127	34.861400	24.956980	1.679365	12.707200	1.089266	1.339134	8.017367	
57	1	62.398020	2.435662	
58	2	3.547310	9.381415	2.720779	5.843293	
59	3	18.376760	5.998817	4.124246	5.011053	3.612457	3.176143	
60	4	62.605300	2.272959	10.319080	1.716399	20.725250	0.843620	15.172520	1.123102	
61	3	19.029790	1.339948	18.786120	1.354689	17.906230	0.604106	
62	2	10.822480	2.049264	10.319080	1.702374	
63	1	40.676770	12.738910	
64	6	7.544571	3.088321	35.675770	0.574403	2.352770	8.309081	3.547310	4.357149	19.769370	0.699892	3.003804	4.498157	
65	1	24.247830	0.825458	
66	1	17.030980	10.769230	
67	1	21.928530	12.738910	
68	3	11.206720	1.839894	21.138730	0.543657	14.323250	0.773091	
69	3	100.000000	1.185170	47.220090	1.335796	0.982100	11.789460	
70	4	49.768450	0.969646	20.670050	0.920977	2.119741	8.309081	13.939850	1.126285	
71	3	7.304827	3.176143	13.300110	1.126285	12.173020	0.911221	
72	1	9.835021	1.589553	
73	1	25.286770	1.058712	
74	1	13.513700	1.839894	
75	1	11.365700	2.049264	
76	1	49.768450	0.575545	
77	1	7.544571	2.680462	
78	1	11.159460	4.242642	
79	3	47.259280	0.474718	27.463250	0.641135	14.730840	1.184798	
80	4	17.062420	5.998817	47.220090	1.460285	44.080960	0.756292	12.173020	0.928673	
81	1	27.273700	0.665644	
82	2	14.323250	1.036914	4.124246	3.298028	
83	3	10.099660	11.989780	1.251579	15.411610	11.372850	1.210672	
84	2	1.381854	15.411610	14.805110	1.210672	
85	1	24.604610	1.231137	
86	1	9.013919	2.796081	
87	3	4.493417	4.468450	3.755553	4.278845	7.444729	1.522288	
88	4	21.148890	5.001821	14.323250	5.294920	14.063320	1.058712	0.742670	14.653640	
89	2	2.248500	9.019436	26.348990	0.424000	
90	3	50.231550	2.342786	4.493417	4.550986	4.503416	4.414062	
91	1	0.956506	23.071940	
92	1	12.984140	0.942012	
93	1	24.956980	2.176933	
94	3	30.635670	34.861400	24.568200	1.184798	14.509870	1.356305	
95	1	22.279270	0.484782	
96	3	26.120560	0.543657	8.438396	1.589553	10.702820	1.153055	
97	2	34.642360	4.845763	15.706520	1.029900	
98	2	4.411758	25.636940	7.444729	1.601473	
99	2	23.349230	0.479801	16.060730	0.670324	
100	1	27.463250	0.485150	
101	1	27.273700	0.690661	
102	1	4.411758	9.224455	
103	2	49.768450	0.797595	17.994830	0.952445	
104	1	0.783368	20.207760	
105	1	5.871513	2.306729	
106	1	20.342510	1.029900	
107	1	23.842460	0.833261	
108	1	3.003804	4.521279	
109	1	1.831367	5.974255	
110	2	14.524680	2.880201	16.650480	1.047181	
111	2	32.494890	1.126285	3.055077	5.974255	
112	1	95.113560	3.656087	
113	1	26.348990	0.605900	
114	1	3.872525	9.019436	
115	1	21.031500	1.027139	
116	5	18.906680	1.067512	20.670050	0.918916	0.363578	34.861400	3.341371	3.573426	5.871513	1.935914	
117	2	8.634281	2.963092	3.415827	6.992200	
118	1	7.544571	3.250652	
119	1	12.928640	1.451327	
120	1	4.886444	7.125151	
