path47.100.txt
60
100
100 82
1	3	69.832210	6.884805	7.357640	17.546040	9.144957	1.777799	
2	2	20.396220	1.807933	0.560159	35.453590	
3	1	6.139916	5.613492	
4	1	23.518920	0.890518	
5	1	22.109210	4.062580	
6	1	19.336600	0.872072	
7	1	26.843330	0.615331	
8	1	13.790500	1.088508	
9	6	23.244080	12.048520	12.184560	1.830511	1.249255	17.326680	3.801557	4.869021	1.222473	12.332040	5.893287	2.371030	
10	3	40.921240	13.606150	13.956020	15.415810	1.187478	17.326680	
11	2	17.945820	14.455030	3.719047	12.857900	
12	1	0.898287	16.383280	
13	1	9.924644	1.830511	
14	2	4.104819	4.205402	1.301231	11.996970	
15	1	32.526950	9.841818	
16	1	4.435425	32.428020	
17	1	12.183540	5.675292	
18	1	3.165005	5.613492	
19	1	9.144957	1.713160	
20	2	20.071150	9.841818	23.518920	1.145016	
21	1	13.472130	4.947054	
22	2	5.848783	3.294828	3.719047	3.915810	
23	1	5.848783	4.393796	
24	2	1.329906	14.455030	5.908147	2.371030	
25	2	17.394080	17.546040	19.853570	3.203919	
26	1	8.594789	2.371030	
27	3	70.651500	15.976140	0.682211	40.851380	19.853570	1.059925	
28	2	39.125970	4.947054	5.688818	21.300830	
29	1	5.498410	5.490979	
30	1	0.898287	16.044730	
31	1	52.598090	0.749236	
32	1	11.370720	6.884805	
33	1	5.243107	4.869021	
34	2	0.496079	35.453590	0.523260	31.584560	
35	1	9.044664	7.463018	
36	1	2.062485	8.126637	
37	3	40.921240	0.848881	1.659411	15.976140	5.662605	4.197665	
38	3	81.202930	7.129062	52.598090	1.235602	33.411210	0.615331	
39	3	43.914710	4.178963	7.670033	5.675292	2.042334	8.126637	
40	3	4.820451	15.415810	22.109210	2.195367	22.109210	1.691062	
41	2	12.388790	14.455030	3.482351	4.197665	
42	1	19.333340	1.087468	
43	1	3.937396	4.776742	
44	1	23.518920	13.940600	
45	1	3.007483	32.428020	
46	1	31.518900	1.201083	
47	1	31.518900	1.889371	
48	1	2.636165	11.996970	
49	2	1.140788	26.937040	22.109210	1.056786	
50	3	78.766200	17.326680	17.728400	1.088508	1.181065	12.332040	
51	1	40.917940	0.872072	
52	3	19.853570	1.626743	1.462971	12.332040	9.982373	1.495734	
53	2	2.431717	67.038150	0.682211	26.186770	
54	1	12.126830	1.495734	
55	1	0.787290	32.428020	
56	1	1.275765	12.332040	
57	2	5.688818	3.972398	19.853570	0.766159	
58	4	9.304922	19.659730	60.254540	2.368701	61.869590	1.087468	0.532977	31.584560	
59	1	5.975253	15.415810	
60	2	4.357622	26.937040	23.244080	2.406517	
