path36.25.txt
15
25
100 100
1	1	3.957283	70.563950	
2	2	43.662370	81.967820	1.277677	96.837710	
3	5	35.097710	13.236420	2.507508	70.563950	100.000000	1.723897	100.000000	1.438396	0.845874	83.210820	
4	2	10.147100	12.646870	8.564664	14.869880	
5	1	14.235500	78.354520	
6	1	1.562307	96.837710	
7	1	35.097710	1.633462	
8	1	18.548450	4.349919	
9	1	11.956520	3.835228	
10	1	21.280190	96.837710	
11	2	2.543384	43.953770	1.138930	70.563950	
12	1	2.543384	26.610180	
13	1	4.312951	78.354520	
14	2	1.712480	96.837710	0.963545	83.210820	
15	3	18.548450	14.133260	6.516169	9.791658	5.440354	9.791658	
