path37.200.txt
120
200
100 98
1	1	10.397270	1.511828	
2	1	3.788414	10.261580	
3	2	21.059920	0.663699	1.994557	5.582798	
4	2	36.052390	1.438599	4.079559	3.473130	
5	1	8.365686	13.970010	
6	4	14.473610	1.759056	19.043210	0.613428	12.381040	0.920588	9.971611	0.823752	
7	4	2.628703	13.970010	16.250700	1.544162	4.699251	2.814011	1.994557	4.678779	
8	1	14.011400	3.077928	
9	2	97.175440	1.094744	8.842554	2.292833	
10	1	26.543290	0.304333	
11	4	29.485490	0.781005	3.481062	2.814011	8.540182	0.967596	9.873228	0.817375	
12	2	9.971611	1.366551	16.424070	0.545224	
13	1	10.003290	0.920588	
14	1	52.516210	0.829169	
15	1	11.793880	2.268082	
16	2	30.966170	0.689935	6.385438	1.866177	
17	3	9.483964	3.257595	4.401564	2.475351	17.762480	0.566560	
18	3	18.109640	6.619277	15.709840	2.864392	5.250142	2.475351	
19	1	2.272164	3.952851	
20	4	15.584530	7.348053	22.170270	1.355456	5.353793	4.149912	2.272164	6.902124	
21	1	3.465553	19.422680	
22	2	13.203580	1.584478	1.187858	6.820727	
23	1	13.102040	0.937833	
24	2	13.429300	2.937867	32.094390	0.324143	
25	3	3.113555	13.970010	9.011029	1.320992	8.240222	0.967596	
26	1	38.399190	1.680925	
27	1	20.575030	2.828920	
28	1	26.543290	0.925092	
29	2	9.762881	0.967596	1.912151	4.149912	
30	2	4.830590	4.815974	18.285970	0.877427	
31	2	36.575090	8.863035	9.971611	1.115076	
32	1	7.838925	1.438599	
33	1	29.801330	0.475372	
34	1	4.571753	1.703405	
35	3	20.401700	1.584478	4.571753	4.335706	13.102040	0.746310	
36	6	1.175787	19.234440	6.788746	3.219579	5.580429	2.360094	4.098236	3.077928	2.399801	4.272800	4.013647	2.160262	
37	1	6.708985	3.506922	
38	1	4.350848	1.816455	
39	3	24.848110	0.613428	7.246914	1.816455	9.483964	1.376421	
40	3	43.891320	1.274555	9.651706	1.302186	6.788746	1.596395	
41	2	7.126644	3.272878	9.971611	0.857749	
42	1	97.175440	1.030987	
43	2	17.529890	1.455394	8.628052	2.292833	
44	2	3.641928	4.149912	29.801330	0.336642	
45	1	3.158867	2.814011	
46	3	21.080980	19.422680	43.891320	2.353168	15.709840	0.640214	
47	1	7.126644	4.108967	
48	1	13.794700	12.033790	
49	2	51.783940	2.937867	5.463306	8.997530	
50	2	24.675050	4.716293	1.648773	19.234440	
51	1	6.655572	13.970010	
52	1	8.875546	2.073128	
53	1	6.660301	3.290515	
54	1	21.059920	0.739054	
55	3	97.175440	1.836712	16.914720	0.680116	18.285970	0.477420	
56	2	29.801330	1.341561	6.356701	4.149912	
57	3	16.520210	0.712818	12.069680	0.940252	4.723941	2.160262	
58	1	19.088220	1.511828	
59	1	12.069680	0.818804	
60	2	13.794700	25.077510	12.282940	2.358028	
61	1	26.543290	0.645608	
62	2	16.424070	0.857529	1.187858	7.149279	
63	1	10.670270	2.360094	
64	1	43.891320	0.627606	
65	1	21.789130	0.677103	
66	1	3.047085	3.473130	
67	1	26.543290	0.456300	
68	2	21.721050	1.355456	1.668890	13.326360	
69	3	16.610600	1.331821	9.917673	2.160262	20.897830	0.636044	
70	1	41.308800	18.815450	
71	1	34.373080	0.762799	
72	1	9.651706	1.038437	
73	3	97.175440	4.168842	65.213240	4.965682	4.517390	2.814011	
74	1	2.343148	4.149912	
75	1	5.063588	1.816455	
76	3	35.318480	7.263800	14.324830	0.689935	3.729072	2.160262	
77	1	20.808990	2.282446	
78	1	11.090130	0.773160	
79	1	11.564000	1.320992	
80	1	0.913633	13.326360	
81	1	16.250700	0.583656	
82	2	2.460508	4.316174	14.926650	0.531269	
83	2	32.094390	0.651065	26.543290	0.555101	
84	4	3.175115	8.997530	6.280310	1.786721	4.301278	1.866177	4.571753	1.704487	
85	1	8.257312	1.354847	
86	3	13.475250	0.636044	16.610600	0.513166	14.874670	0.531269	
87	1	10.694710	13.970010	
88	2	65.081050	0.975208	14.531110	2.358028	
89	2	8.890703	4.149912	16.250700	0.916127	
90	1	43.891320	1.305570	
91	1	17.762480	1.278428	
92	1	22.384330	1.069062	
93	1	23.850230	2.282446	
94	1	16.843190	1.455394	
95	1	9.389742	10.854970	
96	1	7.940902	37.111300	
97	1	6.280310	1.345110	
98	1	16.610060	0.677103	
99	2	43.891320	0.479190	9.942132	1.816455	
100	1	2.460508	5.945403	
101	2	29.801330	5.058753	2.066739	4.149912	
102	1	8.572843	7.263800	
103	3	24.675050	14.706390	6.821728	3.131831	8.875546	1.433794	
104	4	12.669190	13.970010	10.286040	1.584478	17.684020	0.712818	14.858990	0.680116	
105	1	15.709840	0.768195	
106	1	20.683580	0.773160	
107	1	16.077380	19.422680	
108	1	9.873228	1.237394	
109	1	19.943180	3.290515	
110	1	14.400450	0.689935	
111	1	1.983809	4.149912	
112	3	50.219350	2.292833	20.742490	1.453277	25.487220	0.712818	
113	2	28.553530	19.422680	26.543290	0.479632	
114	2	9.483964	4.363514	9.971611	0.943842	
115	1	11.793880	1.881830	
116	1	6.147512	19.422680	
117	1	2.582524	5.489089	
118	1	10.686720	0.947834	
119	1	16.250700	3.593491	
120	1	9.873228	2.095143	
