path43.25.txt
15
25
100 83
1	1	15.979490	6.100446	
2	1	32.630580	3.397873	
3	1	9.852677	5.027483	
4	3	28.238210	82.328220	26.717810	3.241888	16.571130	5.027483	
5	2	31.288730	82.328220	14.704850	6.652807	
6	1	7.846628	6.652807	
7	3	40.473050	75.367240	40.473050	1.933491	5.482874	10.548780	
8	1	49.269290	1.072850	
9	1	16.638710	3.397873	
10	1	49.269290	2.075425	
11	2	28.572590	3.094190	20.696690	3.094190	
12	2	50.730710	5.797531	15.979490	4.448332	
13	1	50.730710	1.325475	
14	2	14.049240	5.027483	49.269290	1.378638	
15	3	16.007680	10.548780	13.260670	10.548780	26.717810	3.410919	
