path1.200.txt
120
200
100 51
1	3	2.771637	20.464870	1.443776	12.539110	15.718090	0.888458	
2	2	9.556726	8.781500	1.314470	11.693380	
3	3	11.895000	4.056682	7.817509	3.140683	20.511070	0.850640	
4	3	10.411930	2.761536	4.570549	4.375644	1.736806	10.603970	
5	1	16.952060	0.756419	
6	3	49.898780	25.215920	1.312688	13.952360	0.606434	24.760420	
7	3	1.793597	17.894740	1.314470	14.116320	31.612530	0.426043	
8	2	41.204610	0.639651	1.320217	14.097400	
9	1	5.986324	13.364930	
10	1	7.817509	4.005595	
11	1	14.372880	1.748960	
12	1	1.218610	13.999730	
13	1	2.101911	33.945530	
14	1	49.898780	0.588699	
15	1	0.872253	34.549190	
16	2	24.323970	1.015064	3.477952	3.767135	
17	2	18.621810	1.341959	23.672840	0.621098	
18	1	15.699420	2.845096	
19	2	16.828340	1.473467	6.154009	3.778874	
20	3	10.808390	3.008777	5.580657	3.201016	1.167773	14.857510	
21	4	0.640737	34.549190	1.697029	9.877637	23.599490	0.706608	3.826061	3.767135	
22	1	0.948287	14.734750	
23	1	2.329189	6.028456	
24	4	2.164320	10.202270	32.430660	0.584768	41.204610	0.432389	0.790432	22.174880	
25	3	9.153507	2.078303	0.573412	28.398880	1.617641	9.920597	
26	1	9.304220	2.376595	
27	1	6.627722	34.549190	
28	1	1.558200	9.103900	
29	1	21.637350	0.651416	
30	3	7.603799	2.571012	18.917140	0.934528	1.443114	10.202270	
31	1	2.873327	6.028456	
32	3	0.818425	28.433280	42.173330	0.481379	0.509428	25.420590	
33	3	3.546255	33.945530	3.382372	20.464870	29.664580	0.710601	
34	1	7.817509	2.997736	
35	1	7.078392	1.852417	
36	1	6.154009	3.835923	
37	1	3.638445	9.489407	
38	3	2.436076	22.586380	0.818425	22.010550	0.573412	22.044950	
39	1	4.275731	7.207360	
40	1	2.208435	7.664258	
41	1	7.845964	2.228320	
42	1	21.201800	6.580703	
43	3	29.664580	0.550890	31.612530	0.508485	2.219373	6.028456	
44	1	17.668660	0.934528	
45	2	10.808390	12.854020	3.991715	13.160580	
46	1	42.173330	0.635269	
47	3	1.123224	22.174880	1.647017	14.857510	9.360808	1.748960	
48	4	2.693342	17.835390	38.607770	0.725305	1.830299	10.603970	1.705037	9.877637	
49	4	7.817509	12.442370	18.621810	1.285031	29.664580	0.539596	2.349795	6.082818	
50	3	7.304013	25.908790	7.078392	11.924300	18.799120	2.894848	
51	2	7.441764	12.191540	2.751427	22.174880	
52	2	2.888855	6.305785	32.430660	0.427303	
53	4	1.456610	13.160580	11.109120	1.473467	0.606434	25.683420	15.718090	0.860502	
54	2	7.603799	8.255175	2.888855	4.520402	
55	1	5.951842	4.927119	
56	1	8.107682	2.228320	
57	2	11.042770	2.626990	26.225940	0.621098	
58	1	17.187050	0.916112	
59	1	30.711950	6.472186	
60	2	2.912739	8.132191	2.208435	7.193248	
61	3	28.670990	7.207360	5.556846	12.398030	1.893977	8.781518	
62	1	15.759670	0.916112	
63	4	29.664580	0.562052	39.197770	0.397634	7.441764	2.048821	5.748294	2.346882	
64	2	1.793597	16.050790	1.694129	13.999730	
65	3	1.625467	13.160580	1.312688	11.857340	19.567260	0.651416	
66	3	18.443390	0.874603	1.295098	9.920597	6.154009	2.079228	
67	1	6.139789	7.367054	
68	1	9.153507	12.137270	
69	1	3.947375	6.242819	
70	1	38.607770	1.711267	
71	1	0.848066	20.051930	
72	1	7.121027	2.228320	
73	1	0.848066	30.391900	
74	1	23.599490	0.933771	
75	2	10.808390	7.325421	12.693000	2.228320	
76	1	10.336800	9.103900	
77	1	0.506609	50.443830	
78	1	1.995210	12.300140	
79	1	2.349795	5.530001	
80	2	16.264870	0.794685	0.509428	25.023240	
81	2	46.171610	22.586380	7.441764	2.257946	
82	3	6.154009	4.390287	1.995210	9.103170	1.384780	9.489407	
83	1	5.271425	12.539110	
84	3	30.711950	4.354002	9.556726	3.757611	10.303170	1.748960	
85	3	30.792680	5.355551	3.984951	4.266823	16.165800	0.794685	
86	1	4.570549	18.210740	
87	3	2.233014	13.160580	5.556846	3.193426	1.415791	10.202270	
88	1	31.727650	2.436572	
89	1	23.599490	5.971611	
90	3	16.509920	1.735629	0.969528	17.835390	7.078392	2.079365	
91	1	7.552056	3.701800	
92	1	16.880630	1.015064	
93	1	14.524750	13.364930	
94	1	10.411930	2.594015	
95	1	1.333192	12.539110	
96	1	5.556846	2.711224	
97	1	10.808390	27.255620	
98	1	1.320217	11.712300	
99	1	0.873414	22.174880	
100	1	5.580657	2.827440	
101	1	2.349795	18.063110	
102	1	13.154660	1.735629	
103	1	6.036826	2.346882	
104	1	39.197770	0.475780	
105	1	18.443390	0.874357	
106	1	10.535870	2.346882	
107	1	17.802460	22.586380	
108	1	18.799120	3.133608	
109	1	32.430660	0.421563	
110	1	5.502379	2.845096	
111	1	1.893977	9.053870	
112	1	26.025000	1.116649	
113	1	7.427980	2.376595	
114	4	1.118692	34.549190	41.204610	0.593152	2.136431	9.877637	11.260310	1.473467	
115	1	10.812270	7.367054	
116	1	7.078392	13.819850	
117	1	8.816664	2.346882	
118	1	17.647650	4.927119	
119	1	1.046923	14.734750	
120	1	3.984951	6.337144	
