path28.100.txt
60
100
100 95
1	2	6.123774	6.443447	11.829780	1.966293	
2	1	28.274280	0.707570	
3	2	13.657790	8.719127	35.639780	0.754604	
4	1	3.952322	6.570581	
5	2	16.535380	1.240228	9.203805	2.155458	
6	2	10.545010	10.731990	7.358003	7.287273	
7	1	21.222340	10.731990	
8	1	28.274280	1.098608	
9	2	13.478550	7.382313	11.600990	1.966293	
10	2	43.811710	1.411695	2.978909	7.382313	
11	1	30.076920	1.806178	
12	6	43.811710	15.195400	2.378029	11.161650	0.875490	23.302030	14.865640	1.354793	16.535380	1.207833	0.899707	21.579160	
13	3	94.886260	9.238028	94.886260	1.014624	0.944889	21.579160	
14	1	4.933008	8.825986	
15	1	28.753270	0.676713	
16	1	2.860574	6.570581	
17	1	2.254691	13.535320	
18	1	7.388825	3.511292	
19	1	1.714543	22.085500	
20	1	0.835514	41.603580	
21	2	3.357269	8.043845	2.580294	7.933824	
22	1	7.358003	14.291890	
23	1	0.835514	36.817260	
24	1	12.496650	1.845456	
25	1	0.875490	55.118810	
26	1	28.753270	1.168744	
27	1	94.886260	10.173320	
28	1	94.886260	3.176521	
29	3	68.821320	1.558591	5.028964	6.964736	9.560049	2.900123	
30	1	13.977520	3.204113	
31	1	29.585110	7.508328	
32	3	94.886260	1.371024	2.378029	10.417510	9.203805	2.552325	
33	2	4.270797	8.825986	3.019456	8.043845	
34	4	2.823784	21.579160	23.430770	2.347976	41.456320	0.841022	18.156880	1.223215	
35	2	93.015120	20.044190	6.013793	4.314269	
36	1	1.376626	21.579160	
37	1	6.123774	10.163650	
38	5	46.661450	10.731990	53.636340	1.845456	2.580294	14.040390	1.605518	13.535320	3.092446	6.570581	
39	2	10.470120	2.576926	13.977520	1.594301	
40	1	2.580294	22.116980	
41	1	1.871143	20.044190	
42	1	9.938805	3.349679	
43	1	1.632096	21.579160	
44	2	29.585110	7.875553	7.388825	4.532554	
45	1	58.351200	0.877770	
46	2	1.707873	15.383880	13.977520	1.520965	
47	1	10.470120	2.555084	
48	1	41.815820	2.448061	
49	1	35.639780	0.600189	
50	1	6.518658	3.349679	
51	3	0.822442	78.420840	25.737690	1.824352	8.601149	2.900123	
52	2	4.183675	6.319379	0.865751	22.085500	
53	2	24.767550	3.074351	18.315890	1.354793	
54	4	25.737690	2.489917	13.657790	2.789284	26.793900	1.223215	2.580294	12.244150	
55	1	94.886260	1.144236	
56	3	41.456320	3.927144	41.456320	1.016863	4.435260	4.314269	
57	1	70.118710	3.074351	
58	1	41.456320	2.066928	
59	2	13.657790	3.875470	4.876378	6.964736	
60	1	41.456320	1.367545	
