path13.100.txt
60
100
100 100
1	1	7.427835	2.233784	
2	1	19.452300	2.567880	
3	1	14.590360	3.326593	
4	1	5.631533	4.626744	
5	1	5.580616	4.064249	
6	1	8.458963	1.449482	
7	2	47.230650	4.996317	3.883734	3.772724	
8	2	2.236150	7.648498	2.836063	4.042382	
9	2	100.000000	4.613568	7.775957	4.727247	
10	3	13.198060	51.059170	7.799270	1.729006	14.590360	0.913872	
11	2	3.932013	23.452800	2.116138	5.672079	
12	2	7.773937	7.141850	3.883734	3.875773	
13	1	7.427835	1.966360	
14	1	18.182700	15.478490	
15	1	8.458963	1.133932	
16	4	6.113802	2.616076	4.556305	3.204403	3.241980	4.501094	1.689266	7.715753	
17	2	18.043960	2.777340	5.580616	3.529474	
18	1	8.733149	1.440771	
19	3	31.069790	3.027917	3.684043	3.435257	3.684043	3.226645	
20	1	0.708966	36.260640	
21	1	18.043960	10.720520	
22	1	17.179190	24.786170	
23	1	2.795469	4.042382	
24	3	3.908740	3.482743	3.538971	2.934224	6.113802	1.582935	
25	3	16.197030	24.786170	3.743792	6.661902	0.933382	12.910610	
26	1	13.854430	24.786170	
27	1	13.070690	33.868430	
28	1	100.000000	2.455219	
29	1	18.752930	6.310925	
30	1	15.300850	4.603897	
31	1	5.398376	7.141850	
32	1	2.244213	4.501094	
33	2	0.570840	23.452800	2.345161	4.199010	
34	3	47.230650	4.490579	4.396321	3.259322	4.519038	2.677657	
35	1	15.300850	1.947452	
36	4	3.891350	7.715753	18.752930	0.998393	5.580616	2.576157	14.590360	0.710427	
37	4	49.346790	19.188380	11.984140	3.296088	5.580616	4.068801	5.580616	3.142731	
38	4	7.427835	2.512238	1.873096	7.648498	9.310816	1.440771	5.631533	2.213437	
39	1	5.631533	1.730192	
40	1	0.412633	23.452800	
41	1	5.580616	2.968819	
42	1	11.711790	2.567880	
43	3	18.115540	6.782424	7.950740	8.052373	3.908740	4.569630	
44	2	3.538971	4.808612	5.580616	2.876021	
45	1	15.300850	1.097149	
46	1	4.556305	10.169880	
47	1	24.744510	12.910610	
48	1	10.808530	2.512492	
49	1	11.285610	2.677657	
50	1	0.410296	23.452800	
51	2	49.346790	5.572029	5.631533	38.446410	
52	3	75.708320	7.742836	13.070690	12.978210	20.752710	7.742836	
53	2	68.930210	7.998757	5.486193	8.409515	
54	1	14.590360	1.154614	
55	3	13.172310	23.800160	53.125560	2.677657	2.730883	8.052373	
56	1	5.848374	3.259322	
57	2	18.043960	18.062680	7.799270	1.530316	
58	1	3.781836	2.512492	
59	2	2.116138	28.600980	7.775957	2.921251	
60	1	13.070690	4.212519	
