path39.200.txt
120
200
100 71
1	1	8.315104	2.938228	
2	1	0.719985	21.653360	
3	1	8.432787	1.247606	
4	1	0.632065	20.299280	
5	5	0.989159	37.702030	13.447710	2.217264	0.701870	22.667100	1.649741	7.098676	1.440003	6.967966	
6	4	1.200875	16.035090	1.988944	9.321082	13.569430	1.228226	0.486432	28.073680	
7	1	20.458510	14.463390	
8	1	0.628187	62.478260	
9	1	0.675873	62.478260	
10	1	13.610510	5.957481	
11	1	0.501711	20.870500	
12	1	16.212640	2.392590	
13	1	1.049872	17.456720	
14	1	27.777440	1.624055	
15	1	20.493180	0.732993	
16	1	1.002519	59.157760	
17	1	1.879982	8.281994	
18	1	0.900565	18.831600	
19	1	23.819680	0.632922	
20	1	33.996530	0.383197	
21	3	30.747010	0.678571	3.557066	4.602146	17.976490	0.886098	
22	4	21.077650	7.503451	23.671040	5.171396	53.633790	0.808489	0.492275	22.667100	
23	1	1.400558	28.439530	
24	1	0.634324	59.157760	
25	1	5.691282	6.051074	
26	3	1.657036	11.383710	0.883332	18.884280	4.512481	2.392590	
27	1	1.310449	70.896220	
28	2	1.790849	59.157760	3.732244	3.134614	
29	2	28.418520	1.228226	38.444800	0.708418	
30	1	3.711703	3.007219	
31	1	0.495418	27.348790	
32	1	0.920647	10.986920	
33	2	0.625164	59.364570	15.188990	0.708418	
34	4	5.780752	28.073680	1.096593	49.040030	1.251054	18.927260	16.184420	0.764514	
35	1	1.352666	11.755100	
36	1	1.049872	22.934940	
37	2	27.777440	7.765584	14.798460	0.753341	
38	3	16.383720	5.160047	27.777440	0.386608	27.777440	0.383658	
39	2	22.197550	1.744606	16.803330	0.975109	
40	3	12.097640	14.463390	22.197550	0.900598	0.804165	23.976060	
41	1	8.898293	66.749180	
42	1	0.593938	34.279530	
43	1	17.637660	11.895850	
44	1	4.501472	66.749180	
45	1	3.732244	3.476578	
46	1	0.705330	23.471540	
47	2	2.104985	47.821920	5.252279	3.920900	
48	1	22.816000	0.753341	
49	1	53.633790	1.065637	
50	1	27.777440	0.472437	
51	3	2.088126	6.701987	7.926390	1.746178	0.468327	22.667100	
52	2	1.345149	11.531660	0.553072	24.236910	
53	3	49.698230	18.831600	26.645220	1.788718	5.081640	3.920900	
54	2	53.633790	1.770006	23.099710	0.782753	
55	3	0.946837	16.035090	0.474691	30.484010	0.585175	18.947400	
56	2	53.633790	0.770589	22.197550	0.816386	
57	3	3.711703	5.304233	0.553072	24.250030	1.191625	10.468670	
58	2	4.791019	3.142100	33.996530	0.427082	
59	1	1.049872	22.086610	
60	3	2.080752	6.586356	30.534080	0.395001	15.251810	0.764514	
61	2	1.181343	14.448920	0.853931	18.927260	
62	3	17.976490	2.158038	3.769305	4.553524	33.140610	0.382503	
63	3	3.827065	4.657509	4.021630	3.320505	0.496065	20.870500	
64	3	35.883150	1.746178	26.704130	0.975109	1.096593	13.438230	
65	2	22.886770	0.678571	2.003814	6.817682	
66	3	35.996130	11.895850	0.997775	25.657770	0.593938	24.878230	
67	4	3.376045	35.396860	2.112268	11.383710	0.626325	33.837080	3.430848	3.920900	
68	1	4.011474	5.160047	
69	1	0.624845	23.471540	
70	1	53.633790	0.709250	
71	1	2.081446	11.442100	
72	3	1.185137	13.991330	0.920647	12.484620	1.651492	6.586356	
73	1	4.241892	2.392590	
74	1	58.012050	1.228226	
75	2	0.755981	21.383060	0.398427	38.502200	
76	1	0.864680	21.383060	
77	1	1.306244	12.987880	
78	2	2.445676	5.160047	0.627663	18.906010	
79	1	26.645220	0.458529	
80	2	0.997775	23.742720	1.630257	11.442100	
81	5	1.649741	55.379590	1.152615	43.530860	31.436240	1.083287	3.732244	4.507334	26.645220	0.427931	
82	2	1.046044	18.831600	0.687568	28.439530	
83	2	0.719985	37.711210	0.802508	18.884280	
84	1	17.976490	1.102908	
85	1	0.989159	24.776230	
86	1	0.405739	38.502200	
87	1	0.502358	27.348790	
88	1	1.140748	18.884280	
89	1	1.176170	10.468670	
90	2	3.769305	6.589934	1.204664	11.578000	
91	1	43.809540	3.944564	
92	1	29.814110	1.260121	
93	1	3.711703	5.168846	
94	1	4.106395	5.171396	
95	1	5.497926	5.957481	
96	1	33.996530	0.341713	
97	1	10.126330	0.975109	
98	1	33.140610	0.350490	
99	1	1.352666	10.911990	
100	1	2.252282	6.068957	
101	1	54.661100	1.151992	
102	1	0.567440	18.947400	
103	1	1.306244	10.483660	
104	1	0.577000	18.906010	
105	5	0.626325	28.641180	2.252282	7.689504	8.432787	1.503723	30.534080	0.387752	8.432787	1.169572	
106	2	0.942716	18.884280	2.292242	6.967966	
107	6	4.936570	5.160047	23.819680	0.627199	1.496063	8.281994	16.019330	0.753341	1.765490	6.817682	13.447710	0.801990	
108	1	5.132601	2.938228	
109	2	43.809540	22.382940	0.631621	21.383060	
110	1	5.691282	29.090440	
111	1	0.966368	14.448920	
112	1	1.364449	10.468670	
113	2	3.711703	37.555860	0.632065	28.187650	
114	3	1.988944	9.510522	0.754167	22.667100	11.342360	1.151992	
115	1	2.471736	66.749180	
116	1	6.469228	2.392590	
117	1	3.376045	27.217370	
118	1	21.077650	12.917420	
119	1	26.645220	0.466922	
120	1	27.777440	5.759772	
