path18.25.txt
15
25
100 94
1	1	93.181550	33.224940	
2	1	56.240390	0.700046	
3	3	67.658970	4.742466	9.669264	19.464480	9.453364	6.565748	
4	1	13.589380	23.733370	
5	1	6.818451	8.504133	
6	4	43.256200	43.197850	3.923310	43.197850	9.528829	6.565748	56.240390	0.585952	
7	5	67.658970	1.823282	6.818451	14.144000	2.055898	43.197850	4.939088	12.395390	43.759610	1.285998	
8	2	13.358840	6.565748	4.939088	9.963611	
9	1	3.920115	19.464480	
10	1	6.818451	4.874602	
11	1	32.236130	43.197850	
12	1	4.939088	20.838840	
13	1	6.818451	15.255780	
14	1	6.818451	6.171885	
15	1	93.181550	15.725470	
