path1.50.txt
30
50
100 75
1	2	7.552056	10.603970	15.718090	1.748960	
2	1	30.711950	10.826190	
3	1	2.888855	10.826190	
4	1	36.585800	0.934528	
5	4	18.799120	6.028456	29.664580	1.735629	26.025000	1.116649	7.552056	3.701800	
6	1	20.800680	2.228320	
7	1	29.664580	1.250198	
8	2	32.430660	1.379453	1.314470	25.809700	
9	2	16.732200	29.675930	31.137650	2.346882	
10	2	10.808390	50.443830	1.995210	36.138070	
11	1	5.556846	36.138070	
12	1	14.372880	1.748960	
13	2	1.320217	25.809700	18.443390	1.748960	
14	2	74.227650	22.586380	5.538497	9.877637	
15	3	25.772350	22.586380	42.173330	1.116649	41.204610	1.025541	
16	1	41.204610	12.539110	
17	4	29.664580	14.215570	13.002550	6.028456	39.197770	0.873415	1.312688	25.809700	
18	2	31.612530	0.934528	3.947375	6.242819	
19	1	70.335420	34.549190	
20	1	5.538497	22.174880	
21	1	16.828340	1.473467	
22	3	1.998271	50.443830	2.912739	22.131920	29.664580	1.112942	
23	1	2.912739	9.920597	
24	1	70.335420	2.436572	
25	1	29.664580	2.626990	
26	1	32.430660	0.848866	
27	1	16.732200	2.376595	
28	3	7.603799	10.826190	14.966990	2.228320	22.369430	1.473467	
29	1	19.663980	1.748960	
30	2	9.305867	50.443830	41.204610	7.661683	
