path34.25.txt
15
25
100 100
1	1	55.000580	0.917791	
2	1	26.231230	4.324912	
3	1	26.231230	21.066350	
4	1	44.999420	1.076728	
5	2	73.768770	38.923180	100.000000	14.765400	
6	1	55.000580	0.894274	
7	2	55.000580	0.782414	25.825980	1.517751	
8	1	26.231230	13.531920	
9	2	39.734100	1.314390	60.265900	0.692598	
10	2	67.758030	11.269220	53.779350	2.878912	
11	3	100.000000	16.107640	96.981670	10.277730	39.018280	1.052409	
12	1	60.265900	0.621792	
13	1	3.018335	21.546950	
14	5	29.223640	9.218081	60.981720	1.869040	29.223640	2.051142	39.018280	0.816632	19.173430	1.517751	
15	1	46.220650	2.878912	
