path20.50.txt
30
50
100 100
1	1	3.423296	19.497150	
2	2	28.721010	29.203940	10.254730	4.697548	
3	2	53.092410	19.356980	71.278990	11.321260	
4	1	33.765060	19.497150	
5	2	86.622590	3.305003	8.604428	1.468311	
6	1	21.534790	1.342291	
7	2	100.000000	2.260346	38.435310	0.594588	
8	2	16.287600	19.356980	61.499340	2.046600	
9	2	5.492856	27.399480	18.312320	1.342291	
10	1	32.843690	16.151240	
11	1	30.619990	19.356980	
12	1	9.446807	1.468311	
13	3	58.044150	1.084132	38.435310	0.883019	38.435310	0.732319	
14	3	7.530576	19.497150	16.621730	1.468311	28.721010	0.407492	
15	1	38.435310	0.849432	
16	4	71.278990	9.711567	13.533050	5.703442	29.473280	1.084132	42.566550	0.477181	
17	1	9.383075	1.468311	
18	2	23.228150	15.376730	5.234243	19.497150	
19	1	23.228150	12.022750	
20	5	100.000000	4.351664	61.499340	3.656842	13.377410	4.773314	42.566550	0.991130	13.363950	1.125362	
21	1	7.074394	19.497150	
22	1	11.086460	5.703442	
23	1	86.636050	1.125362	
24	1	71.278990	3.321245	
25	1	13.881150	5.703442	
26	1	28.180570	4.697548	
27	1	38.435310	8.394337	
28	1	12.482570	1.084132	
29	1	0.909970	19.497150	
30	3	13.341450	19.497150	28.721010	2.991563	60.152890	1.342291	
