path47.25.txt
15
25
100 96
1	4	43.914710	4.178963	7.656442	16.773710	9.144957	7.688624	20.396220	2.371030	
2	3	25.178340	15.976140	18.291760	12.332040	20.396220	1.807933	
3	1	70.651500	15.976140	
4	3	9.933835	32.428020	81.202930	1.087468	5.848783	7.688624	
5	1	95.829830	14.455030	
6	1	9.304922	25.273230	
7	1	52.598090	16.773710	
8	1	24.751720	32.961850	
9	1	60.254540	3.856103	
10	1	3.487955	67.038150	
11	2	81.202930	31.340550	3.007483	32.428020	
12	1	0.682211	67.038150	
13	1	31.518900	4.178963	
14	3	19.853570	12.332040	5.688818	25.273230	1.685577	32.428020	
15	1	22.109210	12.332040	
