path42.200.txt
120
200
100 69
1	1	11.764870	1.368184	
2	1	11.195240	1.532979	
3	1	7.102072	18.005140	
4	2	12.591860	1.312556	0.862774	16.333640	
5	1	15.773480	12.578590	
6	1	1.885388	9.833205	
7	1	33.469720	0.667258	
8	1	0.428221	34.885780	
9	1	1.731412	8.319988	
10	1	1.040484	22.531400	
11	2	5.247473	22.531400	2.826295	8.319988	
12	1	48.727260	0.567487	
13	1	23.396770	0.891642	
14	1	2.404565	8.416282	
15	2	2.052557	15.839020	5.586203	3.028467	
16	3	14.872580	13.361390	11.195240	1.945999	25.103860	0.593710	
17	4	19.395750	49.460610	28.383050	2.325888	3.944680	4.318709	21.016550	0.682052	
18	2	17.635870	7.533556	6.654565	2.081146	
19	1	8.159832	1.774879	
20	1	25.521890	0.978505	
21	1	0.822724	22.801440	
22	1	13.368910	1.598145	
23	1	6.560215	2.030210	
24	1	15.998200	1.007233	
25	1	33.697360	0.652914	
26	1	8.159832	16.479890	
27	1	13.732000	2.325888	
28	1	16.784740	3.018057	
29	1	30.569370	1.021912	
30	1	1.039565	18.953690	
31	1	2.013448	12.876660	
32	1	4.613192	7.533556	
33	1	1.510487	11.817740	
34	1	14.521350	1.519525	
35	1	14.969810	1.722116	
36	1	1.019737	14.144680	
37	1	0.892973	36.442380	
38	2	17.228420	1.519525	3.414423	5.330171	
39	1	7.255978	1.786705	
40	5	14.993090	26.157750	2.436932	33.238370	1.095703	22.965650	0.952488	22.744010	5.398516	3.735756	
41	2	2.853316	49.460610	0.403466	34.885780	
42	3	22.698760	1.065077	31.242610	0.485501	0.862774	16.388130	
43	4	1.110467	26.018240	4.697507	5.202531	0.929377	26.018240	1.424057	15.794050	
44	1	1.946012	7.575298	
45	4	18.619040	1.319420	0.539119	37.003490	3.784408	4.449617	0.462536	34.885780	
46	1	2.739292	8.484451	
47	1	24.706050	1.021912	
48	1	9.006680	2.008837	
49	1	5.398516	3.839542	
50	1	3.207621	8.484451	
51	1	2.657281	26.018240	
52	1	3.784408	8.380211	
53	1	1.547586	9.681424	
54	2	11.957730	1.519525	23.396770	0.706503	
55	2	1.306686	18.035250	0.765928	21.219410	
56	1	10.159060	2.998453	
57	1	3.019003	51.284190	
58	1	2.544259	6.546254	
59	1	15.642830	1.034024	
60	5	14.181050	2.325888	11.195240	2.232145	19.674690	1.021912	21.016550	0.916092	1.019737	12.650280	
61	1	1.978518	9.833205	
62	2	4.697507	10.349700	7.102072	3.462590	
63	1	4.557707	4.759012	
64	1	3.808439	13.739560	
65	3	12.233860	1.726774	11.253040	1.722116	2.066859	7.575298	
66	3	18.619040	7.338150	2.294196	7.985781	1.609805	9.681424	
67	1	19.519000	1.065077	
68	1	0.719647	27.250010	
69	1	0.795037	21.965920	
70	1	3.784408	5.424940	
71	3	2.688952	63.204320	0.637359	51.284190	5.586203	3.038252	
72	6	15.638510	5.129633	5.132048	5.330171	1.365000	18.953690	1.050269	18.254770	2.544259	6.330403	15.661950	0.887704	
73	5	0.968021	22.531400	12.458040	1.312556	14.561580	1.007233	2.648767	5.330171	7.255978	1.839638	
74	1	23.623400	1.154629	
75	2	13.990660	15.839020	6.222804	2.081146	
76	2	1.499158	21.965920	0.520912	33.238370	
77	2	2.415441	9.833205	5.464328	3.018057	
78	1	0.825962	26.957010	
79	3	12.816040	1.726774	2.294196	9.232214	25.103860	0.560919	
80	1	7.102072	2.385289	
81	3	1.332052	37.003490	11.178820	2.030210	1.424057	13.907290	
82	1	8.494935	2.998453	
83	1	4.625408	38.373110	
84	4	11.195240	1.992311	1.306686	15.203120	2.158518	8.460976	0.765928	18.229740	
85	1	12.172530	2.081146	
86	3	14.872580	26.087760	4.557707	11.047830	1.446299	34.498090	
87	3	0.952488	22.677160	0.779689	27.250010	3.944680	5.362715	
88	1	25.521890	1.021496	
89	2	29.715520	0.667258	0.892973	16.799510	
90	3	2.294196	39.705460	2.610161	26.018240	42.217770	0.533068	
91	1	30.259510	0.642472	
92	1	0.598096	24.867700	
93	1	2.522099	7.642548	
94	2	0.598096	31.600930	0.460411	37.003490	
95	1	2.522099	29.360940	
96	1	11.764870	1.601692	
97	3	0.622915	38.373110	2.158518	9.793793	0.434479	32.928080	
98	2	15.599770	1.034024	7.310857	2.030210	
99	3	5.946914	29.888660	32.925720	0.642472	2.294196	7.280600	
100	1	4.113453	33.238370	
101	2	3.737257	12.968240	3.420478	6.066720	
102	4	18.619040	68.705080	18.619040	6.176222	0.862774	53.448190	1.499336	13.498780	
103	1	17.342290	1.112297	
104	1	7.102072	2.464112	
105	4	1.699395	26.018240	1.446299	16.786100	18.011770	1.007233	0.890189	18.254770	
106	1	33.766270	0.887704	
107	1	3.808439	21.146220	
108	1	2.542090	12.968240	
109	3	0.825962	29.511620	32.085920	0.537301	14.613680	1.007233	
110	1	29.487870	0.652914	
111	3	9.276418	12.578590	11.195240	1.524884	0.458495	32.928080	
112	1	2.817255	33.238370	
113	2	56.296110	0.672565	1.593249	22.965650	
114	1	0.546848	45.421170	
115	1	1.019737	45.562410	
116	1	2.104168	11.817740	
117	1	1.019737	13.812600	
118	1	1.082852	11.817740	
119	1	32.085920	0.574996	
120	1	18.619040	2.631096	
