path33.200.txt
120
200
100 86
1	1	14.585690	0.498113	
2	1	29.841420	0.709310	
3	1	8.129706	2.935345	
4	1	14.653920	0.572226	
5	2	6.170922	2.390327	1.701913	5.148015	
6	4	48.217400	3.911309	11.059280	5.483685	18.989890	1.156224	7.681002	1.518705	
7	3	53.546560	1.090165	10.070920	1.597990	13.496300	0.510266	
8	2	4.687008	2.092563	14.817460	0.572226	
9	1	14.893920	0.873930	
10	1	35.247240	3.213489	
11	1	3.335600	55.097380	
12	2	14.019860	1.142769	14.251750	0.634962	
13	5	29.658490	0.791481	2.814189	5.918679	14.893920	0.604673	0.943208	9.219628	6.959280	0.949048	
14	3	3.092553	12.840770	18.353650	1.986352	6.100420	1.365265	
15	1	14.813800	0.634962	
16	2	15.928750	16.452120	11.382700	1.715186	
17	4	67.147210	2.840069	1.347974	21.076600	0.915853	13.646260	14.019860	0.573269	
18	1	7.328704	3.169100	
19	1	1.724155	6.882024	
20	1	16.732100	2.227685	
21	3	56.984490	4.269868	29.471380	0.834655	28.506090	0.410685	
22	2	13.334420	1.188658	14.504330	0.721088	
23	1	1.516965	7.854871	
24	1	52.651840	2.349585	
25	2	14.960570	4.269868	5.896718	4.513023	
26	3	17.483030	3.213489	1.898030	5.483685	8.086966	1.279285	
27	1	1.249442	55.097380	
28	1	5.180635	1.518705	
29	1	18.353650	0.808658	
30	2	1.539968	41.207820	3.757223	2.349585	
31	1	12.913430	0.638652	
32	1	2.854820	21.945890	
33	1	14.271500	41.207820	
34	1	10.781640	8.064259	
35	3	0.905831	13.646260	6.061377	1.376457	16.932410	0.488526	
36	1	7.623661	0.949048	
37	1	26.971410	4.485681	
38	1	12.694380	36.125610	
39	1	25.425240	1.647091	
40	1	0.891294	13.646260	
41	1	14.590050	1.095197	
42	1	4.845467	4.485681	
43	1	38.552280	0.502701	
44	1	4.184085	2.867135	
45	1	8.129706	1.577678	
46	1	12.694380	25.837030	
47	1	0.625664	15.665710	
48	1	5.396341	5.483685	
49	3	4.707340	2.855803	5.605452	2.344882	28.411800	0.397784	
50	2	2.464774	4.513023	19.482150	0.510266	
51	1	0.899823	15.665710	
52	1	20.599140	0.582491	
53	1	6.326681	2.317103	
54	1	43.089040	0.529556	
55	1	1.724155	8.783689	
56	1	6.170922	1.764013	
57	1	29.065550	0.483182	
58	1	16.194290	0.896386	
59	1	5.349408	1.715186	
60	2	0.943208	11.663580	6.682036	1.345327	
61	2	10.935100	21.287810	9.725963	0.955403	
62	1	14.019860	0.628844	
63	5	27.350970	5.389913	3.371428	30.896000	13.026490	1.620891	26.570060	0.539713	4.585042	2.726052	
64	2	9.765553	3.911309	29.471380	0.305798	
65	2	9.954235	18.243770	12.427780	0.698931	
66	3	7.553211	1.647091	1.516965	7.110653	1.571447	4.139214	
67	3	2.814189	24.547470	15.928750	1.791655	14.504330	1.061007	
68	1	25.624060	1.376457	
69	4	13.955370	2.157357	13.373480	0.732912	5.305269	1.755349	1.317004	5.177011	
70	1	16.752270	3.049858	
71	2	30.976780	1.518705	15.126690	0.755886	
72	2	28.301560	12.840770	1.862449	4.513023	
73	2	10.359950	1.349413	20.066810	0.638652	
74	5	48.839220	2.855803	11.183990	3.421662	10.076730	2.349585	7.401149	1.193675	8.086966	1.030590	
75	1	1.372689	5.177011	
76	1	16.409360	3.213489	
77	2	18.186720	2.840069	5.655464	1.188658	
78	1	30.528340	0.488526	
79	1	8.328719	0.709310	
80	2	28.411800	0.849219	3.013595	4.139214	
81	2	14.885690	0.498113	9.290610	0.709310	
82	4	9.867605	2.317103	16.444890	0.954337	15.126690	0.842104	3.902880	2.867135	
83	3	85.333920	1.895529	0.658450	13.646260	14.504330	0.567490	
84	1	10.858170	0.638652	
85	1	6.170922	24.168300	
86	1	12.888140	5.148015	
87	2	7.401149	3.983336	12.864520	0.698931	
88	4	6.308667	30.466150	1.437366	15.665710	6.170922	3.614485	9.227758	1.071998	
89	1	4.624322	4.269868	
90	2	4.687008	3.318323	20.599140	0.535654	
91	5	31.394110	5.041770	3.371428	5.333560	13.014070	1.345327	6.005472	2.148019	13.373480	0.616502	
92	1	1.516965	5.917688	
93	1	28.506090	0.538362	
94	1	3.763592	17.749370	
95	1	7.710555	1.755349	
96	4	14.590050	11.506160	43.908150	0.498906	6.866846	1.376457	1.135662	5.944820	
97	1	31.394110	4.200280	
98	1	29.658490	0.806509	
99	1	1.719158	5.944820	
100	1	9.227758	1.085358	
101	2	10.935100	8.859275	35.669240	1.118145	
102	2	15.811470	20.754820	4.343797	2.349585	
103	1	7.328704	27.297050	
104	1	18.348320	18.243770	
105	2	15.783460	5.177011	6.005472	2.337662	
106	1	2.854820	34.071940	
107	1	10.111820	1.755349	
108	1	9.775270	1.345327	
109	1	16.444890	0.666555	
110	1	16.752270	0.371804	
111	1	44.231300	12.222380	
112	1	8.627685	0.955403	
113	1	20.612470	8.064259	
114	1	3.371428	4.203882	
115	1	6.100420	0.979617	
116	4	2.460173	11.053910	26.976490	0.539713	3.371428	3.098085	4.808614	1.755349	
117	3	38.552280	0.465723	3.371428	4.784860	28.411800	0.350987	
118	1	18.615860	0.698931	
119	1	8.764545	4.269868	
120	1	18.595790	1.349413	
