path45.100.txt
60
100
100 87
1	1	18.348790	1.967623	
2	1	48.308250	0.901046	
3	1	29.959460	1.967623	
4	1	7.997350	4.822683	
5	1	86.698970	7.461449	
6	1	1.989641	17.272580	
7	3	13.846680	38.700310	59.474370	1.456791	1.141448	38.700310	
8	2	1.045637	26.871030	27.430070	1.022452	
9	1	16.712400	35.142760	
10	1	9.767326	16.853800	
11	2	13.866800	7.052836	21.636630	2.718901	
12	1	21.905930	4.955976	
13	1	6.627089	5.540686	
14	4	86.698970	2.247848	14.149360	3.466173	3.442350	9.705720	11.528610	2.362970	
15	2	33.286550	0.956214	21.905930	1.158987	
16	3	62.043640	0.713762	37.956360	0.882395	21.905930	1.176343	
17	1	7.355085	4.822683	
18	2	6.893648	24.640660	2.618914	16.853800	
19	2	15.833030	1.761204	3.610545	7.400532	
20	1	8.441358	38.700310	
21	1	28.784980	6.808892	
22	1	4.002730	6.381551	
23	3	57.293670	44.143620	0.919131	38.700310	2.577313	11.483620	
24	3	22.353520	4.266594	5.494568	9.285965	48.308250	0.601972	
25	5	4.302494	26.328330	16.712400	2.621937	7.522267	5.540686	5.990369	6.169730	1.437539	20.776780	
26	1	1.763115	16.853800	
27	1	3.442350	20.780930	
28	1	4.302494	13.000160	
29	1	10.723710	3.742518	
30	1	22.353520	3.306689	
31	1	31.491780	2.318423	
32	1	3.442350	8.213658	
33	1	1.322790	44.143620	
34	1	12.388220	14.687830	
35	1	4.002730	7.027026	
36	1	21.905930	3.602966	
37	1	12.087940	18.901240	
38	1	36.307990	0.879889	
39	2	7.756574	5.051547	16.712400	1.563795	
40	3	5.494568	15.354700	32.955820	1.437549	5.013121	6.169730	
41	4	22.353520	8.964987	86.698970	0.894436	2.192175	21.265710	10.723710	3.250452	
42	7	19.523270	6.808892	1.246102	38.700310	10.723710	4.490651	48.308250	0.916662	4.146029	7.400532	29.216180	1.022452	15.833030	1.623931	
43	2	24.934320	1.456791	10.824910	2.362970	
44	2	50.390990	0.879889	8.057518	3.385135	
45	1	4.553247	10.155050	
46	1	27.762450	1.022452	
47	1	16.816470	2.318423	
48	2	42.528780	1.523236	7.534394	3.435456	
49	1	1.437539	23.366830	
50	1	2.361073	21.265710	
51	3	21.905930	1.945382	48.308250	0.812720	4.553247	7.907730	
52	1	4.959572	11.848400	
53	2	8.907223	11.848400	51.122150	0.956214	
54	2	9.065273	3.385135	19.514860	1.523236	
55	1	3.753843	13.408580	
56	2	48.308250	0.649049	0.944004	26.871030	
57	1	21.636630	3.450829	
58	1	5.316239	6.169730	
59	1	8.056907	3.435456	
60	1	0.748751	38.700310	
