path15.100.txt
60
100
100 56
1	1	11.216420	1.930939	
2	1	0.872134	19.208020	
3	1	25.572660	0.594527	
4	1	35.151530	0.548876	
5	2	44.480150	0.714254	1.445063	9.952427	
6	1	13.504250	2.629699	
7	2	0.740329	42.257870	23.593680	0.904504	
8	1	26.593740	0.594527	
9	1	31.165290	0.904504	
10	1	3.109257	22.151070	
11	1	36.297260	1.295014	
12	3	8.072933	4.291935	10.268780	1.930939	25.564540	0.611878	
13	1	6.041687	2.629699	
14	1	21.376570	1.011905	
15	6	9.664398	42.257870	1.422893	42.257870	19.127620	1.930939	0.642336	42.094750	12.809270	1.729397	10.358400	1.930939	
16	3	35.191000	1.102426	6.211763	2.364215	28.551210	0.511772	
17	1	26.628790	1.011905	
18	1	6.483700	2.364215	
19	1	21.573200	1.038528	
20	1	39.972180	35.907320	
21	1	1.445063	9.991255	
22	1	35.151530	0.746138	
23	1	0.921315	19.943680	
24	1	23.229780	0.924112	
25	5	22.973560	42.094750	15.989810	42.257870	14.475520	13.450970	13.348400	1.930939	8.072933	2.704139	
26	3	21.300850	1.425087	1.932070	12.097150	1.932070	10.789570	
27	1	20.106980	1.753258	
28	1	35.680360	1.930939	
29	1	28.618330	1.004338	
30	1	20.068780	1.102891	
31	1	21.963260	1.004338	
32	1	1.059936	19.208020	
33	1	12.194220	35.907320	
34	1	13.870520	1.366427	
35	2	8.072933	8.453213	21.250370	0.924112	
36	1	25.521030	0.650832	
37	1	26.211730	1.011905	
38	3	11.931940	13.450970	5.924724	4.406798	12.715940	1.366427	
39	1	11.317070	3.789302	
40	1	4.800491	42.257870	
41	3	1.936288	42.094750	29.531670	0.650832	0.804025	21.911310	
42	3	34.690200	1.102891	19.861700	1.102426	8.072933	2.410416	
43	4	7.142750	46.047180	34.302160	1.004338	8.605383	2.364215	0.775844	21.812090	
44	1	6.606430	13.450970	
45	1	10.459130	13.450970	
46	1	1.374179	42.094750	
47	3	20.096170	28.643780	33.946660	1.038528	45.241030	0.454958	
48	1	8.072933	3.864292	
49	1	7.040522	2.629699	
50	2	47.160290	28.643780	26.601860	0.611878	
51	4	21.049460	1.729397	52.166400	0.530524	0.775844	20.282660	4.238256	3.425096	
52	2	45.241030	1.039895	24.840320	1.753258	
53	1	25.579940	3.996127	
54	1	55.519850	0.599838	
55	3	23.783450	13.450970	4.238256	18.486220	15.116250	1.004338	
56	2	29.717000	1.216855	11.382300	1.729397	
57	4	3.030652	21.911310	25.041970	1.216855	25.782910	1.011905	0.742880	19.943680	
58	1	46.241670	4.406798	
59	1	28.551210	0.783242	
60	1	8.072933	2.411867	
