path23.50.txt
30
50
100 100
1	3	50.081410	1.956457	10.832670	6.257906	16.866500	2.008652	
2	1	3.623042	15.825870	
3	1	32.954590	1.305956	
4	2	3.071139	13.452620	19.876840	1.956457	
5	1	8.567315	8.288889	
6	2	3.235226	12.200610	16.866500	2.115548	
7	2	69.339600	25.094750	21.499110	3.305413	
8	2	12.093410	9.078820	21.499110	2.949021	
9	2	1.831434	31.418400	12.373730	4.182472	
10	2	2.049246	28.334500	2.879507	15.825870	
11	3	45.556580	7.355292	22.719700	11.747700	34.949300	1.606483	
12	3	17.659480	60.784550	18.356870	4.124200	3.607983	13.338690	
13	1	12.373730	8.018140	
14	1	1.654860	29.366150	
15	1	7.553436	7.355292	
16	1	2.972781	21.550740	
17	2	34.949300	1.515309	3.071139	15.913530	
18	1	1.999041	28.334500	
19	2	78.500890	1.121194	44.862790	1.009041	
20	1	33.638100	1.009041	
21	1	12.099500	4.124200	
22	2	100.000000	32.961020	6.502549	9.136042	
23	2	22.855880	9.078820	6.202623	7.355292	
24	2	69.958240	1.123773	3.607983	16.027450	
25	2	10.026970	7.355292	6.502549	6.456489	
26	1	10.832670	5.942706	
27	2	4.666930	10.899310	1.694149	21.550740	
28	1	8.567315	3.911724	
29	2	31.178010	4.124200	37.003660	1.305956	
30	1	47.238550	11.747700	
