path49.50.txt
30
50
100 100
1	1	20.715500	1.412615	
2	2	20.621890	4.456268	2.591665	12.195800	
3	1	1.683129	54.465710	
4	1	36.048180	44.275410	
5	1	3.837916	29.189040	
6	1	2.010969	15.017980	
7	1	30.789090	18.405460	
8	5	1.322146	54.465710	2.010969	33.857730	2.133111	12.195800	1.180429	21.327380	9.345091	2.292601	
9	2	78.532020	13.666910	21.467980	9.775896	
10	1	2.426722	12.962110	
11	2	4.724776	9.131585	13.083070	2.292601	
12	1	3.738603	6.104939	
13	1	36.048180	7.831951	
14	1	12.920900	48.875710	
15	1	42.617160	11.035890	
16	1	1.289931	21.327380	
17	3	38.326950	5.180496	30.789090	1.017841	8.360932	2.292601	
18	2	30.789090	1.028223	14.931870	1.446235	
19	4	19.055890	11.035890	2.426722	41.503590	10.073590	6.046711	10.167200	3.260330	
20	1	14.931870	1.598912	
21	1	10.167200	2.648974	
22	2	10.073590	9.289153	30.789090	1.351596	
23	4	3.738603	48.360770	21.467980	6.924459	3.837916	25.276670	14.931870	2.544854	
24	1	78.532020	3.033446	
25	4	13.520370	21.327380	38.326950	5.855394	20.715500	1.720687	20.621890	1.453036	
26	1	5.222344	54.465710	
27	1	10.073590	9.124820	
28	1	100.000000	12.726300	
29	1	36.048180	2.358346	
30	1	100.000000	5.071746	
