path32.25.txt
15
25
100 98
1	1	10.900420	7.365757	
2	5	97.033350	27.824520	6.832854	63.129270	25.240740	11.886660	12.543200	3.677903	10.968080	3.677903	
3	1	2.966655	36.870730	
4	2	82.190640	4.885029	39.268910	2.084966	
5	1	41.794680	9.046205	
6	1	39.268910	1.379737	
7	1	14.310700	5.368301	
8	5	82.190640	41.644050	8.116487	11.886660	27.571260	3.464702	14.279410	4.608372	14.279410	2.757385	
9	1	31.727380	1.680447	
10	1	48.833420	11.886660	
11	2	10.976500	52.404800	6.547552	7.365757	
12	1	9.200591	5.368301	
13	1	10.976500	10.724470	
14	1	66.840160	1.248832	
15	1	15.350480	4.713534	
