path40.200.txt
120
200
100 77
1	1	14.713320	1.396460	
2	1	5.370873	12.576860	
3	1	8.982693	0.760748	
4	1	24.224710	2.039027	
5	1	35.508270	0.683669	
6	1	22.025830	0.538760	
7	1	76.224150	3.140117	
8	1	41.812150	1.233689	
9	2	14.538580	3.004651	4.879921	1.713346	
10	1	12.851160	11.044810	
11	2	20.273390	7.122973	23.251140	0.324904	
12	3	2.011455	7.150345	9.689942	1.178336	4.498555	2.197184	
13	1	2.244974	5.861515	
14	1	18.778190	1.519126	
15	1	12.090530	0.846577	
16	2	1.229819	7.955192	3.743432	2.106942	
17	2	22.319570	5.083046	26.909110	0.666188	
18	1	9.121757	1.425723	
19	1	72.789060	1.088415	
20	2	9.337778	1.585198	2.011455	4.234400	
21	1	6.883630	2.925550	
22	1	10.147430	3.060309	
23	1	1.026664	7.314215	
24	2	22.806680	1.151555	0.668383	13.618980	
25	3	17.523710	8.934006	10.817020	1.081053	6.318283	1.298748	
26	1	6.318283	1.055379	
27	1	14.539970	2.269542	
28	2	27.821400	0.501984	10.125730	0.846577	
29	1	7.253739	11.292730	
30	2	12.757970	0.965486	1.714634	6.530976	
31	1	26.909110	24.349850	
32	2	22.025830	0.654626	11.549290	1.088415	
33	4	9.507414	1.203145	11.533360	0.649571	22.025830	0.312393	6.490183	1.029868	
34	2	17.245210	1.150969	11.686640	1.178336	
35	1	11.536830	0.776824	
36	1	8.709387	0.755910	
37	2	5.457038	12.253360	19.275170	0.594821	
38	1	76.224150	2.934941	
39	2	11.235920	2.265099	27.070900	0.502779	
40	2	14.458580	8.115856	2.244974	7.757463	
41	1	28.158380	7.606883	
42	4	20.690190	1.987954	18.531880	1.519126	17.917210	0.865946	12.407620	0.633771	
43	2	2.807502	6.736055	9.767754	1.203145	
44	1	14.713320	0.957667	
45	5	29.977310	6.049919	2.787072	36.169290	25.246270	0.957713	13.039040	1.150969	12.539000	1.178336	
46	4	11.122560	5.266130	9.789681	1.338845	16.288030	0.649571	1.085694	6.549159	
47	2	41.829160	0.720796	8.579430	1.585198	
48	2	17.116160	13.618980	17.917210	0.442388	
49	3	6.708088	5.512334	11.920200	0.776824	12.988790	0.546531	
50	1	6.883630	3.623610	
51	1	7.105708	0.977297	
52	1	31.262700	0.965486	
53	1	22.025830	0.307059	
54	2	45.966000	1.178336	6.780548	0.971135	
55	1	20.246940	8.934006	
56	1	16.800070	0.776824	
57	1	1.591304	6.955528	
58	1	14.458580	4.276993	
59	1	9.773432	6.549159	
60	1	2.807502	4.109812	
61	1	17.917210	0.549975	
62	1	4.241835	1.713346	
63	1	17.917210	0.409372	
64	6	19.278640	7.606883	76.224150	1.709799	8.743693	11.044810	11.840350	1.262699	13.084650	0.957713	4.667966	2.106942	
65	1	8.899897	4.798833	
66	1	9.207821	0.755910	
67	2	63.706500	4.175076	3.912843	2.197184	
68	2	15.661650	1.088415	8.201795	0.957713	
69	1	2.807502	2.773111	
70	2	2.011455	3.599180	1.229819	5.663785	
71	1	1.329884	13.618980	
72	1	7.542762	1.151555	
73	1	3.975384	12.253360	
74	1	22.302050	1.987954	
75	1	11.840350	0.908475	
76	2	18.404980	8.682004	4.593049	2.354127	
77	1	63.706500	4.113002	
78	1	23.251140	0.413002	
79	1	3.541945	1.987954	
80	3	11.122560	3.021947	18.390630	0.627041	5.357049	1.273074	
81	3	1.897441	12.253360	14.458580	1.226128	12.102510	0.627041	
82	1	2.302068	12.253360	
83	1	19.275170	0.586692	
84	1	62.689930	1.519126	
85	1	6.451842	13.618980	
86	1	11.529560	6.597417	
87	3	1.769108	13.618980	1.714634	8.452950	9.121757	0.833862	
88	1	22.789300	2.354127	
89	2	8.139149	1.178336	1.456280	5.083046	
90	3	76.224150	7.887099	8.953511	1.338845	17.583120	0.627041	
91	1	9.121757	0.825902	
92	4	11.384570	4.304126	2.549036	7.314215	22.025830	0.541288	7.926327	1.233689	
93	1	6.498608	1.029868	
94	4	19.608800	17.470210	41.829160	0.430759	19.461820	0.502779	5.459976	1.273074	
95	3	60.290470	3.004651	15.379560	6.597417	3.520883	2.171174	
96	1	21.514900	1.150969	
97	1	7.434261	0.977297	
98	2	25.220750	0.846577	16.478460	1.019631	
99	3	13.210190	0.776824	12.988790	0.688700	17.917210	0.483380	
100	1	47.437010	0.584593	
101	2	6.009742	36.169290	4.411626	10.122470	
102	2	24.411870	17.470210	24.825120	0.737906	
103	3	22.425820	11.044810	10.125960	3.060309	2.530633	6.549159	
104	4	6.641459	12.253360	8.831919	7.314215	54.081240	1.019631	8.934515	0.760748	
105	3	29.440300	1.019631	0.867126	14.983920	4.767335	2.171174	
106	1	47.437010	1.084416	
107	1	18.404980	3.894860	
108	1	22.189540	1.233689	
109	1	11.493820	1.150969	
110	1	7.793344	6.049919	
111	4	12.407620	2.174483	17.917210	0.816270	11.979260	1.178336	8.635045	1.150969	
112	3	6.708088	4.610135	17.917210	1.376700	17.959010	0.683669	
113	1	6.780548	1.200039	
114	1	29.035650	10.122470	
115	2	7.142778	14.983920	2.251736	4.798833	
116	1	3.377239	3.246840	
117	1	1.591304	8.028397	
118	1	0.825791	14.983920	
119	1	29.689970	1.987954	
120	1	18.743190	1.015282	
