path38.25.txt
15
25
100 88
1	2	56.767860	40.881750	1.842746	22.694580	
2	3	30.877860	40.881750	12.240160	6.179193	1.440643	35.306580	
3	3	25.927310	29.193460	12.240160	4.397673	12.240160	2.073829	
4	2	54.288650	35.306580	12.240160	2.932899	
5	1	87.645720	3.425271	
6	1	63.048480	1.725337	
7	1	12.240160	7.127675	
8	4	87.645720	18.661060	12.240160	10.238380	3.743237	17.696940	1.245403	35.306580	
9	1	12.240160	2.356927	
10	1	25.927310	6.113116	
11	1	8.611042	35.723770	
12	1	24.597240	1.725337	
13	1	1.842746	12.611990	
14	1	12.354280	28.969650	
15	2	3.015091	35.306580	3.743237	18.026830	
