path33.25.txt
15
25
100 92
1	1	2.854820	61.962650	
2	1	11.705870	2.344882	
3	1	18.989890	2.344882	
4	1	37.822350	4.485681	
5	1	85.333920	3.213489	
6	1	36.462320	61.962650	
7	1	18.353650	1.986352	
8	1	52.572140	2.344882	
9	4	60.682860	30.466150	85.333920	5.389913	16.732100	3.942871	47.460750	1.197836	
10	2	85.333920	12.473200	43.908150	1.197836	
11	5	42.329220	31.496490	18.353650	11.760770	57.793790	2.157357	42.206210	2.157357	54.856100	1.597990	
12	2	18.353650	17.749370	8.631095	31.937130	
13	1	28.411800	1.597990	
14	1	6.034983	21.076600	
15	2	91.368900	5.177011	53.546560	4.485681	
