path14.100.txt
60
100
100 41
1	3	2.258880	13.021390	6.089452	4.074758	13.681020	1.695988	
2	1	36.967240	1.030397	
3	1	22.042580	6.154022	
4	1	3.378405	38.605870	
5	1	37.872620	0.881615	
6	2	4.547093	5.964829	0.591702	36.366470	
7	3	23.993730	15.290360	1.074828	38.605870	21.021740	1.330948	
8	1	8.195029	2.081472	
9	1	4.710434	17.062240	
10	1	34.438880	5.964829	
11	2	12.113040	5.964829	40.084800	0.685061	
12	1	15.912490	32.641040	
13	1	9.364578	38.331310	
14	1	0.695825	38.605870	
15	1	1.419435	38.331310	
16	1	2.258880	10.471830	
17	1	20.477670	15.701530	
18	2	8.266443	15.493990	0.491266	36.366470	
19	3	13.436000	17.213940	25.157610	1.202107	13.041690	1.695988	
20	1	4.061913	9.879574	
21	1	2.064173	13.249430	
22	1	5.277189	5.151055	
23	1	3.578477	16.563400	
24	1	4.221671	4.266419	
25	1	1.658951	13.249430	
26	1	1.040984	17.062240	
27	1	29.953700	1.135058	
28	1	26.722710	0.878476	
29	1	35.186520	32.641040	
30	1	2.092091	16.968580	
31	1	0.788188	38.605870	
32	2	5.751418	4.827400	1.554065	13.249430	
33	1	9.498859	3.367431	
34	1	6.089452	3.014246	
35	4	7.203059	14.141700	20.746280	4.131591	22.042580	2.842445	8.647628	2.081472	
36	1	22.042580	0.978590	
37	3	29.953700	29.863850	37.872620	7.513726	37.872620	1.187005	
38	1	5.968898	38.605870	
39	1	21.560630	1.964847	
40	1	25.157610	9.328183	
41	3	22.042580	1.252366	1.798267	13.037640	36.967240	0.594460	
42	5	4.601793	23.493220	22.042580	4.747999	15.945500	1.330948	16.647360	1.144738	4.221671	4.050276	
43	2	6.954961	16.968580	2.027539	9.879574	
44	2	29.953700	2.650400	0.979070	22.621630	
45	1	1.309648	16.968580	
46	8	25.157610	1.638884	25.157610	1.240817	1.698712	16.563400	1.590346	15.493990	26.037920	0.874333	1.001371	22.621630	7.203059	2.826877	0.716826	23.493220	
47	1	1.508400	16.968580	
48	1	1.516312	38.331310	
49	1	5.009504	5.002639	
50	1	29.953700	4.682003	
51	2	1.326347	23.493220	1.257041	16.441680	
52	1	24.733740	4.131591	
53	1	16.091070	15.290360	
54	2	3.309045	16.441680	0.952942	23.493220	
55	3	20.477670	20.664930	25.157610	8.608644	10.272140	2.574464	
56	1	13.436000	21.117370	
57	1	2.489553	38.331310	
58	3	16.647360	2.986853	1.980440	16.365580	4.221671	7.622304	
59	3	37.872620	10.524670	4.221671	5.987243	1.185332	16.441680	
60	3	5.009504	33.328670	2.423404	13.037640	9.195264	2.081472	
