path20.200.txt
120
200
100 87
1	2	5.492856	7.744555	17.128120	0.559993	
2	1	0.877269	9.166203	
3	1	25.941400	1.289568	
4	1	3.423296	2.568561	
5	1	8.566348	12.627850	
6	2	13.206180	15.376730	1.468372	6.635911	
7	3	15.148240	1.748683	29.473280	0.357910	8.527686	1.125362	
8	3	25.663680	2.114609	2.396488	6.125673	17.794310	0.545095	
9	1	1.703888	7.335245	
10	2	7.936254	4.416860	13.533050	1.754253	
11	3	9.306309	2.653538	38.435310	0.489158	5.847324	2.508601	
12	2	23.865880	0.849432	9.306309	1.239007	
13	2	7.074394	5.156322	48.553730	0.616492	
14	4	25.663680	0.876954	13.363950	1.125362	0.909385	15.328680	10.913600	1.045625	
15	1	7.683910	1.626896	
16	2	9.165953	1.479073	13.556430	0.674545	
17	1	22.681230	3.321245	
18	3	3.298253	10.725120	7.683910	2.041381	10.254730	1.487725	
19	1	13.881150	0.679399	
20	1	5.657537	19.497150	
21	1	9.485455	2.331043	
22	1	7.530086	1.156074	
23	1	0.909970	10.020050	
24	4	16.961860	19.497150	24.091000	0.812106	20.184750	0.594588	2.634031	4.331051	
25	1	13.881150	1.760651	
26	1	0.877269	10.488720	
27	2	6.792132	16.151240	5.271935	19.356980	
28	2	1.468372	8.740814	2.761416	4.168468	
29	2	25.941400	1.306190	1.703888	5.292601	
30	3	45.156150	5.466695	28.180570	0.421155	15.277570	0.726223	
31	1	5.116219	1.646244	
32	2	25.941400	12.058930	2.472827	4.168468	
33	1	2.779609	13.549480	
34	1	2.321811	10.717670	
35	1	17.255840	0.732449	
36	1	54.768270	4.351664	
37	1	24.284340	0.552678	
38	1	9.446807	1.468311	
39	1	16.846840	0.667746	
40	1	26.051550	3.022445	
41	1	8.009189	1.125362	
42	1	38.435310	0.393861	
43	1	37.408330	0.812106	
44	1	10.942890	1.142723	
45	1	4.155754	3.426626	
46	1	29.825010	4.351664	
47	1	86.622590	2.162281	
48	1	28.180570	0.383848	
49	1	24.550030	19.356980	
50	1	5.653318	3.892545	
51	1	13.881150	2.629185	
52	1	10.565850	4.351664	
53	1	53.092410	0.543756	
54	1	3.057323	2.991563	
55	1	3.298253	4.603559	
56	4	25.436630	1.045625	36.059270	0.667308	28.721010	0.407492	8.298617	1.125362	
57	4	4.660768	15.376730	17.848860	0.674545	19.298530	0.477181	1.492170	5.445367	
58	1	1.601008	5.703442	
59	1	25.941400	1.921401	
60	1	0.880169	9.363700	
61	2	16.440250	0.529656	3.423296	2.376371	
62	1	48.894520	1.142723	
63	3	9.485455	1.996228	26.913200	0.667746	0.880169	10.133450	
64	2	9.485455	1.376171	14.569430	0.849432	
65	1	3.858249	11.668980	
66	1	11.424480	1.342291	
67	1	4.500815	6.924403	
68	1	61.499340	0.618001	
69	2	5.342474	2.121853	1.562882	5.711480	
70	1	6.356853	19.356980	
71	1	3.423296	3.834548	
72	2	4.677906	6.125673	1.866784	4.331051	
73	1	13.377410	2.264713	
74	1	13.881150	0.634207	
75	4	6.650407	19.497150	7.959336	1.468311	12.125390	0.716692	7.074394	1.129730	
76	2	1.569146	19.356980	22.753120	0.732319	
77	2	20.219670	4.388688	12.945610	0.616492	
78	2	25.303000	1.214721	16.392850	0.667746	
79	3	8.140203	3.321245	19.222090	1.084132	14.195710	0.726223	
80	1	1.445601	5.711480	
81	3	3.825661	11.668980	14.062200	2.747648	23.268020	0.477181	
82	1	4.615587	19.654920	
83	3	22.381810	1.084132	8.990867	1.142723	13.183930	0.716692	
84	1	4.500815	8.101523	
85	2	2.969627	4.159894	18.591780	0.458054	
86	3	29.970140	8.950994	23.122270	6.829142	17.649360	2.378693	
87	1	5.341420	3.209823	
88	1	28.747590	0.354561	
89	1	30.347840	8.394337	
90	1	7.074394	1.324820	
91	2	18.282210	0.552678	4.714283	1.764024	
92	2	0.883928	9.805576	0.909970	9.477106	
93	3	61.499340	3.656842	18.312320	1.342291	17.794310	0.597628	
94	2	3.774886	19.356980	9.383075	1.468311	
95	3	71.278990	9.711567	7.074394	2.333982	8.604428	1.468311	
96	3	8.087463	8.394337	63.649770	1.045625	4.913312	3.209823	
97	1	16.803200	19.497150	
98	1	17.128120	0.565369	
99	3	25.309320	2.604553	42.566550	0.438452	15.682190	0.732319	
100	3	1.948399	15.654460	3.937793	2.727410	0.883928	9.551401	
101	1	10.110310	1.342291	
102	2	17.779800	2.121853	3.937793	2.717957	
103	1	8.613173	1.125362	
104	2	12.139620	1.646244	2.388333	3.892545	
105	4	70.370080	11.321260	15.148240	1.572563	2.506291	5.445367	4.714283	2.395871	
106	2	74.697000	1.214721	3.008483	3.563624	
107	2	45.156150	2.016839	9.165953	1.268575	
108	1	15.671160	12.627850	
109	1	0.831210	15.654460	
110	4	10.832610	3.892545	10.250960	2.378693	8.662391	1.468311	28.747590	0.319984	
111	1	17.467500	0.458054	
112	1	26.051550	13.128800	
113	1	0.908911	11.321260	
114	1	1.101486	10.717670	
115	1	16.440250	0.554476	
116	1	4.840867	4.351664	
117	2	13.533050	3.949188	12.482570	1.084132	
118	2	20.219670	4.886416	1.026605	15.328680	
119	3	18.250560	0.594588	7.530086	1.352527	2.918640	3.426626	
120	1	3.892835	15.376730	
