path32.200.txt
120
200
100 79
1	3	42.829510	1.184706	29.769070	1.689222	1.055592	16.289320	
2	1	2.392456	6.494582	
3	1	2.553710	8.217305	
4	1	5.226977	8.173470	
5	1	36.976720	0.684113	
6	4	5.199939	3.986962	1.780805	9.842277	13.906950	0.990406	1.565833	8.673632	
7	1	2.464457	41.644050	
8	2	2.966655	11.211870	2.640395	6.928598	
9	1	3.340725	5.217426	
10	3	14.637140	5.641780	4.631472	5.369513	15.919030	1.259336	
11	2	3.921796	6.920247	1.318458	19.198340	
12	2	7.542939	2.583391	15.350480	1.115689	
13	1	2.690123	8.704640	
14	2	4.459409	5.369513	1.937952	11.886660	
15	1	0.489341	29.231950	
16	3	20.496110	6.920247	31.625690	0.811045	4.160784	4.028811	
17	4	32.401430	41.644050	2.216165	11.870940	8.396988	2.549102	1.044988	19.198340	
18	2	12.543200	3.677903	39.268910	0.592133	
19	1	8.902049	2.340304	
20	1	31.854560	1.724977	
21	1	2.640395	6.563488	
22	1	6.547552	3.947191	
23	1	16.934490	1.085926	
24	1	1.742642	11.886660	
25	1	1.044083	16.289320	
26	2	39.268910	0.500417	39.268910	0.420675	
27	1	14.232170	1.490643	
28	1	4.839666	3.539027	
29	2	26.788470	0.827734	26.104260	0.687502	
30	2	2.216165	11.301920	6.222068	2.226441	
31	2	6.041673	16.289320	1.815547	11.886660	
32	1	17.283650	2.583391	
33	1	46.738460	15.484590	
34	2	4.155035	5.368301	15.641550	0.959977	
35	1	1.156334	21.014770	
36	1	2.091247	11.886660	
37	1	5.546257	3.258742	
38	1	0.981782	21.014770	
39	1	6.582938	4.413483	
40	2	4.022153	6.669230	5.019421	4.934163	
41	1	3.357175	4.413483	
42	1	8.768501	17.146290	
43	2	13.493450	8.173470	16.836320	0.978901	
44	1	1.596080	41.644050	
45	1	3.068436	6.669230	
46	1	0.472926	41.644050	
47	2	1.634963	19.971760	31.727380	0.960971	
48	1	16.836320	1.604490	
49	2	19.703060	0.990406	15.998210	1.121344	
50	1	8.239215	2.757385	
51	1	6.583731	11.886660	
52	1	4.129762	6.792760	
53	5	48.648210	0.561247	39.268910	0.571740	3.512864	5.274790	1.708434	9.842277	14.637140	1.003484	
54	1	1.226630	16.289320	
55	3	26.788470	12.203680	2.966655	6.000823	2.784073	5.981571	
56	1	8.415071	2.226441	
57	2	33.205240	10.226040	1.848230	11.506280	
58	2	9.254443	2.339593	2.690123	6.296668	
59	1	5.501623	3.378795	
60	1	2.911124	4.934163	
61	3	27.571260	0.987349	0.977683	21.014770	0.753807	19.198340	
62	1	20.120930	1.490643	
63	3	5.758166	5.368301	5.045557	5.368301	1.111477	19.570500	
64	3	2.426244	41.644050	1.708652	9.842277	2.690123	6.013464	
65	3	78.276660	2.675823	42.829510	0.673633	27.571260	0.631708	
66	2	24.640380	1.311232	0.927174	29.231950	
67	1	7.682406	2.339593	
68	3	0.773039	32.834300	8.902049	2.544724	10.976500	2.000351	
69	1	4.160784	7.857844	
70	3	3.445554	32.272220	15.706650	1.259336	29.769070	0.662976	
71	4	4.566969	5.368301	1.476438	16.289320	8.396988	2.059270	1.565833	9.486780	
72	1	17.261670	1.003844	
73	1	0.854909	19.198340	
74	1	45.164240	10.765310	
75	1	3.749865	5.217426	
76	2	16.192290	1.121344	0.468738	29.231950	
77	1	4.129762	5.093896	
78	3	31.538200	15.484590	2.553710	9.943107	2.966655	8.552910	
79	1	3.045958	4.934163	
80	1	13.164650	1.379737	
81	2	42.829510	3.226207	3.945007	16.289320	
82	1	17.261670	0.841801	
83	2	78.312920	8.173470	31.625690	0.513009	
84	2	15.350480	2.502519	1.580837	19.342220	
85	2	1.026932	21.014770	26.104260	0.692235	
86	1	42.829510	0.771698	
87	1	1.634963	11.929220	
88	1	1.104528	19.570500	
89	1	10.968080	1.809204	
90	1	41.794680	2.293129	
91	1	66.840160	1.248832	
92	2	1.853630	11.886660	16.213020	0.959977	
93	1	25.703520	0.684113	
94	1	48.648210	0.749984	
95	1	10.968080	1.868699	
96	1	6.547552	3.418566	
97	4	26.788470	1.743899	5.546257	4.677991	5.398796	3.378795	15.350480	1.095326	
98	1	2.966655	4.925436	
99	3	7.923340	2.339593	2.966655	6.179691	6.040199	2.757385	
100	1	1.752336	12.517660	
101	1	10.976500	1.887550	
102	1	0.838150	32.834300	
103	1	0.995890	23.172860	
104	1	3.985562	5.368301	
105	6	5.700480	3.986962	1.059558	19.342220	10.513290	1.728528	17.248200	0.990406	1.337920	11.886660	0.855763	17.146290	
106	3	10.309590	1.845645	0.867505	19.198340	34.105020	0.405133	
107	1	2.784073	5.905085	
108	1	21.341270	1.728528	
109	4	5.882427	4.608372	3.512864	6.391784	14.637140	1.351973	1.664634	11.506280	
110	3	1.752336	19.754570	13.060440	2.352198	10.976500	1.902410	
111	1	2.035580	11.131740	
112	1	1.251619	16.289320	
113	3	22.430390	0.990406	2.035580	8.438755	12.973740	1.121344	
114	1	16.934490	1.253667	
115	1	28.575220	0.806531	
116	2	1.498524	11.886660	34.105020	0.401398	
117	1	26.788470	1.514007	
118	1	2.447210	6.494582	
119	1	1.634963	10.213520	
120	3	8.787334	6.920247	9.090881	2.567220	31.727380	0.719476	
