path8.100.txt
60
100
100 100
1	1	30.174830	0.579721	
2	1	49.716950	17.922890	
3	2	9.520398	1.194380	2.263591	4.667764	
4	1	16.248510	0.694809	
5	1	0.789506	28.583940	
6	1	9.468125	10.198160	
7	1	10.604450	13.973780	
8	1	4.351517	23.068020	
9	1	1.132524	9.928382	
10	1	3.200322	8.560877	
11	1	1.516072	8.796582	
12	1	52.885600	5.145122	
13	1	3.724937	3.947545	
14	1	33.511650	3.965471	
15	1	3.168649	13.620990	
16	1	33.101250	22.294540	
17	1	1.566074	23.068020	
18	1	6.812554	15.099300	
19	1	25.291540	0.498826	
20	1	25.664410	9.377754	
21	4	9.468125	5.180824	1.199574	32.504400	0.635729	46.383600	7.986121	2.278490	
22	5	0.890803	31.185280	1.132524	12.366150	27.514140	0.421684	2.263591	4.853977	8.683801	1.156799	
23	1	29.220770	31.435790	
24	2	58.803190	1.517787	16.353080	0.863783	
25	1	5.371288	56.875670	
26	1	25.664410	10.041580	
27	1	7.081390	8.560877	
28	4	100.000000	1.109966	6.812554	2.497950	16.660470	0.863783	11.922240	0.869832	
29	5	14.079490	4.839071	0.789506	28.291730	2.591455	8.560877	17.187000	0.659331	8.765605	1.194380	
30	1	25.291540	2.497621	
31	5	1.109029	46.383600	3.407235	8.560877	11.922240	1.551180	9.055087	1.194380	1.181487	8.796582	
32	4	14.588370	19.419330	3.168649	4.301907	18.368350	0.694809	11.922240	0.956801	
33	2	7.353967	19.163840	13.958580	0.969024	
34	1	18.799830	0.579721	
35	1	13.682670	0.865735	
36	1	7.862235	1.194380	
37	1	2.697559	10.622750	
38	1	8.683801	1.121691	
39	1	1.617895	8.560877	
40	1	17.429870	0.659331	
41	4	29.220770	4.727318	3.724937	19.414860	4.251101	5.291793	1.306769	15.198320	
42	2	19.875060	32.884150	11.332960	0.969024	
43	1	58.803190	5.677348	
44	2	7.353967	1.693107	6.812554	1.822082	
45	1	13.722080	8.560877	
46	3	19.945250	32.884150	29.220770	20.712560	1.199574	13.879200	
47	1	16.408480	3.175652	
48	3	1.461346	9.521741	27.514140	0.444051	1.826038	5.200275	
49	1	6.963037	22.294540	
50	2	58.803190	1.467811	25.789650	0.863783	
51	3	48.445100	3.377814	83.591520	0.980706	10.604450	3.059717	
52	1	83.330080	2.278490	
53	1	27.117320	4.839071	
54	1	10.604450	2.385832	
55	2	9.576427	8.560877	48.974660	0.774418	
56	4	9.468125	9.759889	7.353967	12.027200	0.415965	31.185280	2.425063	5.200275	
57	1	9.468125	2.530887	
58	1	25.164010	1.194380	
59	1	83.591520	0.840808	
60	1	9.468125	5.214384	
