path42.100.txt
60
100
100 87
1	1	22.249060	26.157750	
2	1	4.853680	37.003490	
3	1	2.436932	33.238370	
4	1	2.688952	86.169970	
5	2	25.103860	1.154629	12.816040	1.726774	
6	2	11.957730	1.519525	11.195240	1.532979	
7	3	15.638510	39.449150	10.318350	18.254770	11.195240	1.992311	
8	2	30.569370	1.021912	12.877370	2.081146	
9	3	63.185230	1.007233	4.012870	7.575298	17.342290	1.112297	
10	1	7.102072	2.464112	
11	1	1.424057	86.169970	
12	1	5.946914	38.373110	
13	2	3.808439	34.885780	3.784408	18.254770	
14	1	23.623400	1.154629	
15	3	13.990660	15.839020	1.306686	15.203120	9.006680	2.008837	
16	3	7.102072	40.806580	5.586203	6.066720	11.195240	1.945999	
17	2	13.368910	1.598145	11.764870	1.601692	
18	1	56.296110	2.998453	
19	1	11.195240	2.232145	
20	3	10.159060	2.998453	12.233860	1.726774	0.520912	33.238370	
21	1	25.521890	0.978505	
22	1	11.195240	1.524884	
23	1	22.249060	10.551610	
24	3	49.428220	0.887704	48.727260	0.567487	1.499336	13.498780	
25	1	18.619040	86.169970	
26	2	2.294196	39.705460	23.396770	1.598145	
27	2	0.952488	22.744010	11.253040	1.722116	
28	1	7.102072	9.681424	
29	1	4.625408	38.373110	
30	1	21.016550	1.598145	
31	1	11.178820	2.030210	
32	1	2.294196	21.965920	
33	1	4.557707	12.876660	
34	1	0.546848	45.421170	
35	1	42.217770	0.533068	
36	2	4.697507	27.369970	63.185230	0.652914	
37	6	1.019737	86.169970	1.446299	51.284190	48.471020	1.519525	25.521890	1.021496	14.969810	1.722116	24.706050	1.021912	
38	1	0.862774	86.169970	
39	2	25.049900	12.578590	12.172530	2.081146	
40	1	42.217770	1.065077	
41	1	4.557707	11.047830	
42	3	9.006680	26.018240	11.195240	5.330171	1.499336	27.250010	
43	1	1.306686	18.035250	
44	1	14.521350	1.519525	
45	1	30.259510	0.642472	
46	2	22.249060	49.460610	15.638510	5.129633	
47	1	29.715520	0.667258	
48	2	0.622915	38.373110	11.764870	1.368184	
49	4	7.102072	5.847879	1.940458	18.254770	2.294196	15.266380	8.494935	2.998453	
50	2	4.557707	13.079000	5.398516	3.735756	
51	1	32.925720	0.642472	
52	1	2.052557	15.839020	
53	1	2.404565	27.369970	
54	1	3.420478	6.066720	
55	3	13.871070	2.030210	2.294196	9.232214	5.398516	3.839542	
56	1	32.085920	1.112297	
57	1	3.656363	51.284190	
58	2	0.892973	86.169970	19.674690	1.021912	
59	4	1.294222	34.885780	25.049900	1.312556	33.469720	0.667258	0.952488	22.677160	
60	1	6.930707	33.238370	
