path38.200.txt
120
200
100 80
1	1	37.373130	0.705561	
2	1	14.090990	6.414902	
3	2	12.735150	1.088263	2.118815	6.179193	
4	1	19.054080	0.637074	
5	1	41.522600	3.807687	
6	1	16.474520	0.852447	
7	1	11.870650	1.429661	
8	1	24.141590	2.117887	
9	3	4.030159	4.563314	7.550965	1.768453	4.754941	2.248440	
10	3	31.713250	7.330905	42.506610	4.644772	22.909870	1.391884	
11	3	7.749757	1.951719	1.174446	9.996104	7.700444	1.475927	
12	1	32.433550	0.635399	
13	1	0.928261	20.131280	
14	1	9.096764	6.341780	
15	1	12.766050	1.175341	
16	1	25.927310	1.175095	
17	1	14.764500	1.100630	
18	2	3.602563	6.113116	12.240160	0.891739	
19	3	8.611042	1.989000	25.927310	0.546620	12.240160	1.070248	
20	1	15.811570	0.847865	
21	1	33.030660	6.489311	
22	3	18.768630	0.959639	8.611042	1.939895	12.240160	0.893576	
23	1	5.237595	9.996104	
24	1	32.433550	0.398925	
25	2	11.957840	1.240057	5.539393	2.073829	
26	1	7.700444	4.703266	
27	2	1.632098	8.453069	0.640972	17.922390	
28	1	1.466736	10.707780	
29	1	1.842746	12.611990	
30	2	12.240160	1.068014	3.154867	3.486506	
31	3	1.073369	20.131280	4.171870	3.406131	17.964150	0.612876	
32	1	1.238680	9.996104	
33	2	2.152161	18.867620	18.768630	1.175658	
34	1	30.877860	19.868680	
35	1	31.713250	33.550840	
36	1	0.960321	18.622810	
37	1	13.027720	4.517323	
38	1	1.440643	8.009638	
39	2	7.338192	1.977659	0.587736	21.013070	
40	1	1.466736	13.807660	
41	2	14.056660	1.429661	0.772740	17.154180	
42	3	12.240160	5.352495	1.653198	13.565310	1.653198	6.565976	
43	1	12.584750	1.051595	
44	1	6.540025	1.768453	
45	2	11.915550	21.420210	13.027720	1.740512	
46	1	79.895970	4.621672	
47	2	6.431771	3.981675	17.543230	0.612876	
48	4	35.801280	0.706954	1.725581	10.078680	3.040989	5.222771	17.798460	0.637074	
49	2	1.232363	30.360630	2.398331	6.113116	
50	1	37.047490	4.644772	
51	1	11.365780	2.117887	
52	1	2.304900	6.946497	
53	1	26.195940	0.637074	
54	1	4.077555	3.425271	
55	3	10.142620	3.927665	39.319670	0.438721	23.429380	0.511808	
56	3	8.611042	3.244640	11.481030	1.725337	8.611042	1.598946	
57	1	15.811570	6.934052	
58	2	1.149053	17.696940	8.741115	1.614314	
59	1	21.032850	18.867620	
60	2	6.687953	26.192640	5.218844	2.414115	
61	1	13.116210	1.725337	
62	1	25.927310	0.593151	
63	1	1.389442	17.696940	
64	1	7.650721	1.918383	
65	3	16.871610	24.018850	1.438337	18.026830	7.924034	2.248440	
66	2	8.611042	2.557234	1.385595	10.521120	
67	1	36.306500	11.469470	
68	1	2.304900	6.187575	
69	2	8.611042	2.365117	35.801280	0.393676	
70	4	79.895970	2.532481	1.466736	10.791140	0.422629	35.306580	17.729420	0.836388	
71	1	12.240160	1.176596	
72	1	17.729420	0.672741	
73	2	39.535340	3.589370	7.158682	2.135297	
74	2	1.245403	17.384190	25.927310	0.659620	
75	1	13.027720	2.403170	
76	3	39.319670	0.465117	4.104944	3.298998	3.326745	3.486506	
77	3	1.636166	26.192640	25.927310	0.744168	1.098844	14.502990	
78	3	4.030159	21.629320	2.183363	6.539448	12.240160	1.089956	
79	2	48.261330	2.443479	17.729420	0.732886	
80	3	39.319670	1.440763	17.729420	0.976125	15.811570	0.761547	
81	2	2.023863	6.539448	10.134330	1.100630	
82	3	14.090990	8.288032	14.090990	4.541686	39.319670	0.587374	
83	1	6.481612	2.302179	
84	1	79.895970	2.283706	
85	1	23.691170	0.511808	
86	2	2.742301	18.867620	1.842746	8.191595	
87	2	47.120560	0.522517	37.373130	0.382702	
88	3	6.066591	11.469470	1.440643	10.142760	12.240160	0.900300	
89	1	0.400764	35.306580	
90	3	35.507380	0.694508	7.749757	2.263370	8.473381	1.977659	
91	1	14.482770	21.013070	
92	1	16.474520	1.591032	
93	4	13.027720	1.417678	2.420903	6.179193	12.940200	1.088263	2.196996	6.113116	
94	2	2.304900	4.892758	12.240160	0.874880	
95	3	12.354280	1.723018	1.425664	10.521120	0.667903	17.154180	
96	1	3.654828	10.229340	
97	3	7.650721	4.717567	6.700770	2.073829	0.604430	17.922390	
98	1	12.766050	0.844558	
99	3	42.373090	9.950745	4.708768	5.222771	6.481612	2.664383	
100	1	7.650721	1.990756	
101	1	12.240160	2.932899	
102	1	0.928024	30.360630	
103	1	8.741115	1.810956	
104	1	0.362404	35.306580	
105	1	12.240160	1.180330	
106	1	25.927310	0.546590	
107	1	4.923780	2.414115	
108	1	12.354280	1.053992	
109	1	0.362558	35.306580	
110	1	8.091611	2.380099	
111	3	12.766050	1.787787	25.927310	0.632578	0.743901	14.502990	
112	3	39.319670	0.493295	13.969470	1.240057	17.729420	0.646536	
113	1	2.367777	24.018850	
114	3	26.945610	1.100630	3.986667	3.298998	10.325120	1.051595	
115	2	4.439172	3.406131	5.050445	2.248440	
116	1	1.716366	21.013070	
117	1	4.126452	8.453069	
118	1	25.927310	0.623008	
119	2	6.504680	6.489311	1.204742	17.696940	
120	2	2.224546	6.539448	12.240160	1.169455	
