path1.25.txt
15
25
100 100
1	1	31.137650	2.346882	
2	1	29.664580	64.659400	
3	1	29.664580	1.735629	
4	2	70.335420	34.549190	5.538497	32.052520	
5	2	3.947375	25.809700	2.912739	32.052520	
6	2	39.197770	2.346882	29.664580	1.250198	
7	1	3.947375	6.242819	
8	2	100.000000	22.586380	31.801670	6.028456	
9	1	68.198330	2.051177	
10	3	41.204610	13.564650	70.335420	2.436572	35.767670	2.228320	
11	1	16.732200	29.675930	
12	5	29.664580	3.739932	34.036860	1.748960	32.430660	1.379453	16.732200	2.376595	15.718090	1.748960	
13	1	41.204610	18.487870	
14	1	32.430660	0.848866	
15	1	18.443390	1.748960	
