path7.25.txt
15
25
100 100
1	3	2.911624	45.334980	3.095868	37.744130	4.451406	16.450390	
2	1	17.031810	24.050490	
3	1	90.498580	17.802690	
4	1	3.161627	17.401000	
5	3	81.363710	31.094640	36.042630	24.050490	69.546510	1.024083	
6	1	21.867120	21.381870	
7	1	14.495430	24.050490	
8	1	67.593890	21.381870	
9	1	2.022303	45.334980	
10	1	9.342438	24.050490	
11	2	100.000000	2.956369	2.103031	17.802690	
12	3	8.268709	45.334980	7.398385	17.802690	30.453490	1.024083	
13	2	100.000000	1.689863	2.272029	17.401000	
14	2	2.337787	37.744130	4.451406	7.600103	
15	2	10.538990	21.381870	13.202640	9.810149	
