path5.200.txt
120
200
100 47
1	3	6.819651	3.359758	3.506711	5.779092	3.689679	4.888763	
2	2	12.971780	1.927427	3.383564	3.652105	
3	2	0.638121	45.297590	7.524710	3.198675	
4	1	11.950960	1.575658	
5	1	19.492380	0.826194	
6	1	3.688592	15.552820	
7	1	1.233856	16.248100	
8	1	16.676130	1.063616	
9	1	0.838612	15.218210	
10	1	15.883280	1.183566	
11	3	9.851103	8.243272	26.834790	0.826194	32.030070	0.599690	
12	1	3.818632	4.888763	
13	3	5.141824	5.846095	42.243450	0.515756	3.112457	6.816726	
14	2	4.345795	10.482310	20.372380	0.741712	
15	1	9.019044	1.869385	
16	1	1.724849	8.433578	
17	3	4.062295	4.287129	13.448760	1.124904	3.506711	4.240621	
18	3	44.680400	0.513840	15.883280	1.044582	1.700847	9.006872	
19	2	0.870887	18.024650	0.590946	23.453870	
20	2	5.025475	5.846095	46.327160	0.530822	
21	2	37.836160	28.957220	1.249000	14.406000	
22	2	46.327160	2.092305	2.693353	7.053400	
23	1	3.749489	4.914386	
24	5	14.131040	12.280340	17.514200	3.776200	7.524710	6.077891	2.224866	18.161950	3.967698	3.756071	
25	2	20.317910	15.087640	3.008280	5.166272	
26	1	12.174620	5.770643	
27	1	6.379112	24.444630	
28	1	33.361010	1.241949	
29	5	42.243450	0.547859	6.863451	3.363979	20.317910	0.982407	26.591550	0.690706	15.459560	1.124904	
30	1	20.317910	10.673470	
31	1	24.205920	0.621650	
32	2	3.383564	6.860831	14.330600	1.269695	
33	3	0.598725	35.256770	6.819651	2.490501	0.870887	17.232120	
34	1	46.327160	0.589472	
35	3	3.049864	26.743510	10.113150	2.799363	3.967698	4.058452	
36	1	2.693353	19.690110	
37	3	35.958180	5.896080	3.759580	15.218210	19.020810	0.815659	
38	1	36.145440	15.218210	
39	2	24.847500	1.864409	3.383564	3.698455	
40	3	25.280980	1.068426	24.847500	1.027655	24.847500	0.640581	
41	1	0.572681	45.297590	
42	1	17.514200	3.950980	
43	1	37.251570	0.568090	
44	1	37.836160	0.392866	
45	1	21.635890	1.124904	
46	1	17.264170	1.007569	
47	4	2.552366	9.276566	12.448610	1.869385	27.306350	0.815659	4.062295	4.719743	
48	4	46.327160	1.396785	9.610497	2.960677	3.918864	5.869236	6.272786	2.960677	
49	1	43.219910	1.774121	
50	2	27.325760	0.599690	10.113150	1.505903	
51	1	7.259889	7.928696	
52	1	5.431206	4.888763	
53	1	2.797927	5.166272	
54	1	12.402380	2.983357	
55	1	3.506711	5.048872	
56	1	2.999616	6.761065	
57	2	12.971780	1.753744	3.688592	3.948374	
58	1	3.109098	7.928696	
59	1	25.280980	0.705696	
60	2	35.958180	2.032616	10.113150	2.283684	
61	3	40.756300	22.061820	46.327160	0.966081	46.327160	0.954701	
62	1	8.576292	4.822709	
63	1	4.904686	26.743510	
64	3	24.847500	8.193483	2.999616	8.307520	10.113150	1.913272	
65	1	1.522708	15.919940	
66	1	24.847500	0.613137	
67	2	0.541876	35.256770	9.762676	1.766558	
68	1	3.688592	3.670597	
69	3	25.659590	1.063616	16.082100	1.124904	5.643189	3.051948	
70	1	5.365067	8.243272	
71	1	2.153721	19.229340	
72	4	4.804060	3.843912	4.932786	3.397316	3.231314	4.822709	11.901210	1.269695	
73	4	13.557790	13.383250	0.665884	35.256770	10.008600	1.869385	4.883008	3.011261	
74	1	0.868116	27.366990	
75	1	12.971780	1.535204	
76	1	19.987400	1.007569	
77	1	3.918864	4.926770	
78	2	26.591550	0.884952	1.702062	12.412610	
79	1	3.390491	5.846095	
80	1	1.249000	30.891590	
81	1	0.652845	26.675840	
82	1	13.962710	1.124904	
83	3	18.930620	0.954959	18.930620	0.819162	0.590946	21.843720	
84	1	8.772519	2.310235	
85	1	24.847500	8.467539	
86	1	0.868116	17.930600	
87	1	1.410394	12.412610	
88	4	40.756300	13.194950	5.339576	5.770643	8.352720	3.363979	24.397470	0.885901	
89	5	44.680400	0.728109	1.752245	12.280340	2.224866	8.581569	15.420830	1.063616	0.945688	15.919940	
90	1	2.242849	8.433578	
91	1	8.709843	15.068580	
92	3	15.883280	8.277051	12.568490	1.774121	12.971780	1.638219	
93	1	9.762676	2.433431	
94	1	31.911460	2.310235	
95	3	12.971780	3.215084	4.345795	8.747027	20.453860	1.269695	
96	1	6.152134	5.850259	
97	1	20.311600	0.741712	
98	3	1.645181	26.675840	24.205920	0.954008	9.167918	1.869385	
99	1	1.169099	16.248100	
100	1	11.907980	2.154036	
101	3	4.671444	15.218210	3.383564	10.233240	0.912083	15.218210	
102	1	21.958580	1.241949	
103	2	12.402380	4.210825	6.637825	2.734728	
104	1	0.476487	35.256770	
105	1	3.688592	3.571724	
106	1	4.708570	3.843912	
107	1	5.270156	2.734728	
108	2	4.075676	4.822709	21.929690	0.885901	
109	2	1.677736	9.471316	4.879668	3.011261	
110	1	9.762676	3.600889	
111	1	5.806207	4.110293	
112	1	2.331967	8.502222	
113	1	2.074015	15.919940	
114	1	12.670160	1.269695	
115	1	4.579844	3.397316	
116	1	12.402380	1.308040	
117	1	24.847500	2.666468	
118	1	1.677736	9.758025	
119	1	0.956883	26.743510	
120	2	19.410980	1.124904	3.749489	4.092486	
