path37.25.txt
15
25
100 100
1	2	34.373080	7.743598	11.661910	10.854970	
2	2	63.424910	13.970010	15.584530	3.506922	
3	3	65.626920	37.111300	7.126644	10.854970	2.460508	10.261580	
4	2	97.175440	2.292833	44.659230	2.282446	
5	1	97.175440	8.131285	
6	1	65.213240	10.261580	
7	1	32.326260	10.261580	
8	1	22.773410	4.149912	
9	1	52.516210	1.453277	
10	1	36.575090	13.970010	
11	1	52.516210	0.829169	
12	2	22.551970	4.149912	2.824560	19.234440	
13	3	100.000000	19.422680	34.373080	12.297910	34.373080	4.815974	
14	1	34.373080	1.398843	
15	3	97.175440	2.377961	51.850070	4.149912	15.584530	7.348053	
