path35.50.txt
30
50
100 64
1	1	52.796810	63.911350	
2	2	26.607200	6.095135	12.708520	2.684852	
3	1	5.287748	11.020200	
4	2	15.081820	7.375882	43.143230	1.604258	
5	2	28.382300	2.770607	14.161550	3.877447	
6	2	7.675949	10.836390	14.917150	3.877447	
7	1	2.171403	44.006250	
8	1	32.121380	63.911350	
9	3	15.211230	8.926054	15.069550	3.654537	28.382300	1.358978	
10	1	15.081820	4.808142	
11	1	15.211230	3.495851	
12	2	3.643716	34.484390	29.078700	1.911069	
13	1	15.081820	3.957943	
14	1	7.675949	8.586234	
15	3	28.382300	2.850239	1.729513	34.484390	28.382300	1.549051	
16	1	2.977172	16.856090	
17	3	16.324430	6.095135	15.081820	3.763132	0.870939	44.006250	
18	1	2.621348	34.484390	
19	1	5.638690	33.532360	
20	2	2.977172	27.150160	15.211230	2.639867	
21	1	8.637387	11.020200	
22	1	7.535285	8.929276	
23	1	28.382300	1.493529	
24	1	12.708520	2.823074	
25	2	3.440985	34.484390	12.708520	2.923317	
26	4	16.496440	34.484390	28.474470	16.637210	5.638690	10.473890	0.782243	44.006250	
27	3	7.535285	10.493350	15.069550	4.776706	28.382300	1.270086	
28	1	42.931640	4.925061	
29	2	2.641371	44.006250	28.382300	2.320378	
30	2	28.382300	3.024348	29.078700	2.642727	
