path32.100.txt
60
100
100 98
1	1	42.829510	8.208442	
2	1	13.164650	1.379737	
3	1	1.634963	10.213520	
4	1	3.589771	11.886660	
5	1	3.068436	6.669230	
6	1	12.543200	3.677903	
7	2	2.035580	19.570500	10.309590	1.845645	
8	1	39.268910	0.592133	
9	3	6.547552	7.365757	1.634963	19.971760	5.398796	3.378795	
10	4	26.104260	1.379737	3.417086	9.842277	31.727380	0.960971	6.040199	2.757385	
11	1	73.288600	0.990406	
12	1	17.261670	1.845645	
13	1	5.700480	3.986962	
14	4	2.216165	11.301920	1.815547	11.886660	8.902049	2.340304	0.977683	21.014770	
15	1	73.288600	1.311232	
16	1	40.101450	16.289320	
17	1	15.350480	2.211015	
18	1	5.501623	3.378795	
19	2	10.976500	1.902410	2.966655	6.000823	
20	3	10.976500	4.934163	0.838150	32.834300	1.111477	19.570500	
21	2	1.156334	21.014770	1.104528	19.570500	
22	1	6.067714	11.886660	
23	2	8.239215	2.757385	1.742642	11.886660	
24	2	41.794680	4.632722	3.749865	5.217426	
25	4	2.966655	24.690210	0.927174	29.231950	4.566969	5.368301	8.902049	2.544724	
26	1	5.197890	32.272220	
27	4	0.773039	32.834300	1.476438	16.289320	10.976500	2.000351	1.664634	11.506280	
28	1	14.279410	4.608372	
29	1	97.033350	9.664112	
30	1	39.268910	0.500417	
31	2	1.634963	11.929220	3.512864	5.274790	
32	1	2.553710	18.160410	
33	1	9.200591	5.368301	
34	3	0.981782	21.014770	1.251619	16.289320	4.839666	3.539027	
35	2	78.276660	18.160410	2.966655	6.179691	
36	2	15.350480	2.502519	0.958079	29.231950	
37	1	27.571260	0.987349	
38	5	14.637140	18.160410	73.288600	2.583391	4.022153	6.669230	10.968080	1.809204	3.340725	5.217426	
39	1	45.164240	10.765310	
40	1	12.082430	11.886660	
41	1	4.839666	19.198340	
42	1	10.976500	1.887550	
43	3	3.985562	5.368301	1.848230	11.506280	2.640395	6.928598	
44	1	3.512864	6.391784	
45	1	39.361140	41.644050	
46	1	0.995890	23.172860	
47	1	1.853630	11.886660	
48	1	5.758166	5.368301	
49	1	31.727380	0.719476	
50	1	1.780805	9.842277	
51	2	2.640395	19.342220	1.565833	18.160410	
52	1	42.829510	17.146290	
53	1	16.192290	1.121344	
54	3	39.268910	0.571740	5.199939	3.986962	10.968080	1.868699	
55	1	4.839666	6.494582	
56	2	2.784073	11.886660	1.026932	21.014770	
57	2	2.216165	11.870940	39.268910	0.420675	
58	3	2.690123	21.014770	27.571260	0.631708	2.640395	6.563488	
59	1	41.794680	4.413483	
60	2	66.840160	1.248832	28.971960	1.121344	
