path36.100.txt
60
100
100 97
1	1	4.312951	4.257961	
2	1	16.473120	1.723897	
3	3	1.138930	32.196400	0.657643	55.495860	4.608374	6.146172	
4	1	1.073655	45.819820	
5	1	4.614564	22.976930	
6	1	1.277677	41.341840	
7	1	1.562307	24.160210	
8	1	2.619410	26.507260	
9	1	2.756475	9.791658	
10	1	18.121400	1.438396	
11	2	4.312951	57.485370	21.238990	1.438396	
12	2	1.757653	74.463710	1.562307	18.071740	
13	1	23.744120	58.990890	
14	3	1.138930	38.367550	2.168426	14.869880	1.562307	19.024600	
15	2	1.073655	26.178160	2.683879	9.791658	
16	1	4.312951	11.712840	
17	1	1.773344	19.405330	
18	1	0.845874	44.469170	
19	2	2.922654	37.986580	8.997034	2.293271	
20	1	2.290604	20.113380	
21	4	16.640650	96.837710	1.204651	26.610180	35.097710	0.761250	1.073655	24.839730	
22	3	9.667593	20.113380	11.956520	3.835228	0.929280	24.548450	
23	3	9.013452	22.976930	21.017600	5.422234	24.966240	1.046489	
24	2	1.562307	16.639190	4.312951	4.898357	
25	1	3.294287	5.316826	
26	1	1.260033	22.976930	
27	3	66.228460	0.677408	5.083069	5.422234	3.294287	7.330047	
28	2	18.548450	4.349919	4.608374	4.008888	
29	1	1.044204	29.254760	
30	1	1.098981	29.254760	
31	1	2.619410	6.211738	
32	1	2.015924	14.869880	
33	1	0.845874	38.741650	
34	1	17.298840	58.990890	
35	2	17.298420	1.723897	1.340278	14.133260	
36	1	4.658142	3.966877	
37	3	6.784514	6.031839	4.658142	5.070517	26.802860	0.648688	
38	4	41.262220	1.046489	2.335530	12.646870	8.997034	3.128963	1.757653	10.666570	
39	1	4.380314	14.869880	
40	1	35.097710	0.872212	
41	1	6.317572	9.037394	
42	1	1.001170	26.271890	
43	1	1.700463	9.791658	
44	4	3.957283	41.309190	1.338733	26.610180	2.259111	12.646870	4.608374	3.978203	
45	2	2.258176	12.646870	0.927937	20.113380	
46	2	1.808237	96.837710	26.802860	0.789708	
47	1	2.922654	40.367940	
48	2	1.712480	46.654600	1.757653	11.707420	
49	1	1.624085	14.133260	
50	1	1.562307	18.941970	
51	2	11.312850	53.829990	2.507508	57.023080	
52	3	11.312850	24.524540	9.103671	22.976930	1.821451	9.791658	
53	3	6.784514	16.945090	1.712480	50.183110	0.770040	43.953770	
54	1	1.814099	29.254760	
55	1	1.618240	26.271890	
56	1	35.097710	7.814188	
57	1	0.963545	83.210820	
58	2	10.975710	5.095869	12.886130	2.863552	
59	3	33.836770	1.438396	2.994255	9.791658	0.844064	24.548450	
60	2	0.620034	55.495860	2.507508	13.540870	
