1000 40599
1000
332 362
332 362
332 362
332 362
332 362
332 362
332 362
332 362
332 362
332 362
334 324
334 324
334 324
334 324
334 324
334 324
334 324
334 324
334 324
334 324
325 326
325 326
325 326
325 326
325 326
325 326
325 326
325 326
325 326
325 326
294 348
294 348
294 348
294 348
294 348
294 348
294 348
294 348
294 348
294 348
373 269
373 269
373 269
373 269
373 269
373 269
373 269
373 269
373 269
373 269
320 308
320 308
320 308
320 308
320 308
320 308
320 308
320 308
320 308
320 308
293 336
293 336
293 336
293 336
293 336
293 336
293 336
293 336
293 336
293 336
294 328
294 328
294 328
294 328
294 328
294 328
294 328
294 328
294 328
294 328
361 267
361 267
361 267
361 267
361 267
361 267
361 267
361 267
361 267
361 267
265 356
265 356
265 356
265 356
265 356
265 356
265 356
265 356
265 356
265 356
307 291
307 291
307 291
307 291
307 291
307 291
307 291
307 291
307 291
307 291
258 344
258 344
258 344
258 344
258 344
258 344
258 344
258 344
258 344
258 344
244 339
244 339
244 339
244 339
244 339
244 339
244 339
244 339
244 339
244 339
290 269
290 269
290 269
290 269
290 269
290 269
290 269
290 269
290 269
290 269
220 350
220 350
220 350
220 350
220 350
220 350
220 350
220 350
220 350
220 350
310 248
310 248
310 248
310 248
310 248
310 248
310 248
310 248
310 248
310 248
221 342
221 342
221 342
221 342
221 342
221 342
221 342
221 342
221 342
221 342
268 271
268 271
268 271
268 271
268 271
268 271
268 271
268 271
268 271
268 271
316 229
316 229
316 229
316 229
316 229
316 229
316 229
316 229
316 229
316 229
201 355
201 355
201 355
201 355
201 355
201 355
201 355
201 355
201 355
201 355
219 323
219 323
219 323
219 323
219 323
219 323
219 323
219 323
219 323
219 323
205 345
205 345
205 345
205 345
205 345
205 345
205 345
205 345
205 345
205 345
216 309
216 309
216 309
216 309
216 309
216 309
216 309
216 309
216 309
216 309
214 307
214 307
214 307
214 307
214 307
214 307
214 307
214 307
214 307
214 307
268 237
268 237
268 237
268 237
268 237
268 237
268 237
268 237
268 237
268 237
184 337
184 337
184 337
184 337
184 337
184 337
184 337
184 337
184 337
184 337
345 177
345 177
345 177
345 177
345 177
345 177
345 177
345 177
345 177
345 177
156 372
156 372
156 372
156 372
156 372
156 372
156 372
156 372
156 372
156 372
168 340
168 340
168 340
168 340
168 340
168 340
168 340
168 340
168 340
168 340
300 178
300 178
300 178
300 178
300 178
300 178
300 178
300 178
300 178
300 178
220 242
220 242
220 242
220 242
220 242
220 242
220 242
220 242
220 242
220 242
288 183
288 183
288 183
288 183
288 183
288 183
288 183
288 183
288 183
288 183
213 246
213 246
213 246
213 246
213 246
213 246
213 246
213 246
213 246
213 246
191 270
191 270
191 270
191 270
191 270
191 270
191 270
191 270
191 270
191 270
243 209
243 209
243 209
243 209
243 209
243 209
243 209
243 209
243 209
243 209
211 221
211 221
211 221
211 221
211 221
211 221
211 221
211 221
211 221
211 221
373 125
373 125
373 125
373 125
373 125
373 125
373 125
373 125
373 125
373 125
128 339
128 339
128 339
128 339
128 339
128 339
128 339
128 339
128 339
128 339
272 158
272 158
272 158
272 158
272 158
272 158
272 158
272 158
272 158
272 158
320 128
320 128
320 128
320 128
320 128
320 128
320 128
320 128
320 128
320 128
261 150
261 150
261 150
261 150
261 150
261 150
261 150
261 150
261 150
261 150
118 330
118 330
118 330
118 330
118 330
118 330
118 330
118 330
118 330
118 330
135 277
135 277
135 277
135 277
135 277
135 277
135 277
135 277
135 277
135 277
174 211
174 211
174 211
174 211
174 211
174 211
174 211
174 211
174 211
174 211
106 324
106 324
106 324
106 324
106 324
106 324
106 324
106 324
106 324
106 324
161 212
161 212
161 212
161 212
161 212
161 212
161 212
161 212
161 212
161 212
205 162
205 162
205 162
205 162
205 162
205 162
205 162
205 162
205 162
205 162
274 116
274 116
274 116
274 116
274 116
274 116
274 116
274 116
274 116
274 116
270 111
270 111
270 111
270 111
270 111
270 111
270 111
270 111
270 111
270 111
341 84
341 84
341 84
341 84
341 84
341 84
341 84
341 84
341 84
341 84
91 311
91 311
91 311
91 311
91 311
91 311
91 311
91 311
91 311
91 311
303 93
303 93
303 93
303 93
303 93
303 93
303 93
303 93
303 93
303 93
143 197
143 197
143 197
143 197
143 197
143 197
143 197
143 197
143 197
143 197
369 75
369 75
369 75
369 75
369 75
369 75
369 75
369 75
369 75
369 75
90 307
90 307
90 307
90 307
90 307
90 307
90 307
90 307
90 307
90 307
156 174
156 174
156 174
156 174
156 174
156 174
156 174
156 174
156 174
156 174
223 118
223 118
223 118
223 118
223 118
223 118
223 118
223 118
223 118
223 118
117 222
117 222
117 222
117 222
117 222
117 222
117 222
117 222
117 222
117 222
256 101
256 101
256 101
256 101
256 101
256 101
256 101
256 101
256 101
256 101
108 231
108 231
108 231
108 231
108 231
108 231
108 231
108 231
108 231
108 231
184 135
184 135
184 135
184 135
184 135
184 135
184 135
184 135
184 135
184 135
106 225
106 225
106 225
106 225
106 225
106 225
106 225
106 225
106 225
106 225
112 208
112 208
112 208
112 208
112 208
112 208
112 208
112 208
112 208
112 208
87 265
87 265
87 265
87 265
87 265
87 265
87 265
87 265
87 265
87 265
271 84
271 84
271 84
271 84
271 84
271 84
271 84
271 84
271 84
271 84
272 83
272 83
272 83
272 83
272 83
272 83
272 83
272 83
272 83
272 83
231 95
231 95
231 95
231 95
231 95
231 95
231 95
231 95
231 95
231 95
214 93
214 93
214 93
214 93
214 93
214 93
214 93
214 93
214 93
214 93
73 268
73 268
73 268
73 268
73 268
73 268
73 268
73 268
73 268
73 268
110 177
110 177
110 177
110 177
110 177
110 177
110 177
110 177
110 177
110 177
82 234
82 234
82 234
82 234
82 234
82 234
82 234
82 234
82 234
82 234
64 287
64 287
64 287
64 287
64 287
64 287
64 287
64 287
64 287
64 287
128 140
128 140
128 140
128 140
128 140
128 140
128 140
128 140
128 140
128 140
60 295
60 295
60 295
60 295
60 295
60 295
60 295
60 295
60 295
60 295
46 356
46 356
46 356
46 356
46 356
46 356
46 356
46 356
46 356
46 356
62 261
62 261
62 261
62 261
62 261
62 261
62 261
62 261
62 261
62 261
368 38
368 38
368 38
368 38
368 38
368 38
368 38
368 38
368 38
368 38
298 46
298 46
298 46
298 46
298 46
298 46
298 46
298 46
298 46
298 46
273 50
273 50
273 50
273 50
273 50
273 50
273 50
273 50
273 50
273 50
59 230
59 230
59 230
59 230
59 230
59 230
59 230
59 230
59 230
59 230
307 39
307 39
307 39
307 39
307 39
307 39
307 39
307 39
307 39
307 39
210 57
210 57
210 57
210 57
210 57
210 57
210 57
210 57
210 57
210 57
48 249
48 249
48 249
48 249
48 249
48 249
48 249
48 249
48 249
48 249
39 287
39 287
39 287
39 287
39 287
39 287
39 287
39 287
39 287
39 287
234 46
234 46
234 46
234 46
234 46
234 46
234 46
234 46
234 46
234 46
62 142
62 142
62 142
62 142
62 142
62 142
62 142
62 142
62 142
62 142
60 141
60 141
60 141
60 141
60 141
60 141
60 141
60 141
60 141
60 141
51 150
51 150
51 150
51 150
51 150
51 150
51 150
51 150
51 150
51 150
208 35
208 35
208 35
208 35
208 35
208 35
208 35
208 35
208 35
208 35
51 136
51 136
51 136
51 136
51 136
51 136
51 136
51 136
51 136
51 136
33 201
33 201
33 201
33 201
33 201
33 201
33 201
33 201
33 201
33 201
49 132
49 132
49 132
49 132
49 132
49 132
49 132
49 132
49 132
49 132
164 39
164 39
164 39
164 39
164 39
164 39
164 39
164 39
164 39
164 39
88 68
88 68
88 68
88 68
88 68
88 68
88 68
88 68
88 68
88 68
106 55
106 55
106 55
106 55
106 55
106 55
106 55
106 55
106 55
106 55
142 40
142 40
142 40
142 40
142 40
142 40
142 40
142 40
142 40
142 40
82 69
82 69
82 69
82 69
82 69
82 69
82 69
82 69
82 69
82 69
35 111
35 111
35 111
35 111
35 111
35 111
35 111
35 111
35 111
35 111
61 46
61 46
61 46
61 46
61 46
61 46
61 46
61 46
61 46
61 46
34 29
34 29
34 29
34 29
34 29
34 29
34 29
34 29
34 29
34 29
