1000 42080
1000
356 344
356 344
356 344
356 344
356 344
356 344
356 344
356 344
356 344
356 344
330 370
330 370
330 370
330 370
330 370
330 370
330 370
330 370
330 370
330 370
310 367
310 367
310 367
310 367
310 367
310 367
310 367
310 367
310 367
310 367
353 319
353 319
353 319
353 319
353 319
353 319
353 319
353 319
353 319
353 319
314 348
314 348
314 348
314 348
314 348
314 348
314 348
314 348
314 348
314 348
364 279
364 279
364 279
364 279
364 279
364 279
364 279
364 279
364 279
364 279
290 333
290 333
290 333
290 333
290 333
290 333
290 333
290 333
290 333
290 333
339 280
339 280
339 280
339 280
339 280
339 280
339 280
339 280
339 280
339 280
292 319
292 319
292 319
292 319
292 319
292 319
292 319
292 319
292 319
292 319
353 242
353 242
353 242
353 242
353 242
353 242
353 242
353 242
353 242
353 242
350 237
350 237
350 237
350 237
350 237
350 237
350 237
350 237
350 237
350 237
284 288
284 288
284 288
284 288
284 288
284 288
284 288
284 288
284 288
284 288
336 243
336 243
336 243
336 243
336 243
336 243
336 243
336 243
336 243
336 243
340 239
340 239
340 239
340 239
340 239
340 239
340 239
340 239
340 239
340 239
249 318
249 318
249 318
249 318
249 318
249 318
249 318
249 318
249 318
249 318
256 307
256 307
256 307
256 307
256 307
256 307
256 307
256 307
256 307
256 307
281 275
281 275
281 275
281 275
281 275
281 275
281 275
281 275
281 275
281 275
316 240
316 240
316 240
316 240
316 240
316 240
316 240
316 240
316 240
316 240
282 268
282 268
282 268
282 268
282 268
282 268
282 268
282 268
282 268
282 268
215 347
215 347
215 347
215 347
215 347
215 347
215 347
215 347
215 347
215 347
254 275
254 275
254 275
254 275
254 275
254 275
254 275
254 275
254 275
254 275
259 259
259 259
259 259
259 259
259 259
259 259
259 259
259 259
259 259
259 259
189 340
189 340
189 340
189 340
189 340
189 340
189 340
189 340
189 340
189 340
258 242
258 242
258 242
258 242
258 242
258 242
258 242
258 242
258 242
258 242
243 252
243 252
243 252
243 252
243 252
243 252
243 252
243 252
243 252
243 252
182 335
182 335
182 335
182 335
182 335
182 335
182 335
182 335
182 335
182 335
302 199
302 199
302 199
302 199
302 199
302 199
302 199
302 199
302 199
302 199
176 337
176 337
176 337
176 337
176 337
176 337
176 337
176 337
176 337
176 337
167 350
167 350
167 350
167 350
167 350
167 350
167 350
167 350
167 350
167 350
193 287
193 287
193 287
193 287
193 287
193 287
193 287
193 287
193 287
193 287
218 253
218 253
218 253
218 253
218 253
218 253
218 253
218 253
218 253
218 253
159 312
159 312
159 312
159 312
159 312
159 312
159 312
159 312
159 312
159 312
282 174
282 174
282 174
282 174
282 174
282 174
282 174
282 174
282 174
282 174
219 215
219 215
219 215
219 215
219 215
219 215
219 215
219 215
219 215
219 215
156 297
156 297
156 297
156 297
156 297
156 297
156 297
156 297
156 297
156 297
217 213
217 213
217 213
217 213
217 213
217 213
217 213
217 213
217 213
217 213
135 340
135 340
135 340
135 340
135 340
135 340
135 340
135 340
135 340
135 340
276 166
276 166
276 166
276 166
276 166
276 166
276 166
276 166
276 166
276 166
278 163
278 163
278 163
278 163
278 163
278 163
278 163
278 163
278 163
278 163
251 176
251 176
251 176
251 176
251 176
251 176
251 176
251 176
251 176
251 176
212 202
212 202
212 202
212 202
212 202
212 202
212 202
212 202
212 202
212 202
332 124
332 124
332 124
332 124
332 124
332 124
332 124
332 124
332 124
332 124
144 280
144 280
144 280
144 280
144 280
144 280
144 280
144 280
144 280
144 280
132 304
132 304
132 304
132 304
132 304
132 304
132 304
132 304
132 304
132 304
130 303
130 303
130 303
130 303
130 303
130 303
130 303
130 303
130 303
130 303
127 301
127 301
127 301
127 301
127 301
127 301
127 301
127 301
127 301
127 301
161 229
161 229
161 229
161 229
161 229
161 229
161 229
161 229
161 229
161 229
110 327
110 327
110 327
110 327
110 327
110 327
110 327
110 327
110 327
110 327
107 331
107 331
107 331
107 331
107 331
107 331
107 331
107 331
107 331
107 331
125 281
125 281
125 281
125 281
125 281
125 281
125 281
125 281
125 281
125 281
318 110
318 110
318 110
318 110
318 110
318 110
318 110
318 110
318 110
318 110
148 234
148 234
148 234
148 234
148 234
148 234
148 234
148 234
148 234
148 234
168 202
168 202
168 202
168 202
168 202
168 202
168 202
168 202
168 202
168 202
134 252
134 252
134 252
134 252
134 252
134 252
134 252
134 252
134 252
134 252
105 321
105 321
105 321
105 321
105 321
105 321
105 321
105 321
105 321
105 321
89 355
89 355
89 355
89 355
89 355
89 355
89 355
89 355
89 355
89 355
357 87
357 87
357 87
357 87
357 87
357 87
357 87
357 87
357 87
357 87
94 307
94 307
94 307
94 307
94 307
94 307
94 307
94 307
94 307
94 307
160 180
160 180
160 180
160 180
160 180
160 180
160 180
160 180
160 180
160 180
124 230
124 230
124 230
124 230
124 230
124 230
124 230
124 230
124 230
124 230
90 312
90 312
90 312
90 312
90 312
90 312
90 312
90 312
90 312
90 312
181 154
181 154
181 154
181 154
181 154
181 154
181 154
181 154
181 154
181 154
322 82
322 82
322 82
322 82
322 82
322 82
322 82
322 82
322 82
322 82
307 86
307 86
307 86
307 86
307 86
307 86
307 86
307 86
307 86
307 86
115 204
115 204
115 204
115 204
115 204
115 204
115 204
115 204
115 204
115 204
75 301
75 301
75 301
75 301
75 301
75 301
75 301
75 301
75 301
75 301
305 74
305 74
305 74
305 74
305 74
305 74
305 74
305 74
305 74
305 74
245 87
245 87
245 87
245 87
245 87
245 87
245 87
245 87
245 87
245 87
296 69
296 69
296 69
296 69
296 69
296 69
296 69
296 69
296 69
296 69
273 74
273 74
273 74
273 74
273 74
273 74
273 74
273 74
273 74
273 74
75 258
75 258
75 258
75 258
75 258
75 258
75 258
75 258
75 258
75 258
235 80
235 80
235 80
235 80
235 80
235 80
235 80
235 80
235 80
235 80
106 168
106 168
106 168
106 168
106 168
106 168
106 168
106 168
106 168
106 168
68 261
68 261
68 261
68 261
68 261
68 261
68 261
68 261
68 261
68 261
179 98
179 98
179 98
179 98
179 98
179 98
179 98
179 98
179 98
179 98
160 102
160 102
160 102
160 102
160 102
160 102
160 102
160 102
160 102
160 102
44 367
44 367
44 367
44 367
44 367
44 367
44 367
44 367
44 367
44 367
156 103
156 103
156 103
156 103
156 103
156 103
156 103
156 103
156 103
156 103
366 43
366 43
366 43
366 43
366 43
366 43
366 43
366 43
366 43
366 43
207 76
207 76
207 76
207 76
207 76
207 76
207 76
207 76
207 76
207 76
110 131
110 131
110 131
110 131
110 131
110 131
110 131
110 131
110 131
110 131
236 54
236 54
236 54
236 54
236 54
236 54
236 54
236 54
236 54
236 54
69 169
69 169
69 169
69 169
69 169
69 169
69 169
69 169
69 169
69 169
62 172
62 172
62 172
62 172
62 172
62 172
62 172
62 172
62 172
62 172
329 31
329 31
329 31
329 31
329 31
329 31
329 31
329 31
329 31
329 31
353 28
353 28
353 28
353 28
353 28
353 28
353 28
353 28
353 28
353 28
334 29
334 29
334 29
334 29
334 29
334 29
334 29
334 29
334 29
334 29
147 60
147 60
147 60
147 60
147 60
147 60
147 60
147 60
147 60
147 60
176 50
176 50
176 50
176 50
176 50
176 50
176 50
176 50
176 50
176 50
293 29
293 29
293 29
293 29
293 29
293 29
293 29
293 29
293 29
293 29
79 94
79 94
79 94
79 94
79 94
79 94
79 94
79 94
79 94
79 94
53 138
53 138
53 138
53 138
53 138
53 138
53 138
53 138
53 138
53 138
38 191
38 191
38 191
38 191
38 191
38 191
38 191
38 191
38 191
38 191
251 26
251 26
251 26
251 26
251 26
251 26
251 26
251 26
251 26
251 26
88 58
88 58
88 58
88 58
88 58
88 58
88 58
88 58
88 58
88 58
86 56
86 56
86 56
86 56
86 56
86 56
86 56
86 56
86 56
86 56
26 182
26 182
26 182
26 182
26 182
26 182
26 182
26 182
26 182
26 182
140 27
140 27
140 27
140 27
140 27
140 27
140 27
140 27
140 27
140 27
73 50
73 50
73 50
73 50
73 50
73 50
73 50
73 50
73 50
73 50
46 39
46 39
46 39
46 39
46 39
46 39
46 39
46 39
46 39
46 39
