1000 40319
1000
373 336
373 336
373 336
373 336
373 336
373 336
373 336
373 336
373 336
373 336
363 339
363 339
363 339
363 339
363 339
363 339
363 339
363 339
363 339
363 339
341 336
341 336
341 336
341 336
341 336
341 336
341 336
341 336
341 336
341 336
330 329
330 329
330 329
330 329
330 329
330 329
330 329
330 329
330 329
330 329
339 306
339 306
339 306
339 306
339 306
339 306
339 306
339 306
339 306
339 306
281 353
281 353
281 353
281 353
281 353
281 353
281 353
281 353
281 353
281 353
289 330
289 330
289 330
289 330
289 330
289 330
289 330
289 330
289 330
289 330
309 294
309 294
309 294
309 294
309 294
309 294
309 294
309 294
309 294
309 294
295 298
295 298
295 298
295 298
295 298
295 298
295 298
295 298
295 298
295 298
269 321
269 321
269 321
269 321
269 321
269 321
269 321
269 321
269 321
269 321
339 244
339 244
339 244
339 244
339 244
339 244
339 244
339 244
339 244
339 244
259 304
259 304
259 304
259 304
259 304
259 304
259 304
259 304
259 304
259 304
267 292
267 292
267 292
267 292
267 292
267 292
267 292
267 292
267 292
267 292
375 193
375 193
375 193
375 193
375 193
375 193
375 193
375 193
375 193
375 193
313 222
313 222
313 222
313 222
313 222
313 222
313 222
313 222
313 222
313 222
185 370
185 370
185 370
185 370
185 370
185 370
185 370
185 370
185 370
185 370
307 221
307 221
307 221
307 221
307 221
307 221
307 221
307 221
307 221
307 221
244 276
244 276
244 276
244 276
244 276
244 276
244 276
244 276
244 276
244 276
198 333
198 333
198 333
198 333
198 333
198 333
198 333
198 333
198 333
198 333
242 272
242 272
242 272
242 272
242 272
242 272
242 272
242 272
242 272
242 272
318 203
318 203
318 203
318 203
318 203
318 203
318 203
318 203
318 203
318 203
301 203
301 203
301 203
301 203
301 203
301 203
301 203
301 203
301 203
301 203
353 171
353 171
353 171
353 171
353 171
353 171
353 171
353 171
353 171
353 171
207 286
207 286
207 286
207 286
207 286
207 286
207 286
207 286
207 286
207 286
167 353
167 353
167 353
167 353
167 353
167 353
167 353
167 353
167 353
167 353
242 242
242 242
242 242
242 242
242 242
242 242
242 242
242 242
242 242
242 242
306 190
306 190
306 190
306 190
306 190
306 190
306 190
306 190
306 190
306 190
216 268
216 268
216 268
216 268
216 268
216 268
216 268
216 268
216 268
216 268
175 316
175 316
175 316
175 316
175 316
175 316
175 316
175 316
175 316
175 316
156 354
156 354
156 354
156 354
156 354
156 354
156 354
156 354
156 354
156 354
263 207
263 207
263 207
263 207
263 207
263 207
263 207
263 207
263 207
263 207
289 184
289 184
289 184
289 184
289 184
289 184
289 184
289 184
289 184
289 184
234 227
234 227
234 227
234 227
234 227
234 227
234 227
234 227
234 227
234 227
207 254
207 254
207 254
207 254
207 254
207 254
207 254
207 254
207 254
207 254
219 238
219 238
219 238
219 238
219 238
219 238
219 238
219 238
219 238
219 238
211 239
211 239
211 239
211 239
211 239
211 239
211 239
211 239
211 239
211 239
184 271
184 271
184 271
184 271
184 271
184 271
184 271
184 271
184 271
184 271
157 295
157 295
157 295
157 295
157 295
157 295
157 295
157 295
157 295
157 295
162 276
162 276
162 276
162 276
162 276
162 276
162 276
162 276
162 276
162 276
135 326
135 326
135 326
135 326
135 326
135 326
135 326
135 326
135 326
135 326
211 207
211 207
211 207
211 207
211 207
211 207
211 207
211 207
211 207
211 207
256 168
256 168
256 168
256 168
256 168
256 168
256 168
256 168
256 168
256 168
352 122
352 122
352 122
352 122
352 122
352 122
352 122
352 122
352 122
352 122
166 254
166 254
166 254
166 254
166 254
166 254
166 254
166 254
166 254
166 254
228 181
228 181
228 181
228 181
228 181
228 181
228 181
228 181
228 181
228 181
290 142
290 142
290 142
290 142
290 142
290 142
290 142
290 142
290 142
290 142
242 158
242 158
242 158
242 158
242 158
242 158
242 158
242 158
242 158
242 158
124 286
124 286
124 286
124 286
124 286
124 286
124 286
124 286
124 286
124 286
95 373
95 373
95 373
95 373
95 373
95 373
95 373
95 373
95 373
95 373
141 242
141 242
141 242
141 242
141 242
141 242
141 242
141 242
141 242
141 242
97 343
97 343
97 343
97 343
97 343
97 343
97 343
97 343
97 343
97 343
122 259
122 259
122 259
122 259
122 259
122 259
122 259
122 259
122 259
122 259
155 195
155 195
155 195
155 195
155 195
155 195
155 195
155 195
155 195
155 195
290 103
290 103
290 103
290 103
290 103
290 103
290 103
290 103
290 103
290 103
81 367
81 367
81 367
81 367
81 367
81 367
81 367
81 367
81 367
81 367
85 313
85 313
85 313
85 313
85 313
85 313
85 313
85 313
85 313
85 313
242 109
242 109
242 109
242 109
242 109
242 109
242 109
242 109
242 109
242 109
127 203
127 203
127 203
127 203
127 203
127 203
127 203
127 203
127 203
127 203
192 126
192 126
192 126
192 126
192 126
192 126
192 126
192 126
192 126
192 126
135 174
135 174
135 174
135 174
135 174
135 174
135 174
135 174
135 174
135 174
80 288
80 288
80 288
80 288
80 288
80 288
80 288
80 288
80 288
80 288
268 82
268 82
268 82
268 82
268 82
268 82
268 82
268 82
268 82
268 82
274 77
274 77
274 77
274 77
274 77
274 77
274 77
274 77
274 77
274 77
178 114
178 114
178 114
178 114
178 114
178 114
178 114
178 114
178 114
178 114
98 207
98 207
98 207
98 207
98 207
98 207
98 207
98 207
98 207
98 207
74 272
74 272
74 272
74 272
74 272
74 272
74 272
74 272
74 272
74 272
195 96
195 96
195 96
195 96
195 96
195 96
195 96
195 96
195 96
195 96
164 114
164 114
164 114
164 114
164 114
164 114
164 114
164 114
164 114
164 114
100 185
100 185
100 185
100 185
100 185
100 185
100 185
100 185
100 185
100 185
243 72
243 72
243 72
243 72
243 72
243 72
243 72
243 72
243 72
243 72
365 47
365 47
365 47
365 47
365 47
365 47
365 47
365 47
365 47
365 47
306 56
306 56
306 56
306 56
306 56
306 56
306 56
306 56
306 56
306 56
109 148
109 148
109 148
109 148
109 148
109 148
109 148
109 148
109 148
109 148
302 53
302 53
302 53
302 53
302 53
302 53
302 53
302 53
302 53
302 53
102 155
102 155
102 155
102 155
102 155
102 155
102 155
102 155
102 155
102 155
212 70
212 70
212 70
212 70
212 70
212 70
212 70
212 70
212 70
212 70
198 73
198 73
198 73
198 73
198 73
198 73
198 73
198 73
198 73
198 73
294 49
294 49
294 49
294 49
294 49
294 49
294 49
294 49
294 49
294 49
117 118
117 118
117 118
117 118
117 118
117 118
117 118
117 118
117 118
117 118
257 47
257 47
257 47
257 47
257 47
257 47
257 47
257 47
257 47
257 47
34 349
34 349
34 349
34 349
34 349
34 349
34 349
34 349
34 349
34 349
46 257
46 257
46 257
46 257
46 257
46 257
46 257
46 257
46 257
46 257
259 44
259 44
259 44
259 44
259 44
259 44
259 44
259 44
259 44
259 44
89 119
89 119
89 119
89 119
89 119
89 119
89 119
89 119
89 119
89 119
44 220
44 220
44 220
44 220
44 220
44 220
44 220
44 220
44 220
44 220
204 47
204 47
204 47
204 47
204 47
204 47
204 47
204 47
204 47
204 47
73 131
73 131
73 131
73 131
73 131
73 131
73 131
73 131
73 131
73 131
260 36
260 36
260 36
260 36
260 36
260 36
260 36
260 36
260 36
260 36
220 39
220 39
220 39
220 39
220 39
220 39
220 39
220 39
220 39
220 39
41 204
41 204
41 204
41 204
41 204
41 204
41 204
41 204
41 204
41 204
303 27
303 27
303 27
303 27
303 27
303 27
303 27
303 27
303 27
303 27
286 28
286 28
286 28
286 28
286 28
286 28
286 28
286 28
286 28
286 28
26 307
26 307
26 307
26 307
26 307
26 307
26 307
26 307
26 307
26 307
263 28
263 28
263 28
263 28
263 28
263 28
263 28
263 28
263 28
263 28
227 32
227 32
227 32
227 32
227 32
227 32
227 32
227 32
227 32
227 32
95 52
95 52
95 52
95 52
95 52
95 52
95 52
95 52
95 52
95 52
35 136
35 136
35 136
35 136
35 136
35 136
35 136
35 136
35 136
35 136
89 47
89 47
89 47
89 47
89 47
89 47
89 47
89 47
89 47
89 47
87 38
87 38
87 38
87 38
87 38
87 38
87 38
87 38
87 38
87 38
108 25
108 25
108 25
108 25
108 25
108 25
108 25
108 25
108 25
108 25
