1000 2384
1000
75 74
75 74
75 74
75 74
75 74
75 74
75 74
75 74
75 74
75 74
73 71
73 71
73 71
73 71
73 71
73 71
73 71
73 71
73 71
73 71
69 71
69 71
69 71
69 71
69 71
69 71
69 71
69 71
69 71
69 71
58 75
58 75
58 75
58 75
58 75
58 75
58 75
58 75
58 75
58 75
65 66
65 66
65 66
65 66
65 66
65 66
65 66
65 66
65 66
65 66
75 57
75 57
75 57
75 57
75 57
75 57
75 57
75 57
75 57
75 57
69 61
69 61
69 61
69 61
69 61
69 61
69 61
69 61
69 61
69 61
65 64
65 64
65 64
65 64
65 64
65 64
65 64
65 64
65 64
65 64
70 59
70 59
70 59
70 59
70 59
70 59
70 59
70 59
70 59
70 59
64 64
64 64
64 64
64 64
64 64
64 64
64 64
64 64
64 64
64 64
68 60
68 60
68 60
68 60
68 60
68 60
68 60
68 60
68 60
68 60
69 59
69 59
69 59
69 59
69 59
69 59
69 59
69 59
69 59
69 59
57 66
57 66
57 66
57 66
57 66
57 66
57 66
57 66
57 66
57 66
58 64
58 64
58 64
58 64
58 64
58 64
58 64
58 64
58 64
58 64
68 54
68 54
68 54
68 54
68 54
68 54
68 54
68 54
68 54
68 54
46 73
46 73
46 73
46 73
46 73
46 73
46 73
46 73
46 73
46 73
63 53
63 53
63 53
63 53
63 53
63 53
63 53
63 53
63 53
63 53
48 69
48 69
48 69
48 69
48 69
48 69
48 69
48 69
48 69
48 69
60 55
60 55
60 55
60 55
60 55
60 55
60 55
60 55
60 55
60 55
68 47
68 47
68 47
68 47
68 47
68 47
68 47
68 47
68 47
68 47
61 51
61 51
61 51
61 51
61 51
61 51
61 51
61 51
61 51
61 51
50 62
50 62
50 62
50 62
50 62
50 62
50 62
50 62
50 62
50 62
43 71
43 71
43 71
43 71
43 71
43 71
43 71
43 71
43 71
43 71
44 69
44 69
44 69
44 69
44 69
44 69
44 69
44 69
44 69
44 69
54 55
54 55
54 55
54 55
54 55
54 55
54 55
54 55
54 55
54 55
68 42
68 42
68 42
68 42
68 42
68 42
68 42
68 42
68 42
68 42
60 47
60 47
60 47
60 47
60 47
60 47
60 47
60 47
60 47
60 47
57 49
57 49
57 49
57 49
57 49
57 49
57 49
57 49
57 49
57 49
62 45
62 45
62 45
62 45
62 45
62 45
62 45
62 45
62 45
62 45
66 41
66 41
66 41
66 41
66 41
66 41
66 41
66 41
66 41
66 41
68 39
68 39
68 39
68 39
68 39
68 39
68 39
68 39
68 39
68 39
66 40
66 40
66 40
66 40
66 40
66 40
66 40
66 40
66 40
66 40
44 60
44 60
44 60
44 60
44 60
44 60
44 60
44 60
44 60
44 60
64 41
64 41
64 41
64 41
64 41
64 41
64 41
64 41
64 41
64 41
42 62
42 62
42 62
42 62
42 62
42 62
42 62
42 62
42 62
42 62
37 69
37 69
37 69
37 69
37 69
37 69
37 69
37 69
37 69
37 69
50 50
50 50
50 50
50 50
50 50
50 50
50 50
50 50
50 50
50 50
51 48
51 48
51 48
51 48
51 48
51 48
51 48
51 48
51 48
51 48
45 54
45 54
45 54
45 54
45 54
45 54
45 54
45 54
45 54
45 54
42 57
42 57
42 57
42 57
42 57
42 57
42 57
42 57
42 57
42 57
38 63
38 63
38 63
38 63
38 63
38 63
38 63
38 63
38 63
38 63
43 55
43 55
43 55
43 55
43 55
43 55
43 55
43 55
43 55
43 55
40 58
40 58
40 58
40 58
40 58
40 58
40 58
40 58
40 58
40 58
34 68
34 68
34 68
34 68
34 68
34 68
34 68
34 68
34 68
34 68
32 72
32 72
32 72
32 72
32 72
32 72
32 72
32 72
32 72
32 72
69 33
69 33
69 33
69 33
69 33
69 33
69 33
69 33
69 33
69 33
46 49
46 49
46 49
46 49
46 49
46 49
46 49
46 49
46 49
46 49
40 56
40 56
40 56
40 56
40 56
40 56
40 56
40 56
40 56
40 56
29 74
29 74
29 74
29 74
29 74
29 74
29 74
29 74
29 74
29 74
61 35
61 35
61 35
61 35
61 35
61 35
61 35
61 35
61 35
61 35
28 75
28 75
28 75
28 75
28 75
28 75
28 75
28 75
28 75
28 75
67 31
67 31
67 31
67 31
67 31
67 31
67 31
67 31
67 31
67 31
30 69
30 69
30 69
30 69
30 69
30 69
30 69
30 69
30 69
30 69
32 64
32 64
32 64
32 64
32 64
32 64
32 64
32 64
32 64
32 64
29 70
29 70
29 70
29 70
29 70
29 70
29 70
29 70
29 70
29 70
64 31
64 31
64 31
64 31
64 31
64 31
64 31
64 31
64 31
64 31
44 45
44 45
44 45
44 45
44 45
44 45
44 45
44 45
44 45
44 45
47 42
47 42
47 42
47 42
47 42
47 42
47 42
47 42
47 42
47 42
61 31
61 31
61 31
61 31
61 31
61 31
61 31
61 31
61 31
61 31
39 48
39 48
39 48
39 48
39 48
39 48
39 48
39 48
39 48
39 48
45 41
45 41
45 41
45 41
45 41
45 41
45 41
45 41
45 41
45 41
59 31
59 31
59 31
59 31
59 31
59 31
59 31
59 31
59 31
59 31
25 73
25 73
25 73
25 73
25 73
25 73
25 73
25 73
25 73
25 73
48 38
48 38
48 38
48 38
48 38
48 38
48 38
48 38
48 38
48 38
49 37
49 37
49 37
49 37
49 37
49 37
49 37
49 37
49 37
49 37
62 29
62 29
62 29
62 29
62 29
62 29
62 29
62 29
62 29
62 29
64 28
64 28
64 28
64 28
64 28
64 28
64 28
64 28
64 28
64 28
47 38
47 38
47 38
47 38
47 38
47 38
47 38
47 38
47 38
47 38
39 45
39 45
39 45
39 45
39 45
39 45
39 45
39 45
39 45
39 45
30 58
30 58
30 58
30 58
30 58
30 58
30 58
30 58
30 58
30 58
52 33
52 33
52 33
52 33
52 33
52 33
52 33
52 33
52 33
52 33
35 49
35 49
35 49
35 49
35 49
35 49
35 49
35 49
35 49
35 49
29 59
29 59
29 59
29 59
29 59
29 59
29 59
29 59
29 59
29 59
25 68
25 68
25 68
25 68
25 68
25 68
25 68
25 68
25 68
25 68
28 60
28 60
28 60
28 60
28 60
28 60
28 60
28 60
28 60
28 60
49 34
49 34
49 34
49 34
49 34
49 34
49 34
49 34
49 34
49 34
49 33
49 33
49 33
49 33
49 33
49 33
49 33
49 33
49 33
49 33
47 34
47 34
47 34
47 34
47 34
47 34
47 34
47 34
47 34
47 34
26 61
26 61
26 61
26 61
26 61
26 61
26 61
26 61
26 61
26 61
33 48
33 48
33 48
33 48
33 48
33 48
33 48
33 48
33 48
33 48
28 55
28 55
28 55
28 55
28 55
28 55
28 55
28 55
28 55
28 55
39 39
39 39
39 39
39 39
39 39
39 39
39 39
39 39
39 39
39 39
42 35
42 35
42 35
42 35
42 35
42 35
42 35
42 35
42 35
42 35
30 48
30 48
30 48
30 48
30 48
30 48
30 48
30 48
30 48
30 48
40 36
40 36
40 36
40 36
40 36
40 36
40 36
40 36
40 36
40 36
53 27
53 27
53 27
53 27
53 27
53 27
53 27
53 27
53 27
53 27
49 29
49 29
49 29
49 29
49 29
49 29
49 29
49 29
49 29
49 29
40 35
40 35
40 35
40 35
40 35
40 35
40 35
40 35
40 35
40 35
55 25
55 25
55 25
55 25
55 25
55 25
55 25
55 25
55 25
55 25
54 25
54 25
54 25
54 25
54 25
54 25
54 25
54 25
54 25
54 25
45 29
45 29
45 29
45 29
45 29
45 29
45 29
45 29
45 29
45 29
48 27
48 27
48 27
48 27
48 27
48 27
48 27
48 27
48 27
48 27
38 32
38 32
38 32
38 32
38 32
38 32
38 32
38 32
38 32
38 32
42 28
42 28
42 28
42 28
42 28
42 28
42 28
42 28
42 28
42 28
32 36
32 36
32 36
32 36
32 36
32 36
32 36
32 36
32 36
32 36
25 44
25 44
25 44
25 44
25 44
25 44
25 44
25 44
25 44
25 44
35 30
35 30
35 30
35 30
35 30
35 30
35 30
35 30
35 30
35 30
37 27
37 27
37 27
37 27
37 27
37 27
37 27
37 27
37 27
37 27
34 28
34 28
34 28
34 28
34 28
34 28
34 28
34 28
34 28
34 28
26 26
26 26
26 26
26 26
26 26
26 26
26 26
26 26
26 26
26 26
