1000 2727
1000
74 75
74 75
74 75
74 75
74 75
74 75
74 75
74 75
74 75
74 75
74 71
74 71
74 71
74 71
74 71
74 71
74 71
74 71
74 71
74 71
70 75
70 75
70 75
70 75
70 75
70 75
70 75
70 75
70 75
70 75
69 75
69 75
69 75
69 75
69 75
69 75
69 75
69 75
69 75
69 75
72 70
72 70
72 70
72 70
72 70
72 70
72 70
72 70
72 70
72 70
69 70
69 70
69 70
69 70
69 70
69 70
69 70
69 70
69 70
69 70
68 69
68 69
68 69
68 69
68 69
68 69
68 69
68 69
68 69
68 69
63 71
63 71
63 71
63 71
63 71
63 71
63 71
63 71
63 71
63 71
72 62
72 62
72 62
72 62
72 62
72 62
72 62
72 62
72 62
72 62
74 60
74 60
74 60
74 60
74 60
74 60
74 60
74 60
74 60
74 60
75 59
75 59
75 59
75 59
75 59
75 59
75 59
75 59
75 59
75 59
67 65
67 65
67 65
67 65
67 65
67 65
67 65
67 65
67 65
67 65
68 64
68 64
68 64
68 64
68 64
68 64
68 64
68 64
68 64
68 64
58 74
58 74
58 74
58 74
58 74
58 74
58 74
58 74
58 74
58 74
59 70
59 70
59 70
59 70
59 70
59 70
59 70
59 70
59 70
59 70
57 70
57 70
57 70
57 70
57 70
57 70
57 70
57 70
57 70
57 70
72 55
72 55
72 55
72 55
72 55
72 55
72 55
72 55
72 55
72 55
67 59
67 59
67 59
67 59
67 59
67 59
67 59
67 59
67 59
67 59
55 68
55 68
55 68
55 68
55 68
55 68
55 68
55 68
55 68
55 68
53 70
53 70
53 70
53 70
53 70
53 70
53 70
53 70
53 70
53 70
69 53
69 53
69 53
69 53
69 53
69 53
69 53
69 53
69 53
69 53
69 52
69 52
69 52
69 52
69 52
69 52
69 52
69 52
69 52
69 52
64 56
64 56
64 56
64 56
64 56
64 56
64 56
64 56
64 56
64 56
47 75
47 75
47 75
47 75
47 75
47 75
47 75
47 75
47 75
47 75
62 56
62 56
62 56
62 56
62 56
62 56
62 56
62 56
62 56
62 56
46 75
46 75
46 75
46 75
46 75
46 75
46 75
46 75
46 75
46 75
53 65
53 65
53 65
53 65
53 65
53 65
53 65
53 65
53 65
53 65
59 58
59 58
59 58
59 58
59 58
59 58
59 58
59 58
59 58
59 58
56 61
56 61
56 61
56 61
56 61
56 61
56 61
56 61
56 61
56 61
53 63
53 63
53 63
53 63
53 63
53 63
53 63
53 63
53 63
53 63
49 68
49 68
49 68
49 68
49 68
49 68
49 68
49 68
49 68
49 68
67 48
67 48
67 48
67 48
67 48
67 48
67 48
67 48
67 48
67 48
71 45
71 45
71 45
71 45
71 45
71 45
71 45
71 45
71 45
71 45
53 60
53 60
53 60
53 60
53 60
53 60
53 60
53 60
53 60
53 60
52 60
52 60
52 60
52 60
52 60
52 60
52 60
52 60
52 60
52 60
67 46
67 46
67 46
67 46
67 46
67 46
67 46
67 46
67 46
67 46
52 59
52 59
52 59
52 59
52 59
52 59
52 59
52 59
52 59
52 59
72 42
72 42
72 42
72 42
72 42
72 42
72 42
72 42
72 42
72 42
71 42
71 42
71 42
71 42
71 42
71 42
71 42
71 42
71 42
71 42
62 48
62 48
62 48
62 48
62 48
62 48
62 48
62 48
62 48
62 48
69 43
69 43
69 43
69 43
69 43
69 43
69 43
69 43
69 43
69 43
39 74
39 74
39 74
39 74
39 74
39 74
39 74
39 74
39 74
39 74
48 60
48 60
48 60
48 60
48 60
48 60
48 60
48 60
48 60
48 60
57 50
57 50
57 50
57 50
57 50
57 50
57 50
57 50
57 50
57 50
73 39
73 39
73 39
73 39
73 39
73 39
73 39
73 39
73 39
73 39
56 50
56 50
56 50
56 50
56 50
56 50
56 50
56 50
56 50
56 50
65 43
65 43
65 43
65 43
65 43
65 43
65 43
65 43
65 43
65 43
58 48
58 48
58 48
58 48
58 48
58 48
58 48
58 48
58 48
58 48
75 37
75 37
75 37
75 37
75 37
75 37
75 37
75 37
75 37
75 37
64 43
64 43
64 43
64 43
64 43
64 43
64 43
64 43
64 43
64 43
67 41
67 41
67 41
67 41
67 41
67 41
67 41
67 41
67 41
67 41
46 58
46 58
46 58
46 58
46 58
46 58
46 58
46 58
46 58
46 58
45 58
45 58
45 58
45 58
45 58
45 58
45 58
45 58
45 58
45 58
57 45
57 45
57 45
57 45
57 45
57 45
57 45
57 45
57 45
57 45
59 43
59 43
59 43
59 43
59 43
59 43
59 43
59 43
59 43
59 43
75 33
75 33
75 33
75 33
75 33
75 33
75 33
75 33
75 33
75 33
34 72
34 72
34 72
34 72
34 72
34 72
34 72
34 72
34 72
34 72
55 43
55 43
55 43
55 43
55 43
55 43
55 43
55 43
55 43
55 43
49 48
49 48
49 48
49 48
49 48
49 48
49 48
49 48
49 48
49 48
36 65
36 65
36 65
36 65
36 65
36 65
36 65
36 65
36 65
36 65
35 65
35 65
35 65
35 65
35 65
35 65
35 65
35 65
35 65
35 65
39 58
39 58
39 58
39 58
39 58
39 58
39 58
39 58
39 58
39 58
34 63
34 63
34 63
34 63
34 63
34 63
34 63
34 63
34 63
34 63
71 30
71 30
71 30
71 30
71 30
71 30
71 30
71 30
71 30
71 30
54 39
54 39
54 39
54 39
54 39
54 39
54 39
54 39
54 39
54 39
63 32
63 32
63 32
63 32
63 32
63 32
63 32
63 32
63 32
63 32
28 68
28 68
28 68
28 68
28 68
28 68
28 68
28 68
28 68
28 68
54 35
54 35
54 35
54 35
54 35
54 35
54 35
54 35
54 35
54 35
67 28
67 28
67 28
67 28
67 28
67 28
67 28
67 28
67 28
67 28
27 69
27 69
27 69
27 69
27 69
27 69
27 69
27 69
27 69
27 69
66 28
66 28
66 28
66 28
66 28
66 28
66 28
66 28
66 28
66 28
26 68
26 68
26 68
26 68
26 68
26 68
26 68
26 68
26 68
26 68
67 26
67 26
67 26
67 26
67 26
67 26
67 26
67 26
67 26
67 26
60 29
60 29
60 29
60 29
60 29
60 29
60 29
60 29
60 29
60 29
49 35
49 35
49 35
49 35
49 35
49 35
49 35
49 35
49 35
49 35
59 29
59 29
59 29
59 29
59 29
59 29
59 29
59 29
59 29
59 29
39 43
39 43
39 43
39 43
39 43
39 43
39 43
39 43
39 43
39 43
47 35
47 35
47 35
47 35
47 35
47 35
47 35
47 35
47 35
47 35
35 46
35 46
35 46
35 46
35 46
35 46
35 46
35 46
35 46
35 46
35 45
35 45
35 45
35 45
35 45
35 45
35 45
35 45
35 45
35 45
33 47
33 47
33 47
33 47
33 47
33 47
33 47
33 47
33 47
33 47
50 31
50 31
50 31
50 31
50 31
50 31
50 31
50 31
50 31
50 31
36 43
36 43
36 43
36 43
36 43
36 43
36 43
36 43
36 43
36 43
33 46
33 46
33 46
33 46
33 46
33 46
33 46
33 46
33 46
33 46
37 41
37 41
37 41
37 41
37 41
37 41
37 41
37 41
37 41
37 41
26 57
26 57
26 57
26 57
26 57
26 57
26 57
26 57
26 57
26 57
25 58
25 58
25 58
25 58
25 58
25 58
25 58
25 58
25 58
25 58
29 48
29 48
29 48
29 48
29 48
29 48
29 48
29 48
29 48
29 48
36 37
36 37
36 37
36 37
36 37
36 37
36 37
36 37
36 37
36 37
26 49
26 49
26 49
26 49
26 49
26 49
26 49
26 49
26 49
26 49
36 35
36 35
36 35
36 35
36 35
36 35
36 35
36 35
36 35
36 35
49 25
49 25
49 25
49 25
49 25
49 25
49 25
49 25
49 25
49 25
33 37
33 37
33 37
33 37
33 37
33 37
33 37
33 37
33 37
33 37
25 48
25 48
25 48
25 48
25 48
25 48
25 48
25 48
25 48
25 48
29 41
29 41
29 41
29 41
29 41
29 41
29 41
29 41
29 41
29 41
43 26
43 26
43 26
43 26
43 26
43 26
43 26
43 26
43 26
43 26
32 34
32 34
32 34
32 34
32 34
32 34
32 34
32 34
32 34
32 34
29 32
29 32
29 32
29 32
29 32
29 32
29 32
29 32
29 32
29 32
31 28
31 28
31 28
31 28
31 28
31 28
31 28
31 28
31 28
31 28
27 30
27 30
27 30
27 30
27 30
27 30
27 30
27 30
27 30
27 30
