1000 2355
1000
74 73
74 73
74 73
74 73
74 73
74 73
74 73
74 73
74 73
74 73
70 62
70 62
70 62
70 62
70 62
70 62
70 62
70 62
70 62
70 62
64 67
64 67
64 67
64 67
64 67
64 67
64 67
64 67
64 67
64 67
73 58
73 58
73 58
73 58
73 58
73 58
73 58
73 58
73 58
73 58
64 66
64 66
64 66
64 66
64 66
64 66
64 66
64 66
64 66
64 66
74 57
74 57
74 57
74 57
74 57
74 57
74 57
74 57
74 57
74 57
57 71
57 71
57 71
57 71
57 71
57 71
57 71
57 71
57 71
57 71
63 64
63 64
63 64
63 64
63 64
63 64
63 64
63 64
63 64
63 64
69 58
69 58
69 58
69 58
69 58
69 58
69 58
69 58
69 58
69 58
63 62
63 62
63 62
63 62
63 62
63 62
63 62
63 62
63 62
63 62
57 68
57 68
57 68
57 68
57 68
57 68
57 68
57 68
57 68
57 68
61 62
61 62
61 62
61 62
61 62
61 62
61 62
61 62
61 62
61 62
71 50
71 50
71 50
71 50
71 50
71 50
71 50
71 50
71 50
71 50
62 57
62 57
62 57
62 57
62 57
62 57
62 57
62 57
62 57
62 57
73 48
73 48
73 48
73 48
73 48
73 48
73 48
73 48
73 48
73 48
67 52
67 52
67 52
67 52
67 52
67 52
67 52
67 52
67 52
67 52
59 59
59 59
59 59
59 59
59 59
59 59
59 59
59 59
59 59
59 59
49 70
49 70
49 70
49 70
49 70
49 70
49 70
49 70
49 70
49 70
55 62
55 62
55 62
55 62
55 62
55 62
55 62
55 62
55 62
55 62
44 75
44 75
44 75
44 75
44 75
44 75
44 75
44 75
44 75
44 75
45 69
45 69
45 69
45 69
45 69
45 69
45 69
45 69
45 69
45 69
50 60
50 60
50 60
50 60
50 60
50 60
50 60
50 60
50 60
50 60
53 56
53 56
53 56
53 56
53 56
53 56
53 56
53 56
53 56
53 56
53 55
53 55
53 55
53 55
53 55
53 55
53 55
53 55
53 55
53 55
62 47
62 47
62 47
62 47
62 47
62 47
62 47
62 47
62 47
62 47
74 39
74 39
74 39
74 39
74 39
74 39
74 39
74 39
74 39
74 39
54 53
54 53
54 53
54 53
54 53
54 53
54 53
54 53
54 53
54 53
50 57
50 57
50 57
50 57
50 57
50 57
50 57
50 57
50 57
50 57
54 52
54 52
54 52
54 52
54 52
54 52
54 52
54 52
54 52
54 52
41 68
41 68
41 68
41 68
41 68
41 68
41 68
41 68
41 68
41 68
44 63
44 63
44 63
44 63
44 63
44 63
44 63
44 63
44 63
44 63
42 66
42 66
42 66
42 66
42 66
42 66
42 66
42 66
42 66
42 66
46 59
46 59
46 59
46 59
46 59
46 59
46 59
46 59
46 59
46 59
37 73
37 73
37 73
37 73
37 73
37 73
37 73
37 73
37 73
37 73
36 75
36 75
36 75
36 75
36 75
36 75
36 75
36 75
36 75
36 75
48 56
48 56
48 56
48 56
48 56
48 56
48 56
48 56
48 56
48 56
36 72
36 72
36 72
36 72
36 72
36 72
36 72
36 72
36 72
36 72
68 38
68 38
68 38
68 38
68 38
68 38
68 38
68 38
68 38
68 38
43 60
43 60
43 60
43 60
43 60
43 60
43 60
43 60
43 60
43 60
35 73
35 73
35 73
35 73
35 73
35 73
35 73
35 73
35 73
35 73
72 35
72 35
72 35
72 35
72 35
72 35
72 35
72 35
72 35
72 35
60 41
60 41
60 41
60 41
60 41
60 41
60 41
60 41
60 41
60 41
38 64
38 64
38 64
38 64
38 64
38 64
38 64
38 64
38 64
38 64
54 45
54 45
54 45
54 45
54 45
54 45
54 45
54 45
54 45
54 45
38 63
38 63
38 63
38 63
38 63
38 63
38 63
38 63
38 63
38 63
42 55
42 55
42 55
42 55
42 55
42 55
42 55
42 55
42 55
42 55
69 33
69 33
69 33
69 33
69 33
69 33
69 33
69 33
69 33
69 33
54 42
54 42
54 42
54 42
54 42
54 42
54 42
54 42
54 42
54 42
44 51
44 51
44 51
44 51
44 51
44 51
44 51
44 51
44 51
44 51
59 38
59 38
59 38
59 38
59 38
59 38
59 38
59 38
59 38
59 38
64 35
64 35
64 35
64 35
64 35
64 35
64 35
64 35
64 35
64 35
31 72
31 72
31 72
31 72
31 72
31 72
31 72
31 72
31 72
31 72
56 39
56 39
56 39
56 39
56 39
56 39
56 39
56 39
56 39
56 39
62 35
62 35
62 35
62 35
62 35
62 35
62 35
62 35
62 35
62 35
57 38
57 38
57 38
57 38
57 38
57 38
57 38
57 38
57 38
57 38
48 45
48 45
48 45
48 45
48 45
48 45
48 45
48 45
48 45
48 45
67 32
67 32
67 32
67 32
67 32
67 32
67 32
67 32
67 32
67 32
31 66
31 66
31 66
31 66
31 66
31 66
31 66
31 66
31 66
31 66
41 49
41 49
41 49
41 49
41 49
41 49
41 49
41 49
41 49
41 49
49 40
49 40
49 40
49 40
49 40
49 40
49 40
49 40
49 40
49 40
41 47
41 47
41 47
41 47
41 47
41 47
41 47
41 47
41 47
41 47
34 56
34 56
34 56
34 56
34 56
34 56
34 56
34 56
34 56
34 56
63 30
63 30
63 30
63 30
63 30
63 30
63 30
63 30
63 30
63 30
25 74
25 74
25 74
25 74
25 74
25 74
25 74
25 74
25 74
25 74
36 51
36 51
36 51
36 51
36 51
36 51
36 51
36 51
36 51
36 51
39 47
39 47
39 47
39 47
39 47
39 47
39 47
39 47
39 47
39 47
64 28
64 28
64 28
64 28
64 28
64 28
64 28
64 28
64 28
64 28
27 65
27 65
27 65
27 65
27 65
27 65
27 65
27 65
27 65
27 65
30 58
30 58
30 58
30 58
30 58
30 58
30 58
30 58
30 58
30 58
68 25
68 25
68 25
68 25
68 25
68 25
68 25
68 25
68 25
68 25
53 32
53 32
53 32
53 32
53 32
53 32
53 32
53 32
53 32
53 32
40 42
40 42
40 42
40 42
40 42
40 42
40 42
40 42
40 42
40 42
38 44
38 44
38 44
38 44
38 44
38 44
38 44
38 44
38 44
38 44
41 40
41 40
41 40
41 40
41 40
41 40
41 40
41 40
41 40
41 40
26 60
26 60
26 60
26 60
26 60
26 60
26 60
26 60
26 60
26 60
28 55
28 55
28 55
28 55
28 55
28 55
28 55
28 55
28 55
28 55
27 55
27 55
27 55
27 55
27 55
27 55
27 55
27 55
27 55
27 55
29 51
29 51
29 51
29 51
29 51
29 51
29 51
29 51
29 51
29 51
28 52
28 52
28 52
28 52
28 52
28 52
28 52
28 52
28 52
28 52
45 32
45 32
45 32
45 32
45 32
45 32
45 32
45 32
45 32
45 32
55 26
55 26
55 26
55 26
55 26
55 26
55 26
55 26
55 26
55 26
42 34
42 34
42 34
42 34
42 34
42 34
42 34
42 34
42 34
42 34
49 29
49 29
49 29
49 29
49 29
49 29
49 29
49 29
49 29
49 29
49 28
49 28
49 28
49 28
49 28
49 28
49 28
49 28
49 28
49 28
39 34
39 34
39 34
39 34
39 34
39 34
39 34
39 34
39 34
39 34
42 30
42 30
42 30
42 30
42 30
42 30
42 30
42 30
42 30
42 30
35 36
35 36
35 36
35 36
35 36
35 36
35 36
35 36
35 36
35 36
32 39
32 39
32 39
32 39
32 39
32 39
32 39
32 39
32 39
32 39
43 29
43 29
43 29
43 29
43 29
43 29
43 29
43 29
43 29
43 29
40 29
40 29
40 29
40 29
40 29
40 29
40 29
40 29
40 29
40 29
34 33
34 33
34 33
34 33
34 33
34 33
34 33
34 33
34 33
34 33
37 30
37 30
37 30
37 30
37 30
37 30
37 30
37 30
37 30
37 30
29 38
29 38
29 38
29 38
29 38
29 38
29 38
29 38
29 38
29 38
27 39
27 39
27 39
27 39
27 39
27 39
27 39
27 39
27 39
27 39
25 41
25 41
25 41
25 41
25 41
25 41
25 41
25 41
25 41
25 41
30 33
30 33
30 33
30 33
30 33
30 33
30 33
30 33
30 33
30 33
32 30
32 30
32 30
32 30
32 30
32 30
32 30
32 30
32 30
32 30
32 27
32 27
32 27
32 27
32 27
32 27
32 27
32 27
32 27
32 27
29 28
29 28
29 28
29 28
29 28
29 28
29 28
29 28
29 28
29 28
26 27
26 27
26 27
26 27
26 27
26 27
26 27
26 27
26 27
26 27
