1000 2440
1000
73 72
73 72
73 72
73 72
73 72
73 72
73 72
73 72
73 72
73 72
70 75
70 75
70 75
70 75
70 75
70 75
70 75
70 75
70 75
70 75
69 75
69 75
69 75
69 75
69 75
69 75
69 75
69 75
69 75
69 75
73 69
73 69
73 69
73 69
73 69
73 69
73 69
73 69
73 69
73 69
70 67
70 67
70 67
70 67
70 67
70 67
70 67
70 67
70 67
70 67
69 67
69 67
69 67
69 67
69 67
69 67
69 67
69 67
69 67
69 67
64 72
64 72
64 72
64 72
64 72
64 72
64 72
64 72
64 72
64 72
74 62
74 62
74 62
74 62
74 62
74 62
74 62
74 62
74 62
74 62
73 59
73 59
73 59
73 59
73 59
73 59
73 59
73 59
73 59
73 59
68 63
68 63
68 63
68 63
68 63
68 63
68 63
68 63
68 63
68 63
61 70
61 70
61 70
61 70
61 70
61 70
61 70
61 70
61 70
61 70
60 65
60 65
60 65
60 65
60 65
60 65
60 65
60 65
60 65
60 65
51 75
51 75
51 75
51 75
51 75
51 75
51 75
51 75
51 75
51 75
75 49
75 49
75 49
75 49
75 49
75 49
75 49
75 49
75 49
75 49
69 53
69 53
69 53
69 53
69 53
69 53
69 53
69 53
69 53
69 53
71 49
71 49
71 49
71 49
71 49
71 49
71 49
71 49
71 49
71 49
71 48
71 48
71 48
71 48
71 48
71 48
71 48
71 48
71 48
71 48
70 47
70 47
70 47
70 47
70 47
70 47
70 47
70 47
70 47
70 47
75 43
75 43
75 43
75 43
75 43
75 43
75 43
75 43
75 43
75 43
44 73
44 73
44 73
44 73
44 73
44 73
44 73
44 73
44 73
44 73
52 61
52 61
52 61
52 61
52 61
52 61
52 61
52 61
52 61
52 61
61 51
61 51
61 51
61 51
61 51
61 51
61 51
61 51
61 51
61 51
62 49
62 49
62 49
62 49
62 49
62 49
62 49
62 49
62 49
62 49
54 56
54 56
54 56
54 56
54 56
54 56
54 56
54 56
54 56
54 56
52 58
52 58
52 58
52 58
52 58
52 58
52 58
52 58
52 58
52 58
63 47
63 47
63 47
63 47
63 47
63 47
63 47
63 47
63 47
63 47
58 51
58 51
58 51
58 51
58 51
58 51
58 51
58 51
58 51
58 51
41 71
41 71
41 71
41 71
41 71
41 71
41 71
41 71
41 71
41 71
49 58
49 58
49 58
49 58
49 58
49 58
49 58
49 58
49 58
49 58
66 43
66 43
66 43
66 43
66 43
66 43
66 43
66 43
66 43
66 43
69 41
69 41
69 41
69 41
69 41
69 41
69 41
69 41
69 41
69 41
55 51
55 51
55 51
55 51
55 51
55 51
55 51
55 51
55 51
55 51
74 37
74 37
74 37
74 37
74 37
74 37
74 37
74 37
74 37
74 37
59 46
59 46
59 46
59 46
59 46
59 46
59 46
59 46
59 46
59 46
37 72
37 72
37 72
37 72
37 72
37 72
37 72
37 72
37 72
37 72
66 40
66 40
66 40
66 40
66 40
66 40
66 40
66 40
66 40
66 40
38 68
38 68
38 68
38 68
38 68
38 68
38 68
38 68
38 68
38 68
56 46
56 46
56 46
56 46
56 46
56 46
56 46
56 46
56 46
56 46
57 45
57 45
57 45
57 45
57 45
57 45
57 45
57 45
57 45
57 45
58 44
58 44
58 44
58 44
58 44
58 44
58 44
58 44
58 44
58 44
61 41
61 41
61 41
61 41
61 41
61 41
61 41
61 41
61 41
61 41
50 49
50 49
50 49
50 49
50 49
50 49
50 49
50 49
50 49
50 49
34 72
34 72
34 72
34 72
34 72
34 72
34 72
34 72
34 72
34 72
39 60
39 60
39 60
39 60
39 60
39 60
39 60
39 60
39 60
39 60
46 50
46 50
46 50
46 50
46 50
46 50
46 50
46 50
46 50
46 50
41 55
41 55
41 55
41 55
41 55
41 55
41 55
41 55
41 55
41 55
75 30
75 30
75 30
75 30
75 30
75 30
75 30
75 30
75 30
75 30
69 32
69 32
69 32
69 32
69 32
69 32
69 32
69 32
69 32
69 32
50 44
50 44
50 44
50 44
50 44
50 44
50 44
50 44
50 44
50 44
66 32
66 32
66 32
66 32
66 32
66 32
66 32
66 32
66 32
66 32
67 31
67 31
67 31
67 31
67 31
67 31
67 31
67 31
67 31
67 31
32 64
32 64
32 64
32 64
32 64
32 64
32 64
32 64
32 64
32 64
62 33
62 33
62 33
62 33
62 33
62 33
62 33
62 33
62 33
62 33
70 29
70 29
70 29
70 29
70 29
70 29
70 29
70 29
70 29
70 29
32 63
32 63
32 63
32 63
32 63
32 63
32 63
32 63
32 63
32 63
57 35
57 35
57 35
57 35
57 35
57 35
57 35
57 35
57 35
57 35
45 44
45 44
45 44
45 44
45 44
45 44
45 44
45 44
45 44
45 44
47 42
47 42
47 42
47 42
47 42
47 42
47 42
47 42
47 42
47 42
28 70
28 70
28 70
28 70
28 70
28 70
28 70
28 70
28 70
28 70
28 68
28 68
28 68
28 68
28 68
28 68
28 68
28 68
28 68
28 68
73 26
73 26
73 26
73 26
73 26
73 26
73 26
73 26
73 26
73 26
72 26
72 26
72 26
72 26
72 26
72 26
72 26
72 26
72 26
72 26
60 31
60 31
60 31
60 31
60 31
60 31
60 31
60 31
60 31
60 31
25 74
25 74
25 74
25 74
25 74
25 74
25 74
25 74
25 74
25 74
43 43
43 43
43 43
43 43
43 43
43 43
43 43
43 43
43 43
43 43
42 44
42 44
42 44
42 44
42 44
42 44
42 44
42 44
42 44
42 44
36 51
36 51
36 51
36 51
36 51
36 51
36 51
36 51
36 51
36 51
50 36
50 36
50 36
50 36
50 36
50 36
50 36
50 36
50 36
50 36
28 64
28 64
28 64
28 64
28 64
28 64
28 64
28 64
28 64
28 64
68 26
68 26
68 26
68 26
68 26
68 26
68 26
68 26
68 26
68 26
29 60
29 60
29 60
29 60
29 60
29 60
29 60
29 60
29 60
29 60
30 58
30 58
30 58
30 58
30 58
30 58
30 58
30 58
30 58
30 58
43 40
43 40
43 40
43 40
43 40
43 40
43 40
43 40
43 40
43 40
32 53
32 53
32 53
32 53
32 53
32 53
32 53
32 53
32 53
32 53
62 27
62 27
62 27
62 27
62 27
62 27
62 27
62 27
62 27
62 27
26 64
26 64
26 64
26 64
26 64
26 64
26 64
26 64
26 64
26 64
42 39
42 39
42 39
42 39
42 39
42 39
42 39
42 39
42 39
42 39
65 25
65 25
65 25
65 25
65 25
65 25
65 25
65 25
65 25
65 25
25 64
25 64
25 64
25 64
25 64
25 64
25 64
25 64
25 64
25 64
41 39
41 39
41 39
41 39
41 39
41 39
41 39
41 39
41 39
41 39
48 33
48 33
48 33
48 33
48 33
48 33
48 33
48 33
48 33
48 33
31 51
31 51
31 51
31 51
31 51
31 51
31 51
31 51
31 51
31 51
25 63
25 63
25 63
25 63
25 63
25 63
25 63
25 63
25 63
25 63
52 29
52 29
52 29
52 29
52 29
52 29
52 29
52 29
52 29
52 29
43 35
43 35
43 35
43 35
43 35
43 35
43 35
43 35
43 35
43 35
32 45
32 45
32 45
32 45
32 45
32 45
32 45
32 45
32 45
32 45
35 40
35 40
35 40
35 40
35 40
35 40
35 40
35 40
35 40
35 40
50 28
50 28
50 28
50 28
50 28
50 28
50 28
50 28
50 28
50 28
51 27
51 27
51 27
51 27
51 27
51 27
51 27
51 27
51 27
51 27
32 43
32 43
32 43
32 43
32 43
32 43
32 43
32 43
32 43
32 43
33 40
33 40
33 40
33 40
33 40
33 40
33 40
33 40
33 40
33 40
37 34
37 34
37 34
37 34
37 34
37 34
37 34
37 34
37 34
37 34
34 36
34 36
34 36
34 36
34 36
34 36
34 36
34 36
34 36
34 36
32 36
32 36
32 36
32 36
32 36
32 36
32 36
32 36
32 36
32 36
32 34
32 34
32 34
32 34
32 34
32 34
32 34
32 34
32 34
32 34
37 29
37 29
37 29
37 29
37 29
37 29
37 29
37 29
37 29
37 29
34 29
34 29
34 29
34 29
34 29
34 29
34 29
34 29
34 29
34 29
26 37
26 37
26 37
26 37
26 37
26 37
26 37
26 37
26 37
26 37
33 28
33 28
33 28
33 28
33 28
33 28
33 28
33 28
33 28
33 28
32 25
32 25
32 25
32 25
32 25
32 25
32 25
32 25
32 25
32 25
