1000 2592
1000
68 74
68 74
68 74
68 74
68 74
68 74
68 74
68 74
68 74
68 74
69 72
69 72
69 72
69 72
69 72
69 72
69 72
69 72
69 72
69 72
70 69
70 69
70 69
70 69
70 69
70 69
70 69
70 69
70 69
70 69
70 68
70 68
70 68
70 68
70 68
70 68
70 68
70 68
70 68
70 68
64 68
64 68
64 68
64 68
64 68
64 68
64 68
64 68
64 68
64 68
63 67
63 67
63 67
63 67
63 67
63 67
63 67
63 67
63 67
63 67
73 56
73 56
73 56
73 56
73 56
73 56
73 56
73 56
73 56
73 56
54 75
54 75
54 75
54 75
54 75
54 75
54 75
54 75
54 75
54 75
70 57
70 57
70 57
70 57
70 57
70 57
70 57
70 57
70 57
70 57
72 55
72 55
72 55
72 55
72 55
72 55
72 55
72 55
72 55
72 55
66 59
66 59
66 59
66 59
66 59
66 59
66 59
66 59
66 59
66 59
53 72
53 72
53 72
53 72
53 72
53 72
53 72
53 72
53 72
53 72
57 66
57 66
57 66
57 66
57 66
57 66
57 66
57 66
57 66
57 66
52 72
52 72
52 72
52 72
52 72
52 72
52 72
52 72
52 72
52 72
74 50
74 50
74 50
74 50
74 50
74 50
74 50
74 50
74 50
74 50
51 72
51 72
51 72
51 72
51 72
51 72
51 72
51 72
51 72
51 72
61 59
61 59
61 59
61 59
61 59
61 59
61 59
61 59
61 59
61 59
47 75
47 75
47 75
47 75
47 75
47 75
47 75
47 75
47 75
47 75
52 66
52 66
52 66
52 66
52 66
52 66
52 66
52 66
52 66
52 66
58 59
58 59
58 59
58 59
58 59
58 59
58 59
58 59
58 59
58 59
49 68
49 68
49 68
49 68
49 68
49 68
49 68
49 68
49 68
49 68
60 55
60 55
60 55
60 55
60 55
60 55
60 55
60 55
60 55
60 55
44 75
44 75
44 75
44 75
44 75
44 75
44 75
44 75
44 75
44 75
48 67
48 67
48 67
48 67
48 67
48 67
48 67
48 67
48 67
48 67
54 59
54 59
54 59
54 59
54 59
54 59
54 59
54 59
54 59
54 59
46 69
46 69
46 69
46 69
46 69
46 69
46 69
46 69
46 69
46 69
73 43
73 43
73 43
73 43
73 43
73 43
73 43
73 43
73 43
73 43
69 45
69 45
69 45
69 45
69 45
69 45
69 45
69 45
69 45
69 45
54 57
54 57
54 57
54 57
54 57
54 57
54 57
54 57
54 57
54 57
60 51
60 51
60 51
60 51
60 51
60 51
60 51
60 51
60 51
60 51
74 41
74 41
74 41
74 41
74 41
74 41
74 41
74 41
74 41
74 41
43 68
43 68
43 68
43 68
43 68
43 68
43 68
43 68
43 68
43 68
59 49
59 49
59 49
59 49
59 49
59 49
59 49
59 49
59 49
59 49
67 43
67 43
67 43
67 43
67 43
67 43
67 43
67 43
67 43
67 43
51 56
51 56
51 56
51 56
51 56
51 56
51 56
51 56
51 56
51 56
62 46
62 46
62 46
62 46
62 46
62 46
62 46
62 46
62 46
62 46
68 41
68 41
68 41
68 41
68 41
68 41
68 41
68 41
68 41
68 41
44 63
44 63
44 63
44 63
44 63
44 63
44 63
44 63
44 63
44 63
64 43
64 43
64 43
64 43
64 43
64 43
64 43
64 43
64 43
64 43
71 38
71 38
71 38
71 38
71 38
71 38
71 38
71 38
71 38
71 38
68 39
68 39
68 39
68 39
68 39
68 39
68 39
68 39
68 39
68 39
54 49
54 49
54 49
54 49
54 49
54 49
54 49
54 49
54 49
54 49
75 35
75 35
75 35
75 35
75 35
75 35
75 35
75 35
75 35
75 35
45 58
45 58
45 58
45 58
45 58
45 58
45 58
45 58
45 58
45 58
62 42
62 42
62 42
62 42
62 42
62 42
62 42
62 42
62 42
62 42
40 65
40 65
40 65
40 65
40 65
40 65
40 65
40 65
40 65
40 65
72 36
72 36
72 36
72 36
72 36
72 36
72 36
72 36
72 36
72 36
64 40
64 40
64 40
64 40
64 40
64 40
64 40
64 40
64 40
64 40
52 49
52 49
52 49
52 49
52 49
52 49
52 49
52 49
52 49
52 49
56 45
56 45
56 45
56 45
56 45
56 45
56 45
56 45
56 45
56 45
44 57
44 57
44 57
44 57
44 57
44 57
44 57
44 57
44 57
44 57
48 52
48 52
48 52
48 52
48 52
48 52
48 52
48 52
48 52
48 52
43 58
43 58
43 58
43 58
43 58
43 58
43 58
43 58
43 58
43 58
33 75
33 75
33 75
33 75
33 75
33 75
33 75
33 75
33 75
33 75
45 55
45 55
45 55
45 55
45 55
45 55
45 55
45 55
45 55
45 55
60 41
60 41
60 41
60 41
60 41
60 41
60 41
60 41
60 41
60 41
48 51
48 51
48 51
48 51
48 51
48 51
48 51
48 51
48 51
48 51
74 33
74 33
74 33
74 33
74 33
74 33
74 33
74 33
74 33
74 33
55 44
55 44
55 44
55 44
55 44
55 44
55 44
55 44
55 44
55 44
37 63
37 63
37 63
37 63
37 63
37 63
37 63
37 63
37 63
37 63
68 34
68 34
68 34
68 34
68 34
68 34
68 34
68 34
68 34
68 34
41 56
41 56
41 56
41 56
41 56
41 56
41 56
41 56
41 56
41 56
43 53
43 53
43 53
43 53
43 53
43 53
43 53
43 53
43 53
43 53
58 38
58 38
58 38
58 38
58 38
58 38
58 38
58 38
58 38
58 38
55 39
55 39
55 39
55 39
55 39
55 39
55 39
55 39
55 39
55 39
44 48
44 48
44 48
44 48
44 48
44 48
44 48
44 48
44 48
44 48
75 28
75 28
75 28
75 28
75 28
75 28
75 28
75 28
75 28
75 28
39 53
39 53
39 53
39 53
39 53
39 53
39 53
39 53
39 53
39 53
33 62
33 62
33 62
33 62
33 62
33 62
33 62
33 62
33 62
33 62
32 61
32 61
32 61
32 61
32 61
32 61
32 61
32 61
32 61
32 61
26 75
26 75
26 75
26 75
26 75
26 75
26 75
26 75
26 75
26 75
27 72
27 72
27 72
27 72
27 72
27 72
27 72
27 72
27 72
27 72
45 43
45 43
45 43
45 43
45 43
45 43
45 43
45 43
45 43
45 43
43 44
43 44
43 44
43 44
43 44
43 44
43 44
43 44
43 44
43 44
42 45
42 45
42 45
42 45
42 45
42 45
42 45
42 45
42 45
42 45
60 30
60 30
60 30
60 30
60 30
60 30
60 30
60 30
60 30
60 30
25 70
25 70
25 70
25 70
25 70
25 70
25 70
25 70
25 70
25 70
67 26
67 26
67 26
67 26
67 26
67 26
67 26
67 26
67 26
67 26
46 37
46 37
46 37
46 37
46 37
46 37
46 37
46 37
46 37
46 37
58 29
58 29
58 29
58 29
58 29
58 29
58 29
58 29
58 29
58 29
42 40
42 40
42 40
42 40
42 40
42 40
42 40
42 40
42 40
42 40
67 25
67 25
67 25
67 25
67 25
67 25
67 25
67 25
67 25
67 25
31 52
31 52
31 52
31 52
31 52
31 52
31 52
31 52
31 52
31 52
27 58
27 58
27 58
27 58
27 58
27 58
27 58
27 58
27 58
27 58
26 59
26 59
26 59
26 59
26 59
26 59
26 59
26 59
26 59
26 59
25 61
25 61
25 61
25 61
25 61
25 61
25 61
25 61
25 61
25 61
31 49
31 49
31 49
31 49
31 49
31 49
31 49
31 49
31 49
31 49
36 42
36 42
36 42
36 42
36 42
36 42
36 42
36 42
36 42
36 42
29 52
29 52
29 52
29 52
29 52
29 52
29 52
29 52
29 52
29 52
30 49
30 49
30 49
30 49
30 49
30 49
30 49
30 49
30 49
30 49
27 54
27 54
27 54
27 54
27 54
27 54
27 54
27 54
27 54
27 54
27 53
27 53
27 53
27 53
27 53
27 53
27 53
27 53
27 53
27 53
34 42
34 42
34 42
34 42
34 42
34 42
34 42
34 42
34 42
34 42
30 46
30 46
30 46
30 46
30 46
30 46
30 46
30 46
30 46
30 46
47 29
47 29
47 29
47 29
47 29
47 29
47 29
47 29
47 29
47 29
46 28
46 28
46 28
46 28
46 28
46 28
46 28
46 28
46 28
46 28
25 47
25 47
25 47
25 47
25 47
25 47
25 47
25 47
25 47
25 47
34 27
34 27
34 27
34 27
34 27
34 27
34 27
34 27
34 27
34 27
26 34
26 34
26 34
26 34
26 34
26 34
26 34
26 34
26 34
26 34
32 25
32 25
32 25
32 25
32 25
32 25
32 25
32 25
32 25
32 25
