1000 2523
1000
74 74
74 74
74 74
74 74
74 74
74 74
74 74
74 74
74 74
74 74
73 74
73 74
73 74
73 74
73 74
73 74
73 74
73 74
73 74
73 74
73 71
73 71
73 71
73 71
73 71
73 71
73 71
73 71
73 71
73 71
74 68
74 68
74 68
74 68
74 68
74 68
74 68
74 68
74 68
74 68
70 69
70 69
70 69
70 69
70 69
70 69
70 69
70 69
70 69
70 69
71 65
71 65
71 65
71 65
71 65
71 65
71 65
71 65
71 65
71 65
68 67
68 67
68 67
68 67
68 67
68 67
68 67
68 67
68 67
68 67
71 64
71 64
71 64
71 64
71 64
71 64
71 64
71 64
71 64
71 64
63 71
63 71
63 71
63 71
63 71
63 71
63 71
63 71
63 71
63 71
75 57
75 57
75 57
75 57
75 57
75 57
75 57
75 57
75 57
75 57
69 60
69 60
69 60
69 60
69 60
69 60
69 60
69 60
69 60
69 60
63 65
63 65
63 65
63 65
63 65
63 65
63 65
63 65
63 65
63 65
75 54
75 54
75 54
75 54
75 54
75 54
75 54
75 54
75 54
75 54
61 66
61 66
61 66
61 66
61 66
61 66
61 66
61 66
61 66
61 66
66 60
66 60
66 60
66 60
66 60
66 60
66 60
66 60
66 60
66 60
54 72
54 72
54 72
54 72
54 72
54 72
54 72
54 72
54 72
54 72
73 53
73 53
73 53
73 53
73 53
73 53
73 53
73 53
73 53
73 53
50 75
50 75
50 75
50 75
50 75
50 75
50 75
50 75
50 75
50 75
61 61
61 61
61 61
61 61
61 61
61 61
61 61
61 61
61 61
61 61
60 62
60 62
60 62
60 62
60 62
60 62
60 62
60 62
60 62
60 62
69 51
69 51
69 51
69 51
69 51
69 51
69 51
69 51
69 51
69 51
47 73
47 73
47 73
47 73
47 73
47 73
47 73
47 73
47 73
47 73
50 66
50 66
50 66
50 66
50 66
50 66
50 66
50 66
50 66
50 66
59 54
59 54
59 54
59 54
59 54
59 54
59 54
59 54
59 54
59 54
62 49
62 49
62 49
62 49
62 49
62 49
62 49
62 49
62 49
62 49
58 52
58 52
58 52
58 52
58 52
58 52
58 52
58 52
58 52
58 52
43 70
43 70
43 70
43 70
43 70
43 70
43 70
43 70
43 70
43 70
56 53
56 53
56 53
56 53
56 53
56 53
56 53
56 53
56 53
56 53
65 45
65 45
65 45
65 45
65 45
65 45
65 45
65 45
65 45
65 45
48 60
48 60
48 60
48 60
48 60
48 60
48 60
48 60
48 60
48 60
47 61
47 61
47 61
47 61
47 61
47 61
47 61
47 61
47 61
47 61
75 38
75 38
75 38
75 38
75 38
75 38
75 38
75 38
75 38
75 38
39 72
39 72
39 72
39 72
39 72
39 72
39 72
39 72
39 72
39 72
43 65
43 65
43 65
43 65
43 65
43 65
43 65
43 65
43 65
43 65
52 53
52 53
52 53
52 53
52 53
52 53
52 53
52 53
52 53
52 53
38 71
38 71
38 71
38 71
38 71
38 71
38 71
38 71
38 71
38 71
49 54
49 54
49 54
49 54
49 54
49 54
49 54
49 54
49 54
49 54
55 48
55 48
55 48
55 48
55 48
55 48
55 48
55 48
55 48
55 48
35 75
35 75
35 75
35 75
35 75
35 75
35 75
35 75
35 75
35 75
51 51
51 51
51 51
51 51
51 51
51 51
51 51
51 51
51 51
51 51
70 36
70 36
70 36
70 36
70 36
70 36
70 36
70 36
70 36
70 36
70 35
70 35
70 35
70 35
70 35
70 35
70 35
70 35
70 35
70 35
40 61
40 61
40 61
40 61
40 61
40 61
40 61
40 61
40 61
40 61
74 32
74 32
74 32
74 32
74 32
74 32
74 32
74 32
74 32
74 32
65 36
65 36
65 36
65 36
65 36
65 36
65 36
65 36
65 36
65 36
46 50
46 50
46 50
46 50
46 50
46 50
46 50
46 50
46 50
46 50
37 58
37 58
37 58
37 58
37 58
37 58
37 58
37 58
37 58
37 58
59 36
59 36
59 36
59 36
59 36
59 36
59 36
59 36
59 36
59 36
46 46
46 46
46 46
46 46
46 46
46 46
46 46
46 46
46 46
46 46
48 44
48 44
48 44
48 44
48 44
48 44
48 44
48 44
48 44
48 44
39 54
39 54
39 54
39 54
39 54
39 54
39 54
39 54
39 54
39 54
38 55
38 55
38 55
38 55
38 55
38 55
38 55
38 55
38 55
38 55
61 34
61 34
61 34
61 34
61 34
61 34
61 34
61 34
61 34
61 34
29 71
29 71
29 71
29 71
29 71
29 71
29 71
29 71
29 71
29 71
49 42
49 42
49 42
49 42
49 42
49 42
49 42
49 42
49 42
49 42
75 27
75 27
75 27
75 27
75 27
75 27
75 27
75 27
75 27
75 27
46 44
46 44
46 44
46 44
46 44
46 44
46 44
46 44
46 44
46 44
43 47
43 47
43 47
43 47
43 47
43 47
43 47
43 47
43 47
43 47
37 54
37 54
37 54
37 54
37 54
37 54
37 54
37 54
37 54
37 54
57 35
57 35
57 35
57 35
57 35
57 35
57 35
57 35
57 35
57 35
31 64
31 64
31 64
31 64
31 64
31 64
31 64
31 64
31 64
31 64
62 32
62 32
62 32
62 32
62 32
62 32
62 32
62 32
62 32
62 32
39 50
39 50
39 50
39 50
39 50
39 50
39 50
39 50
39 50
39 50
52 37
52 37
52 37
52 37
52 37
52 37
52 37
52 37
52 37
52 37
67 28
67 28
67 28
67 28
67 28
67 28
67 28
67 28
67 28
67 28
26 72
26 72
26 72
26 72
26 72
26 72
26 72
26 72
26 72
26 72
60 31
60 31
60 31
60 31
60 31
60 31
60 31
60 31
60 31
60 31
28 66
28 66
28 66
28 66
28 66
28 66
28 66
28 66
28 66
28 66
26 71
26 71
26 71
26 71
26 71
26 71
26 71
26 71
26 71
26 71
51 36
51 36
51 36
51 36
51 36
51 36
51 36
51 36
51 36
51 36
65 28
65 28
65 28
65 28
65 28
65 28
65 28
65 28
65 28
65 28
56 32
56 32
56 32
56 32
56 32
56 32
56 32
56 32
56 32
56 32
29 61
29 61
29 61
29 61
29 61
29 61
29 61
29 61
29 61
29 61
51 34
51 34
51 34
51 34
51 34
51 34
51 34
51 34
51 34
51 34
48 36
48 36
48 36
48 36
48 36
48 36
48 36
48 36
48 36
48 36
37 46
37 46
37 46
37 46
37 46
37 46
37 46
37 46
37 46
37 46
42 40
42 40
42 40
42 40
42 40
42 40
42 40
42 40
42 40
42 40
60 28
60 28
60 28
60 28
60 28
60 28
60 28
60 28
60 28
60 28
27 61
27 61
27 61
27 61
27 61
27 61
27 61
27 61
27 61
27 61
51 31
51 31
51 31
51 31
51 31
51 31
51 31
51 31
51 31
51 31
45 35
45 35
45 35
45 35
45 35
45 35
45 35
45 35
45 35
45 35
28 56
28 56
28 56
28 56
28 56
28 56
28 56
28 56
28 56
28 56
41 38
41 38
41 38
41 38
41 38
41 38
41 38
41 38
41 38
41 38
36 43
36 43
36 43
36 43
36 43
36 43
36 43
36 43
36 43
36 43
25 61
25 61
25 61
25 61
25 61
25 61
25 61
25 61
25 61
25 61
49 30
49 30
49 30
49 30
49 30
49 30
49 30
49 30
49 30
49 30
56 26
56 26
56 26
56 26
56 26
56 26
56 26
56 26
56 26
56 26
25 56
25 56
25 56
25 56
25 56
25 56
25 56
25 56
25 56
25 56
26 53
26 53
26 53
26 53
26 53
26 53
26 53
26 53
26 53
26 53
45 30
45 30
45 30
45 30
45 30
45 30
45 30
45 30
45 30
45 30
36 37
36 37
36 37
36 37
36 37
36 37
36 37
36 37
36 37
36 37
25 53
25 53
25 53
25 53
25 53
25 53
25 53
25 53
25 53
25 53
41 32
41 32
41 32
41 32
41 32
41 32
41 32
41 32
41 32
41 32
29 43
29 43
29 43
29 43
29 43
29 43
29 43
29 43
29 43
29 43
46 26
46 26
46 26
46 26
46 26
46 26
46 26
46 26
46 26
46 26
31 37
31 37
31 37
31 37
31 37
31 37
31 37
31 37
31 37
31 37
26 44
26 44
26 44
26 44
26 44
26 44
26 44
26 44
26 44
26 44
43 25
43 25
43 25
43 25
43 25
43 25
43 25
43 25
43 25
43 25
29 37
29 37
29 37
29 37
29 37
29 37
29 37
29 37
29 37
29 37
29 31
29 31
29 31
29 31
29 31
29 31
29 31
29 31
29 31
29 31
