1000 2329
1000
86 89
86 89
86 89
86 89
86 89
86 89
86 89
86 89
86 89
86 89
77 90
77 90
77 90
77 90
77 90
77 90
77 90
77 90
77 90
77 90
79 86
79 86
79 86
79 86
79 86
79 86
79 86
79 86
79 86
79 86
78 84
78 84
78 84
78 84
78 84
78 84
78 84
78 84
78 84
78 84
84 70
84 70
84 70
84 70
84 70
84 70
84 70
84 70
84 70
84 70
67 85
67 85
67 85
67 85
67 85
67 85
67 85
67 85
67 85
67 85
77 70
77 70
77 70
77 70
77 70
77 70
77 70
77 70
77 70
77 70
60 89
60 89
60 89
60 89
60 89
60 89
60 89
60 89
60 89
60 89
83 62
83 62
83 62
83 62
83 62
83 62
83 62
83 62
83 62
83 62
62 79
62 79
62 79
62 79
62 79
62 79
62 79
62 79
62 79
62 79
87 54
87 54
87 54
87 54
87 54
87 54
87 54
87 54
87 54
87 54
66 71
66 71
66 71
66 71
66 71
66 71
66 71
66 71
66 71
66 71
88 50
88 50
88 50
88 50
88 50
88 50
88 50
88 50
88 50
88 50
58 72
58 72
58 72
58 72
58 72
58 72
58 72
58 72
58 72
58 72
58 70
58 70
58 70
58 70
58 70
58 70
58 70
58 70
58 70
58 70
52 77
52 77
52 77
52 77
52 77
52 77
52 77
52 77
52 77
52 77
65 59
65 59
65 59
65 59
65 59
65 59
65 59
65 59
65 59
65 59
51 75
51 75
51 75
51 75
51 75
51 75
51 75
51 75
51 75
51 75
46 83
46 83
46 83
46 83
46 83
46 83
46 83
46 83
46 83
46 83
51 72
51 72
51 72
51 72
51 72
51 72
51 72
51 72
51 72
51 72
60 61
60 61
60 61
60 61
60 61
60 61
60 61
60 61
60 61
60 61
64 56
64 56
64 56
64 56
64 56
64 56
64 56
64 56
64 56
64 56
73 49
73 49
73 49
73 49
73 49
73 49
73 49
73 49
73 49
73 49
64 55
64 55
64 55
64 55
64 55
64 55
64 55
64 55
64 55
64 55
63 55
63 55
63 55
63 55
63 55
63 55
63 55
63 55
63 55
63 55
86 40
86 40
86 40
86 40
86 40
86 40
86 40
86 40
86 40
86 40
43 76
43 76
43 76
43 76
43 76
43 76
43 76
43 76
43 76
43 76
74 43
74 43
74 43
74 43
74 43
74 43
74 43
74 43
74 43
74 43
49 64
49 64
49 64
49 64
49 64
49 64
49 64
49 64
49 64
49 64
59 52
59 52
59 52
59 52
59 52
59 52
59 52
59 52
59 52
59 52
68 45
68 45
68 45
68 45
68 45
68 45
68 45
68 45
68 45
68 45
43 67
43 67
43 67
43 67
43 67
43 67
43 67
43 67
43 67
43 67
35 79
35 79
35 79
35 79
35 79
35 79
35 79
35 79
35 79
35 79
40 69
40 69
40 69
40 69
40 69
40 69
40 69
40 69
40 69
40 69
51 53
51 53
51 53
51 53
51 53
51 53
51 53
51 53
51 53
51 53
86 31
86 31
86 31
86 31
86 31
86 31
86 31
86 31
86 31
86 31
31 85
31 85
31 85
31 85
31 85
31 85
31 85
31 85
31 85
31 85
64 41
64 41
64 41
64 41
64 41
64 41
64 41
64 41
64 41
64 41
33 79
33 79
33 79
33 79
33 79
33 79
33 79
33 79
33 79
33 79
81 32
81 32
81 32
81 32
81 32
81 32
81 32
81 32
81 32
81 32
37 70
37 70
37 70
37 70
37 70
37 70
37 70
37 70
37 70
37 70
42 61
42 61
42 61
42 61
42 61
42 61
42 61
42 61
42 61
42 61
66 37
66 37
66 37
66 37
66 37
66 37
66 37
66 37
66 37
66 37
67 36
67 36
67 36
67 36
67 36
67 36
67 36
67 36
67 36
67 36
44 54
44 54
44 54
44 54
44 54
44 54
44 54
44 54
44 54
44 54
37 64
37 64
37 64
37 64
37 64
37 64
37 64
37 64
37 64
37 64
26 81
26 81
26 81
26 81
26 81
26 81
26 81
26 81
26 81
26 81
41 50
41 50
41 50
41 50
41 50
41 50
41 50
41 50
41 50
41 50
36 55
36 55
36 55
36 55
36 55
36 55
36 55
36 55
36 55
36 55
28 66
28 66
28 66
28 66
28 66
28 66
28 66
28 66
28 66
28 66
55 33
55 33
55 33
55 33
55 33
55 33
55 33
55 33
55 33
55 33
45 38
45 38
45 38
45 38
45 38
45 38
45 38
45 38
45 38
45 38
21 81
21 81
21 81
21 81
21 81
21 81
21 81
21 81
21 81
21 81
20 84
20 84
20 84
20 84
20 84
20 84
20 84
20 84
20 84
20 84
50 33
50 33
50 33
50 33
50 33
50 33
50 33
50 33
50 33
50 33
81 20
81 20
81 20
81 20
81 20
81 20
81 20
81 20
81 20
81 20
76 21
76 21
76 21
76 21
76 21
76 21
76 21
76 21
76 21
76 21
33 48
33 48
33 48
33 48
33 48
33 48
33 48
33 48
33 48
33 48
56 28
56 28
56 28
56 28
56 28
56 28
56 28
56 28
56 28
56 28
55 28
55 28
55 28
55 28
55 28
55 28
55 28
55 28
55 28
55 28
42 36
42 36
42 36
42 36
42 36
42 36
42 36
42 36
42 36
42 36
18 81
18 81
18 81
18 81
18 81
18 81
18 81
18 81
18 81
18 81
47 31
47 31
47 31
47 31
47 31
47 31
47 31
47 31
47 31
47 31
28 52
28 52
28 52
28 52
28 52
28 52
28 52
28 52
28 52
28 52
33 44
33 44
33 44
33 44
33 44
33 44
33 44
33 44
33 44
33 44
29 49
29 49
29 49
29 49
29 49
29 49
29 49
29 49
29 49
29 49
49 27
49 27
49 27
49 27
49 27
49 27
49 27
49 27
49 27
49 27
14 89
14 89
14 89
14 89
14 89
14 89
14 89
14 89
14 89
14 89
80 15
80 15
80 15
80 15
80 15
80 15
80 15
80 15
80 15
80 15
28 40
28 40
28 40
28 40
28 40
28 40
28 40
28 40
28 40
28 40
24 46
24 46
24 46
24 46
24 46
24 46
24 46
24 46
24 46
24 46
22 47
22 47
22 47
22 47
22 47
22 47
22 47
22 47
22 47
22 47
28 36
28 36
28 36
28 36
28 36
28 36
28 36
28 36
28 36
28 36
28 31
28 31
28 31
28 31
28 31
28 31
28 31
28 31
28 31
28 31
37 23
37 23
37 23
37 23
37 23
37 23
37 23
37 23
37 23
37 23
10 84
10 84
10 84
10 84
10 84
10 84
10 84
10 84
10 84
10 84
69 12
69 12
69 12
69 12
69 12
69 12
69 12
69 12
69 12
69 12
16 51
16 51
16 51
16 51
16 51
16 51
16 51
16 51
16 51
16 51
38 20
38 20
38 20
38 20
38 20
38 20
38 20
38 20
38 20
38 20
21 36
21 36
21 36
21 36
21 36
21 36
21 36
21 36
21 36
21 36
30 23
30 23
30 23
30 23
30 23
30 23
30 23
30 23
30 23
30 23
13 52
13 52
13 52
13 52
13 52
13 52
13 52
13 52
13 52
13 52
12 54
12 54
12 54
12 54
12 54
12 54
12 54
12 54
12 54
12 54
68 9
68 9
68 9
68 9
68 9
68 9
68 9
68 9
68 9
68 9
9 67
9 67
9 67
9 67
9 67
9 67
9 67
9 67
9 67
9 67
12 43
12 43
12 43
12 43
12 43
12 43
12 43
12 43
12 43
12 43
50 10
50 10
50 10
50 10
50 10
50 10
50 10
50 10
50 10
50 10
33 15
33 15
33 15
33 15
33 15
33 15
33 15
33 15
33 15
33 15
39 11
39 11
39 11
39 11
39 11
39 11
39 11
39 11
39 11
39 11
6 68
6 68
6 68
6 68
6 68
6 68
6 68
6 68
6 68
6 68
67 6
67 6
67 6
67 6
67 6
67 6
67 6
67 6
67 6
67 6
20 19
20 19
20 19
20 19
20 19
20 19
20 19
20 19
20 19
20 19
19 18
19 18
19 18
19 18
19 18
19 18
19 18
19 18
19 18
19 18
7 45
7 45
7 45
7 45
7 45
7 45
7 45
7 45
7 45
7 45
25 12
25 12
25 12
25 12
25 12
25 12
25 12
25 12
25 12
25 12
10 27
10 27
10 27
10 27
10 27
10 27
10 27
10 27
10 27
10 27
10 25
10 25
10 25
10 25
10 25
10 25
10 25
10 25
10 25
10 25
31 7
31 7
31 7
31 7
31 7
31 7
31 7
31 7
31 7
31 7
8 26
8 26
8 26
8 26
8 26
8 26
8 26
8 26
8 26
8 26
9 22
9 22
9 22
9 22
9 22
9 22
9 22
9 22
9 22
9 22
