1000 2113
1000
85 80
85 80
85 80
85 80
85 80
85 80
85 80
85 80
85 80
85 80
73 87
73 87
73 87
73 87
73 87
73 87
73 87
73 87
73 87
73 87
72 84
72 84
72 84
72 84
72 84
72 84
72 84
72 84
72 84
72 84
76 79
76 79
76 79
76 79
76 79
76 79
76 79
76 79
76 79
76 79
75 78
75 78
75 78
75 78
75 78
75 78
75 78
75 78
75 78
75 78
75 75
75 75
75 75
75 75
75 75
75 75
75 75
75 75
75 75
75 75
73 73
73 73
73 73
73 73
73 73
73 73
73 73
73 73
73 73
73 73
60 87
60 87
60 87
60 87
60 87
60 87
60 87
60 87
60 87
60 87
66 79
66 79
66 79
66 79
66 79
66 79
66 79
66 79
66 79
66 79
78 64
78 64
78 64
78 64
78 64
78 64
78 64
78 64
78 64
78 64
53 81
53 81
53 81
53 81
53 81
53 81
53 81
53 81
53 81
53 81
88 46
88 46
88 46
88 46
88 46
88 46
88 46
88 46
88 46
88 46
86 47
86 47
86 47
86 47
86 47
86 47
86 47
86 47
86 47
86 47
57 70
57 70
57 70
57 70
57 70
57 70
57 70
57 70
57 70
57 70
53 75
53 75
53 75
53 75
53 75
53 75
53 75
53 75
53 75
53 75
73 53
73 53
73 53
73 53
73 53
73 53
73 53
73 53
73 53
73 53
80 48
80 48
80 48
80 48
80 48
80 48
80 48
80 48
80 48
80 48
54 67
54 67
54 67
54 67
54 67
54 67
54 67
54 67
54 67
54 67
58 60
58 60
58 60
58 60
58 60
58 60
58 60
58 60
58 60
58 60
56 62
56 62
56 62
56 62
56 62
56 62
56 62
56 62
56 62
56 62
89 39
89 39
89 39
89 39
89 39
89 39
89 39
89 39
89 39
89 39
38 86
38 86
38 86
38 86
38 86
38 86
38 86
38 86
38 86
38 86
80 40
80 40
80 40
80 40
80 40
80 40
80 40
80 40
80 40
80 40
75 42
75 42
75 42
75 42
75 42
75 42
75 42
75 42
75 42
75 42
72 43
72 43
72 43
72 43
72 43
72 43
72 43
72 43
72 43
72 43
78 39
78 39
78 39
78 39
78 39
78 39
78 39
78 39
78 39
78 39
40 76
40 76
40 76
40 76
40 76
40 76
40 76
40 76
40 76
40 76
72 42
72 42
72 42
72 42
72 42
72 42
72 42
72 42
72 42
72 42
46 65
46 65
46 65
46 65
46 65
46 65
46 65
46 65
46 65
46 65
37 77
37 77
37 77
37 77
37 77
37 77
37 77
37 77
37 77
37 77
43 62
43 62
43 62
43 62
43 62
43 62
43 62
43 62
43 62
43 62
82 32
82 32
82 32
82 32
82 32
82 32
82 32
82 32
82 32
82 32
73 34
73 34
73 34
73 34
73 34
73 34
73 34
73 34
73 34
73 34
68 36
68 36
68 36
68 36
68 36
68 36
68 36
68 36
68 36
68 36
54 44
54 44
54 44
54 44
54 44
54 44
54 44
54 44
54 44
54 44
35 64
35 64
35 64
35 64
35 64
35 64
35 64
35 64
35 64
35 64
56 39
56 39
56 39
56 39
56 39
56 39
56 39
56 39
56 39
56 39
74 29
74 29
74 29
74 29
74 29
74 29
74 29
74 29
74 29
74 29
41 52
41 52
41 52
41 52
41 52
41 52
41 52
41 52
41 52
41 52
68 31
68 31
68 31
68 31
68 31
68 31
68 31
68 31
68 31
68 31
43 49
43 49
43 49
43 49
43 49
43 49
43 49
43 49
43 49
43 49
27 78
27 78
27 78
27 78
27 78
27 78
27 78
27 78
27 78
27 78
60 35
60 35
60 35
60 35
60 35
60 35
60 35
60 35
60 35
60 35
23 90
23 90
23 90
23 90
23 90
23 90
23 90
23 90
23 90
23 90
29 70
29 70
29 70
29 70
29 70
29 70
29 70
29 70
29 70
29 70
24 80
24 80
24 80
24 80
24 80
24 80
24 80
24 80
24 80
24 80
34 56
34 56
34 56
34 56
34 56
34 56
34 56
34 56
34 56
34 56
43 44
43 44
43 44
43 44
43 44
43 44
43 44
43 44
43 44
43 44
74 24
74 24
74 24
74 24
74 24
74 24
74 24
74 24
74 24
74 24
60 29
60 29
60 29
60 29
60 29
60 29
60 29
60 29
60 29
60 29
28 62
28 62
28 62
28 62
28 62
28 62
28 62
28 62
28 62
28 62
29 59
29 59
29 59
29 59
29 59
29 59
29 59
29 59
29 59
29 59
24 70
24 70
24 70
24 70
24 70
24 70
24 70
24 70
24 70
24 70
31 54
31 54
31 54
31 54
31 54
31 54
31 54
31 54
31 54
31 54
54 30
54 30
54 30
54 30
54 30
54 30
54 30
54 30
54 30
54 30
24 63
24 63
24 63
24 63
24 63
24 63
24 63
24 63
24 63
24 63
19 69
19 69
19 69
19 69
19 69
19 69
19 69
19 69
19 69
19 69
26 48
26 48
26 48
26 48
26 48
26 48
26 48
26 48
26 48
26 48
54 23
54 23
54 23
54 23
54 23
54 23
54 23
54 23
54 23
54 23
81 15
81 15
81 15
81 15
81 15
81 15
81 15
81 15
81 15
81 15
31 39
31 39
31 39
31 39
31 39
31 39
31 39
31 39
31 39
31 39
48 25
48 25
48 25
48 25
48 25
48 25
48 25
48 25
48 25
48 25
14 85
14 85
14 85
14 85
14 85
14 85
14 85
14 85
14 85
14 85
39 30
39 30
39 30
39 30
39 30
39 30
39 30
39 30
39 30
39 30
44 26
44 26
44 26
44 26
44 26
44 26
44 26
44 26
44 26
44 26
45 23
45 23
45 23
45 23
45 23
45 23
45 23
45 23
45 23
45 23
24 42
24 42
24 42
24 42
24 42
24 42
24 42
24 42
24 42
24 42
14 72
14 72
14 72
14 72
14 72
14 72
14 72
14 72
14 72
14 72
43 23
43 23
43 23
43 23
43 23
43 23
43 23
43 23
43 23
43 23
11 87
11 87
11 87
11 87
11 87
11 87
11 87
11 87
11 87
11 87
14 64
14 64
14 64
14 64
14 64
14 64
14 64
14 64
14 64
14 64
37 23
37 23
37 23
37 23
37 23
37 23
37 23
37 23
37 23
37 23
16 50
16 50
16 50
16 50
16 50
16 50
16 50
16 50
16 50
16 50
12 65
12 65
12 65
12 65
12 65
12 65
12 65
12 65
12 65
12 65
26 27
26 27
26 27
26 27
26 27
26 27
26 27
26 27
26 27
26 27
13 54
13 54
13 54
13 54
13 54
13 54
13 54
13 54
13 54
13 54
23 30
23 30
23 30
23 30
23 30
23 30
23 30
23 30
23 30
23 30
10 68
10 68
10 68
10 68
10 68
10 68
10 68
10 68
10 68
10 68
45 14
45 14
45 14
45 14
45 14
45 14
45 14
45 14
45 14
45 14
30 21
30 21
30 21
30 21
30 21
30 21
30 21
30 21
30 21
30 21
47 13
47 13
47 13
47 13
47 13
47 13
47 13
47 13
47 13
47 13
8 73
8 73
8 73
8 73
8 73
8 73
8 73
8 73
8 73
8 73
20 29
20 29
20 29
20 29
20 29
20 29
20 29
20 29
20 29
20 29
44 13
44 13
44 13
44 13
44 13
44 13
44 13
44 13
44 13
44 13
37 15
37 15
37 15
37 15
37 15
37 15
37 15
37 15
37 15
37 15
12 43
12 43
12 43
12 43
12 43
12 43
12 43
12 43
12 43
12 43
85 6
85 6
85 6
85 6
85 6
85 6
85 6
85 6
85 6
85 6
21 22
21 22
21 22
21 22
21 22
21 22
21 22
21 22
21 22
21 22
30 14
30 14
30 14
30 14
30 14
30 14
30 14
30 14
30 14
30 14
23 18
23 18
23 18
23 18
23 18
23 18
23 18
23 18
23 18
23 18
38 10
38 10
38 10
38 10
38 10
38 10
38 10
38 10
38 10
38 10
11 32
11 32
11 32
11 32
11 32
11 32
11 32
11 32
11 32
11 32
8 35
8 35
8 35
8 35
8 35
8 35
8 35
8 35
8 35
8 35
6 46
6 46
6 46
6 46
6 46
6 46
6 46
6 46
6 46
6 46
34 7
34 7
34 7
34 7
34 7
34 7
34 7
34 7
34 7
34 7
7 33
7 33
7 33
7 33
7 33
7 33
7 33
7 33
7 33
7 33
11 21
11 21
11 21
11 21
11 21
11 21
11 21
11 21
11 21
11 21
14 15
14 15
14 15
14 15
14 15
14 15
14 15
14 15
14 15
14 15
21 10
21 10
21 10
21 10
21 10
21 10
21 10
21 10
21 10
21 10
14 9
14 9
14 9
14 9
14 9
14 9
14 9
14 9
14 9
14 9
