1000 2511
1000
79 89
79 89
79 89
79 89
79 89
79 89
79 89
79 89
79 89
79 89
90 74
90 74
90 74
90 74
90 74
90 74
90 74
90 74
90 74
90 74
90 71
90 71
90 71
90 71
90 71
90 71
90 71
90 71
90 71
90 71
73 86
73 86
73 86
73 86
73 86
73 86
73 86
73 86
73 86
73 86
82 71
82 71
82 71
82 71
82 71
82 71
82 71
82 71
82 71
82 71
72 80
72 80
72 80
72 80
72 80
72 80
72 80
72 80
72 80
72 80
85 63
85 63
85 63
85 63
85 63
85 63
85 63
85 63
85 63
85 63
76 70
76 70
76 70
76 70
76 70
76 70
76 70
76 70
76 70
76 70
85 62
85 62
85 62
85 62
85 62
85 62
85 62
85 62
85 62
85 62
75 70
75 70
75 70
75 70
75 70
75 70
75 70
75 70
75 70
75 70
64 81
64 81
64 81
64 81
64 81
64 81
64 81
64 81
64 81
64 81
83 61
83 61
83 61
83 61
83 61
83 61
83 61
83 61
83 61
83 61
63 80
63 80
63 80
63 80
63 80
63 80
63 80
63 80
63 80
63 80
73 69
73 69
73 69
73 69
73 69
73 69
73 69
73 69
73 69
73 69
58 82
58 82
58 82
58 82
58 82
58 82
58 82
58 82
58 82
58 82
79 60
79 60
79 60
79 60
79 60
79 60
79 60
79 60
79 60
79 60
80 58
80 58
80 58
80 58
80 58
80 58
80 58
80 58
80 58
80 58
85 54
85 54
85 54
85 54
85 54
85 54
85 54
85 54
85 54
85 54
69 65
69 65
69 65
69 65
69 65
69 65
69 65
69 65
69 65
69 65
71 63
71 63
71 63
71 63
71 63
71 63
71 63
71 63
71 63
71 63
64 68
64 68
64 68
64 68
64 68
64 68
64 68
64 68
64 68
64 68
72 57
72 57
72 57
72 57
72 57
72 57
72 57
72 57
72 57
72 57
55 74
55 74
55 74
55 74
55 74
55 74
55 74
55 74
55 74
55 74
82 48
82 48
82 48
82 48
82 48
82 48
82 48
82 48
82 48
82 48
44 86
44 86
44 86
44 86
44 86
44 86
44 86
44 86
44 86
44 86
84 45
84 45
84 45
84 45
84 45
84 45
84 45
84 45
84 45
84 45
87 40
87 40
87 40
87 40
87 40
87 40
87 40
87 40
87 40
87 40
75 46
75 46
75 46
75 46
75 46
75 46
75 46
75 46
75 46
75 46
61 55
61 55
61 55
61 55
61 55
61 55
61 55
61 55
61 55
61 55
83 40
83 40
83 40
83 40
83 40
83 40
83 40
83 40
83 40
83 40
72 46
72 46
72 46
72 46
72 46
72 46
72 46
72 46
72 46
72 46
45 73
45 73
45 73
45 73
45 73
45 73
45 73
45 73
45 73
45 73
54 59
54 59
54 59
54 59
54 59
54 59
54 59
54 59
54 59
54 59
48 64
48 64
48 64
48 64
48 64
48 64
48 64
48 64
48 64
48 64
64 47
64 47
64 47
64 47
64 47
64 47
64 47
64 47
64 47
64 47
45 64
45 64
45 64
45 64
45 64
45 64
45 64
45 64
45 64
45 64
85 33
85 33
85 33
85 33
85 33
85 33
85 33
85 33
85 33
85 33
47 59
47 59
47 59
47 59
47 59
47 59
47 59
47 59
47 59
47 59
60 46
60 46
60 46
60 46
60 46
60 46
60 46
60 46
60 46
60 46
50 55
50 55
50 55
50 55
50 55
50 55
50 55
50 55
50 55
50 55
31 88
31 88
31 88
31 88
31 88
31 88
31 88
31 88
31 88
31 88
60 45
60 45
60 45
60 45
60 45
60 45
60 45
60 45
60 45
60 45
53 50
53 50
53 50
53 50
53 50
53 50
53 50
53 50
53 50
53 50
30 85
30 85
30 85
30 85
30 85
30 85
30 85
30 85
30 85
30 85
74 33
74 33
74 33
74 33
74 33
74 33
74 33
74 33
74 33
74 33
40 58
40 58
40 58
40 58
40 58
40 58
40 58
40 58
40 58
40 58
30 76
30 76
30 76
30 76
30 76
30 76
30 76
30 76
30 76
30 76
35 64
35 64
35 64
35 64
35 64
35 64
35 64
35 64
35 64
35 64
79 28
79 28
79 28
79 28
79 28
79 28
79 28
79 28
79 28
79 28
75 29
75 29
75 29
75 29
75 29
75 29
75 29
75 29
75 29
75 29
42 51
42 51
42 51
42 51
42 51
42 51
42 51
42 51
42 51
42 51
24 88
24 88
24 88
24 88
24 88
24 88
24 88
24 88
24 88
24 88
77 27
77 27
77 27
77 27
77 27
77 27
77 27
77 27
77 27
77 27
38 54
38 54
38 54
38 54
38 54
38 54
38 54
38 54
38 54
38 54
28 73
28 73
28 73
28 73
28 73
28 73
28 73
28 73
28 73
28 73
23 88
23 88
23 88
23 88
23 88
23 88
23 88
23 88
23 88
23 88
32 60
32 60
32 60
32 60
32 60
32 60
32 60
32 60
32 60
32 60
30 63
30 63
30 63
30 63
30 63
30 63
30 63
30 63
30 63
30 63
74 25
74 25
74 25
74 25
74 25
74 25
74 25
74 25
74 25
74 25
30 59
30 59
30 59
30 59
30 59
30 59
30 59
30 59
30 59
30 59
57 28
57 28
57 28
57 28
57 28
57 28
57 28
57 28
57 28
57 28
48 31
48 31
48 31
48 31
48 31
48 31
48 31
48 31
48 31
48 31
26 57
26 57
26 57
26 57
26 57
26 57
26 57
26 57
26 57
26 57
61 24
61 24
61 24
61 24
61 24
61 24
61 24
61 24
61 24
61 24
50 28
50 28
50 28
50 28
50 28
50 28
50 28
50 28
50 28
50 28
45 31
45 31
45 31
45 31
45 31
45 31
45 31
45 31
45 31
45 31
80 17
80 17
80 17
80 17
80 17
80 17
80 17
80 17
80 17
80 17
33 39
33 39
33 39
33 39
33 39
33 39
33 39
33 39
33 39
33 39
53 23
53 23
53 23
53 23
53 23
53 23
53 23
53 23
53 23
53 23
59 18
59 18
59 18
59 18
59 18
59 18
59 18
59 18
59 18
59 18
53 20
53 20
53 20
53 20
53 20
53 20
53 20
53 20
53 20
53 20
14 74
14 74
14 74
14 74
14 74
14 74
14 74
14 74
14 74
14 74
35 29
35 29
35 29
35 29
35 29
35 29
35 29
35 29
35 29
35 29
17 59
17 59
17 59
17 59
17 59
17 59
17 59
17 59
17 59
17 59
38 26
38 26
38 26
38 26
38 26
38 26
38 26
38 26
38 26
38 26
14 70
14 70
14 70
14 70
14 70
14 70
14 70
14 70
14 70
14 70
61 16
61 16
61 16
61 16
61 16
61 16
61 16
61 16
61 16
61 16
17 57
17 57
17 57
17 57
17 57
17 57
17 57
17 57
17 57
17 57
89 10
89 10
89 10
89 10
89 10
89 10
89 10
89 10
89 10
89 10
35 25
35 25
35 25
35 25
35 25
35 25
35 25
35 25
35 25
35 25
17 48
17 48
17 48
17 48
17 48
17 48
17 48
17 48
17 48
17 48
74 10
74 10
74 10
74 10
74 10
74 10
74 10
74 10
74 10
74 10
41 16
41 16
41 16
41 16
41 16
41 16
41 16
41 16
41 16
41 16
31 21
31 21
31 21
31 21
31 21
31 21
31 21
31 21
31 21
31 21
66 9
66 9
66 9
66 9
66 9
66 9
66 9
66 9
66 9
66 9
48 12
48 12
48 12
48 12
48 12
48 12
48 12
48 12
48 12
48 12
35 16
35 16
35 16
35 16
35 16
35 16
35 16
35 16
35 16
35 16
67 8
67 8
67 8
67 8
67 8
67 8
67 8
67 8
67 8
67 8
17 28
17 28
17 28
17 28
17 28
17 28
17 28
17 28
17 28
17 28
7 62
7 62
7 62
7 62
7 62
7 62
7 62
7 62
7 62
7 62
10 42
10 42
10 42
10 42
10 42
10 42
10 42
10 42
10 42
10 42
62 6
62 6
62 6
62 6
62 6
62 6
62 6
62 6
62 6
62 6
15 23
15 23
15 23
15 23
15 23
15 23
15 23
15 23
15 23
15 23
11 26
11 26
11 26
11 26
11 26
11 26
11 26
11 26
11 26
11 26
35 8
35 8
35 8
35 8
35 8
35 8
35 8
35 8
35 8
35 8
16 14
16 14
16 14
16 14
16 14
16 14
16 14
16 14
16 14
16 14
13 17
13 17
13 17
13 17
13 17
13 17
13 17
13 17
13 17
13 17
29 7
29 7
29 7
29 7
29 7
29 7
29 7
29 7
29 7
29 7
27 6
27 6
27 6
27 6
27 6
27 6
27 6
27 6
27 6
27 6
6 22
6 22
6 22
6 22
6 22
6 22
6 22
6 22
6 22
6 22
