1000 2422
1000
87 90
87 90
87 90
87 90
87 90
87 90
87 90
87 90
87 90
87 90
90 84
90 84
90 84
90 84
90 84
90 84
90 84
90 84
90 84
90 84
80 87
80 87
80 87
80 87
80 87
80 87
80 87
80 87
80 87
80 87
86 74
86 74
86 74
86 74
86 74
86 74
86 74
86 74
86 74
86 74
72 88
72 88
72 88
72 88
72 88
72 88
72 88
72 88
72 88
72 88
75 76
75 76
75 76
75 76
75 76
75 76
75 76
75 76
75 76
75 76
76 74
76 74
76 74
76 74
76 74
76 74
76 74
76 74
76 74
76 74
64 85
64 85
64 85
64 85
64 85
64 85
64 85
64 85
64 85
64 85
66 81
66 81
66 81
66 81
66 81
66 81
66 81
66 81
66 81
66 81
63 83
63 83
63 83
63 83
63 83
63 83
63 83
63 83
63 83
63 83
79 61
79 61
79 61
79 61
79 61
79 61
79 61
79 61
79 61
79 61
80 60
80 60
80 60
80 60
80 60
80 60
80 60
80 60
80 60
80 60
65 70
65 70
65 70
65 70
65 70
65 70
65 70
65 70
65 70
65 70
90 50
90 50
90 50
90 50
90 50
90 50
90 50
90 50
90 50
90 50
69 63
69 63
69 63
69 63
69 63
69 63
69 63
69 63
69 63
69 63
48 89
48 89
48 89
48 89
48 89
48 89
48 89
48 89
48 89
48 89
87 47
87 47
87 47
87 47
87 47
87 47
87 47
87 47
87 47
87 47
46 87
46 87
46 87
46 87
46 87
46 87
46 87
46 87
46 87
46 87
57 70
57 70
57 70
57 70
57 70
57 70
57 70
57 70
57 70
57 70
84 47
84 47
84 47
84 47
84 47
84 47
84 47
84 47
84 47
84 47
49 80
49 80
49 80
49 80
49 80
49 80
49 80
49 80
49 80
49 80
75 51
75 51
75 51
75 51
75 51
75 51
75 51
75 51
75 51
75 51
43 85
43 85
43 85
43 85
43 85
43 85
43 85
43 85
43 85
43 85
63 57
63 57
63 57
63 57
63 57
63 57
63 57
63 57
63 57
63 57
59 59
59 59
59 59
59 59
59 59
59 59
59 59
59 59
59 59
59 59
44 79
44 79
44 79
44 79
44 79
44 79
44 79
44 79
44 79
44 79
42 81
42 81
42 81
42 81
42 81
42 81
42 81
42 81
42 81
42 81
41 80
41 80
41 80
41 80
41 80
41 80
41 80
41 80
41 80
41 80
75 43
75 43
75 43
75 43
75 43
75 43
75 43
75 43
75 43
75 43
48 66
48 66
48 66
48 66
48 66
48 66
48 66
48 66
48 66
48 66
36 86
36 86
36 86
36 86
36 86
36 86
36 86
36 86
36 86
36 86
52 59
52 59
52 59
52 59
52 59
52 59
52 59
52 59
52 59
52 59
60 51
60 51
60 51
60 51
60 51
60 51
60 51
60 51
60 51
60 51
34 90
34 90
34 90
34 90
34 90
34 90
34 90
34 90
34 90
34 90
81 37
81 37
81 37
81 37
81 37
81 37
81 37
81 37
81 37
81 37
38 78
38 78
38 78
38 78
38 78
38 78
38 78
38 78
38 78
38 78
42 68
42 68
42 68
42 68
42 68
42 68
42 68
42 68
42 68
42 68
61 46
61 46
61 46
61 46
61 46
61 46
61 46
61 46
61 46
61 46
89 31
89 31
89 31
89 31
89 31
89 31
89 31
89 31
89 31
89 31
35 77
35 77
35 77
35 77
35 77
35 77
35 77
35 77
35 77
35 77
46 58
46 58
46 58
46 58
46 58
46 58
46 58
46 58
46 58
46 58
64 41
64 41
64 41
64 41
64 41
64 41
64 41
64 41
64 41
64 41
81 32
81 32
81 32
81 32
81 32
81 32
81 32
81 32
81 32
81 32
38 68
38 68
38 68
38 68
38 68
38 68
38 68
38 68
38 68
38 68
48 52
48 52
48 52
48 52
48 52
48 52
48 52
48 52
48 52
48 52
50 47
50 47
50 47
50 47
50 47
50 47
50 47
50 47
50 47
50 47
30 73
30 73
30 73
30 73
30 73
30 73
30 73
30 73
30 73
30 73
27 81
27 81
27 81
27 81
27 81
27 81
27 81
27 81
27 81
27 81
66 33
66 33
66 33
66 33
66 33
66 33
66 33
66 33
66 33
66 33
75 29
75 29
75 29
75 29
75 29
75 29
75 29
75 29
75 29
75 29
48 45
48 45
48 45
48 45
48 45
48 45
48 45
48 45
48 45
48 45
51 42
51 42
51 42
51 42
51 42
51 42
51 42
51 42
51 42
51 42
72 29
72 29
72 29
72 29
72 29
72 29
72 29
72 29
72 29
72 29
30 67
30 67
30 67
30 67
30 67
30 67
30 67
30 67
30 67
30 67
47 42
47 42
47 42
47 42
47 42
47 42
47 42
47 42
47 42
47 42
33 56
33 56
33 56
33 56
33 56
33 56
33 56
33 56
33 56
33 56
35 52
35 52
35 52
35 52
35 52
35 52
35 52
35 52
35 52
35 52
60 30
60 30
60 30
60 30
60 30
60 30
60 30
60 30
60 30
60 30
38 46
38 46
38 46
38 46
38 46
38 46
38 46
38 46
38 46
38 46
54 32
54 32
54 32
54 32
54 32
54 32
54 32
54 32
54 32
54 32
41 40
41 40
41 40
41 40
41 40
41 40
41 40
41 40
41 40
41 40
31 49
31 49
31 49
31 49
31 49
31 49
31 49
31 49
31 49
31 49
58 26
58 26
58 26
58 26
58 26
58 26
58 26
58 26
58 26
58 26
62 24
62 24
62 24
62 24
62 24
62 24
62 24
62 24
62 24
62 24
31 40
31 40
31 40
31 40
31 40
31 40
31 40
31 40
31 40
31 40
26 45
26 45
26 45
26 45
26 45
26 45
26 45
26 45
26 45
26 45
16 71
16 71
16 71
16 71
16 71
16 71
16 71
16 71
16 71
16 71
73 15
73 15
73 15
73 15
73 15
73 15
73 15
73 15
73 15
73 15
37 29
37 29
37 29
37 29
37 29
37 29
37 29
37 29
37 29
37 29
76 14
76 14
76 14
76 14
76 14
76 14
76 14
76 14
76 14
76 14
13 80
13 80
13 80
13 80
13 80
13 80
13 80
13 80
13 80
13 80
37 28
37 28
37 28
37 28
37 28
37 28
37 28
37 28
37 28
37 28
17 60
17 60
17 60
17 60
17 60
17 60
17 60
17 60
17 60
17 60
37 27
37 27
37 27
37 27
37 27
37 27
37 27
37 27
37 27
37 27
11 83
11 83
11 83
11 83
11 83
11 83
11 83
11 83
11 83
11 83
87 10
87 10
87 10
87 10
87 10
87 10
87 10
87 10
87 10
87 10
61 13
61 13
61 13
61 13
61 13
61 13
61 13
61 13
61 13
61 13
52 13
52 13
52 13
52 13
52 13
52 13
52 13
52 13
52 13
52 13
11 58
11 58
11 58
11 58
11 58
11 58
11 58
11 58
11 58
11 58
18 35
18 35
18 35
18 35
18 35
18 35
18 35
18 35
18 35
18 35
15 41
15 41
15 41
15 41
15 41
15 41
15 41
15 41
15 41
15 41
78 7
78 7
78 7
78 7
78 7
78 7
78 7
78 7
78 7
78 7
77 7
77 7
77 7
77 7
77 7
77 7
77 7
77 7
77 7
77 7
81 6
81 6
81 6
81 6
81 6
81 6
81 6
81 6
81 6
81 6
10 47
10 47
10 47
10 47
10 47
10 47
10 47
10 47
10 47
10 47
6 78
6 78
6 78
6 78
6 78
6 78
6 78
6 78
6 78
6 78
58 8
58 8
58 8
58 8
58 8
58 8
58 8
58 8
58 8
58 8
51 8
51 8
51 8
51 8
51 8
51 8
51 8
51 8
51 8
51 8
43 9
43 9
43 9
43 9
43 9
43 9
43 9
43 9
43 9
43 9
27 14
27 14
27 14
27 14
27 14
27 14
27 14
27 14
27 14
27 14
10 36
10 36
10 36
10 36
10 36
10 36
10 36
10 36
10 36
10 36
13 27
13 27
13 27
13 27
13 27
13 27
13 27
13 27
13 27
13 27
7 49
7 49
7 49
7 49
7 49
7 49
7 49
7 49
7 49
7 49
10 29
10 29
10 29
10 29
10 29
10 29
10 29
10 29
10 29
10 29
32 8
32 8
32 8
32 8
32 8
32 8
32 8
32 8
32 8
32 8
13 17
13 17
13 17
13 17
13 17
13 17
13 17
13 17
13 17
13 17
14 13
14 13
14 13
14 13
14 13
14 13
14 13
14 13
14 13
14 13
6 29
6 29
6 29
6 29
6 29
6 29
6 29
6 29
6 29
6 29
9 13
9 13
9 13
9 13
9 13
9 13
9 13
9 13
9 13
9 13
6 13
6 13
6 13
6 13
6 13
6 13
6 13
6 13
6 13
6 13
