1000 40620
1000
295 296
294 294
298 288
296 285
289 291
295 285
290 288
291 285
278 297
300 275
292 282
278 296
282 291
293 278
280 290
282 287
295 272
293 272
298 267
285 279
282 281
263 300
266 296
282 278
266 294
271 288
259 299
261 294
291 263
268 284
282 268
267 281
249 299
260 286
288 258
280 265
257 287
297 248
277 265
260 282
245 299
293 250
265 275
246 296
249 291
243 297
296 243
269 267
243 295
254 279
300 236
266 266
261 269
269 260
288 242
300 232
275 253
300 231
241 287
267 259
252 274
276 250
241 286
257 268
245 281
290 237
232 296
278 247
247 277
253 270
288 237
265 257
253 269
232 293
237 286
270 250
300 225
274 246
275 245
226 298
225 299
280 240
268 250
231 289
299 223
237 281
290 229
299 222
281 236
255 260
264 251
238 278
221 299
257 257
276 239
288 229
232 284
295 223
230 286
227 289
243 269
227 287
270 241
222 293
216 299
287 225
293 220
250 257
235 273
243 264
225 285
234 274
220 291
299 214
230 278
244 262
297 215
288 221
213 298
212 299
244 259
227 278
264 239
299 210
250 251
248 253
236 265
239 261
245 254
284 219
282 220
289 214
255 242
240 257
262 235
236 259
245 249
271 224
280 216
221 273
219 275
215 280
207 290
229 262
300 199
226 264
203 293
239 248
216 274
275 215
203 291
232 254
230 256
276 213
253 232
270 217
280 208
288 202
197 295
260 223
220 263
208 278
246 235
290 199
242 237
210 273
212 270
208 275
272 210
236 242
279 204
197 288
267 212
229 247
215 263
288 196
238 237
200 282
290 194
284 198
269 209
252 223
236 238
285 197
215 261
213 263
242 231
207 270
188 297
228 244
288 193
273 203
225 246
248 223
204 271
250 221
289 191
296 186
292 188
245 224
198 277
262 209
234 234
237 231
239 229
191 286
247 221
214 255
291 187
266 204
278 195
275 197
192 282
259 209
233 232
187 289
298 181
263 205
282 190
235 228
236 227
260 206
229 233
298 179
199 268
282 189
266 200
184 289
226 235
256 207
189 280
210 252
178 297
195 271
264 200
176 300
203 260
185 285
292 180
256 205
215 244
245 214
222 236
299 175
225 232
203 257
239 218
299 174
222 234
219 237
281 184
219 236
181 285
293 176
263 196
211 244
181 284
191 269
243 211
194 264
215 238
206 248
235 217
203 251
238 214
265 192
225 226
224 227
210 242
174 292
215 236
247 205
189 267
285 177
193 261
203 248
216 233
238 211
215 233
253 198
206 243
281 178
189 264
247 202
201 248
255 195
215 231
233 213
222 223
245 202
298 166
191 258
201 245
220 223
258 190
290 169
300 163
208 235
217 225
228 214
262 186
210 232
203 240
168 289
185 262
264 183
276 175
212 227
180 267
293 164
298 161
223 215
252 190
208 230
239 200
248 192
199 239
264 180
203 234
246 193
223 212
170 278
267 177
250 189
208 227
268 176
172 273
160 293
218 215
270 173
290 161
211 221
293 159
163 285
187 248
207 224
289 160
215 215
298 155
180 256
228 202
279 165
195 236
163 282
223 206
266 172
188 243
251 182
261 175
173 264
226 202
239 191
183 249
287 158
243 186
158 286
219 206
205 220
191 235
277 162
195 230
159 282
179 250
228 196
150 297
184 242
219 203
186 239
261 170
198 224
210 211
183 242
243 182
229 193
222 199
298 148
210 210
157 280
212 207
300 146
168 260
206 212
169 258
228 191
178 244
268 162
156 278
150 289
190 228
269 161
234 185
205 211
270 160
152 284
162 266
159 271
163 264
231 186
236 182
268 160
150 285
233 183
210 203
296 144
298 143
195 218
274 155
192 221
198 214
143 296
171 247
269 157
297 142
170 248
281 150
164 257
231 182
213 197
174 241
147 285
165 253
300 139
153 272
201 207
199 209
226 184
284 146
202 205
144 287
279 148
139 297
258 160
277 149
271 152
221 186
277 148
170 241
137 299
143 286
142 288
298 137
260 157
141 289
150 271
141 288
192 211
175 230
248 162
275 146
157 255
230 174
276 145
247 162
216 185
184 217
142 281
190 210
162 246
220 181
167 238
288 138
145 274
137 290
162 245
239 166
296 134
264 150
202 196
155 255
227 174
274 144
294 134
194 203
155 254
259 152
192 205
143 275
287 137
173 227
245 160
202 194
210 186
155 252
162 241
205 190
225 173
237 164
210 185
163 238
145 267
164 236
152 254
190 203
136 283
133 289
222 173
204 188
214 179
252 152
165 232
138 277
233 164
172 222
234 163
246 155
131 291
293 130
174 218
158 240
152 249
241 157
297 127
145 260
163 231
224 168
129 291
137 273
200 187
267 140
185 202
150 249
294 127
182 205
139 268
250 149
201 185
135 275
134 277
205 181
281 132
283 131
258 143
232 159
179 206
229 161
290 127
158 233
261 141
193 190
246 149
160 229
183 200
244 150
132 277
292 125
221 165
292 124
285 127
122 296
228 158
147 245
266 135
215 167
204 176
272 132
193 186
154 233
236 152
139 258
148 242
240 149
198 180
161 221
234 152
145 245
180 197
224 158
134 264
283 125
258 137
271 130
124 284
201 175
161 218
256 137
226 155
139 252
199 176
140 250
174 201
190 184
191 183
204 171
218 160
205 170
120 290
240 145
223 156
160 217
137 253
228 152
198 175
254 136
159 217
250 138
154 224
214 161
186 185
157 219
235 146
157 218
290 118
116 295
156 219
249 137
119 286
221 154
145 234
269 126
154 220
125 271
159 213
184 184
126 268
171 197
226 149
178 189
117 287
279 120
226 148
154 217
113 295
140 238
273 122
183 182
111 300
292 114
212 157
121 275
154 216
112 297
266 125
133 250
135 246
291 114
143 231
300 110
289 114
242 136
120 274
133 247
165 199
136 241
179 183
146 224
178 183
297 109
139 232
228 141
156 206
126 255
292 110
124 259
169 190
231 139
118 272
279 115
193 166
150 213
173 184
117 272
215 148
132 241
168 189
143 222
161 197
264 120
266 119
113 280
286 110
117 268
263 119
272 115
199 157
167 187
211 148
118 263
141 220
216 143
145 213
113 273
121 254
220 139
242 126
265 115
111 273
107 283
105 288
229 132
208 145
150 201
110 274
112 269
174 173
105 286
101 296
188 159
106 282
130 229
186 160
109 273
238 125
169 176
159 187
135 219
178 166
163 181
198 149
116 254
151 195
115 256
277 106
262 112
159 184
103 284
278 105
137 213
158 184
153 190
105 276
193 150
112 258
195 148
187 154
116 248
266 108
163 176
209 137
221 129
125 228
116 245
170 167
137 206
245 115
134 209
239 117
210 133
107 261
236 118
221 126
230 121
265 105
214 130
278 100
125 222
134 207
107 259
276 100
193 143
146 189
275 100
233 118
239 115
229 120
202 136
133 206
233 117
235 116
209 130
103 263
268 101
136 199
246 110
118 229
216 125
223 121
136 198
118 228
120 224
150 179
139 193
211 127
219 122
184 145
171 156
108 247
118 226
251 106
211 126
151 176
255 104
121 218
231 114
180 146
193 136
103 254
120 218
106 246
158 165
239 109
102 255
207 125
177 146
136 190
174 148
193 133
158 162
198 129
113 226
209 122
172 148
101 252
158 161
115 221
169 150
165 153
187 135
191 132
100 252
147 171
251 100
219 114
239 104
101 246
141 176
171 145
166 149
103 240
106 233
212 116
193 127
245 100
240 102
133 184
118 207
132 185
127 192
203 120
221 110
155 156
159 152
201 120
171 141
123 196
224 107
106 226
112 213
179 133
166 143
102 232
139 170
132 179
154 153
185 127
221 106
125 187
184 127
193 121
176 132
230 101
223 104
128 181
170 136
208 111
135 171
186 124
204 112
115 198
113 201
210 108
122 184
136 165
183 122
106 210
208 107
108 206
160 139
117 190
133 167
108 205
194 114
117 189
196 112
136 161
206 106
135 161
139 155
167 129
115 187
182 118
109 195
123 172
164 129
169 125
154 137
105 200
203 103
133 157
122 170
140 148
127 163
136 152
135 153
154 134
204 101
143 144
132 155
116 176
117 174
175 116
140 145
118 172
149 135
124 162
127 158
112 179
187 107
156 127
165 120
167 118
191 103
140 140
141 139
190 103
155 126
191 102
180 108
130 149
132 146
107 180
100 192
102 188
163 117
145 131
130 145
120 157
161 117
104 181
106 177
131 142
103 180
132 140
119 155
121 152
141 130
156 117
140 130
103 176
148 122
177 102
117 154
154 116
151 118
159 112
105 169
104 170
121 146
102 171
170 102
136 127
141 122
170 101
132 130
143 120
132 128
150 111
102 163
160 103
155 105
113 144
153 106
105 154
118 137
107 151
157 102
111 144
132 118
117 133
140 111
130 118
122 125
132 115
116 130
131 115
142 106
108 139
106 141
137 109
147 101
138 107
118 125
139 105
102 143
101 144
110 132
132 108
108 128
110 124
119 112
128 103
110 118
127 102
112 114
101 124
105 119
117 105
102 117
101 111
108 103
101 108
