1000 39600
1000
300 299
299 299
292 298
292 296
300 285
300 284
282 299
286 294
281 297
289 287
293 281
280 292
280 288
282 285
288 279
265 300
286 277
287 275
274 286
299 262
266 292
273 284
258 300
267 288
263 292
273 281
298 257
260 294
267 286
275 277
283 268
299 253
274 276
259 291
277 271
257 292
296 253
257 289
290 256
260 285
261 283
277 266
293 250
269 271
272 267
252 288
240 300
290 248
275 258
237 299
263 269
239 295
275 256
259 271
247 284
295 237
240 291
242 288
235 296
234 297
261 266
284 244
238 291
266 260
291 237
263 262
278 247
292 235
239 287
251 273
283 242
229 299
246 278
275 248
233 292
262 259
275 246
253 267
248 271
235 285
254 263
279 239
255 261
298 223
294 226
245 271
250 265
276 240
224 295
262 252
238 277
280 235
281 234
295 222
257 254
273 239
256 253
257 252
284 228
297 218
218 296
300 215
238 271
261 247
297 217
264 244
296 217
288 223
214 300
264 243
220 290
269 237
250 255
236 270
227 279
266 238
226 280
245 257
238 264
278 226
299 210
278 225
221 283
243 257
208 300
278 224
283 220
279 223
276 225
254 244
276 224
288 214
234 262
289 212
274 223
250 244
251 243
241 252
228 266
245 247
213 284
239 253
213 283
204 294
276 217
233 257
220 272
207 289
203 294
261 228
237 251
287 207
258 230
285 208
242 244
245 241
267 221
282 209
286 206
251 234
227 258
259 226
232 252
285 205
252 231
280 207
244 237
274 211
230 251
261 221
194 297
263 219
264 218
248 232
252 228
255 225
197 291
252 227
287 199
213 268
277 206
254 224
196 290
192 296
234 242
293 193
277 204
230 245
221 254
214 262
216 259
229 244
190 294
282 198
237 235
300 185
298 186
228 243
242 228
203 271
190 288
224 244
284 192
233 234
223 244
269 202
273 199
225 241
263 206
282 192
188 287
296 182
191 282
229 234
197 272
222 241
266 201
297 180
203 263
287 186
230 232
237 225
200 266
216 246
287 185
214 248
227 233
236 224
218 242
206 256
251 210
195 270
265 198
247 212
276 189
298 175
264 196
206 251
236 219
287 180
209 247
173 298
177 291
240 214
212 242
270 190
211 243
277 185
186 275
199 257
241 212
183 279
187 273
232 220
237 215
193 263
251 202
174 291
224 226
249 203
168 300
248 203
252 199
274 183
300 167
236 212
208 240
182 274
169 295
258 193
167 298
251 198
217 229
186 267
168 295
213 232
234 211
246 200
204 241
253 194
227 216
227 215
222 219
249 195
169 287
250 194
170 285
168 288
226 214
168 287
186 259
266 181
183 263
194 248
184 261
258 186
179 268
188 255
244 196
181 264
194 246
214 223
247 193
189 252
238 199
161 293
176 268
172 274
231 204
223 210
185 253
179 261
201 232
263 177
257 181
173 268
198 234
274 169
202 229
230 201
154 299
219 210
199 231
297 154
197 232
285 160
220 207
164 277
272 167
291 156
213 213
216 210
182 249
185 244
204 221
186 242
260 173
193 233
198 227
245 183
211 212
158 283
183 244
231 193
160 278
285 156
219 203
150 296
230 193
176 252
264 168
215 206
270 164
177 250
237 186
152 290
204 216
286 154
254 173
261 168
272 161
213 205
259 168
223 195
203 214
181 239
216 200
221 195
252 171
225 191
292 147
180 238
179 239
143 299
168 254
180 237
154 277
209 204
192 222
240 177
232 183
224 189
143 296
149 284
164 258
159 266
201 210
181 233
270 156
300 140
180 233
159 263
240 174
253 165
228 183
231 180
169 246
162 256
190 218
207 200
210 196
153 269
195 211
213 193
172 239
300 137
178 230
191 214
171 239
300 136
167 244
219 186
164 248
223 182
187 217
194 209
168 241
160 253
275 147
231 175
187 216
196 206
224 180
290 139
237 170
194 207
240 167
284 141
151 265
238 168
242 165
179 223
140 285
287 139
264 151
153 260
209 190
155 256
232 171
211 188
153 259
133 297
158 250
136 290
147 268
141 279
264 149
276 142
261 150
206 190
182 215
283 138
273 143
298 131
256 152
185 210
144 269
289 134
220 176
293 132
145 266
228 169
135 285
183 210
191 201
172 223
231 166
239 160
260 147
272 140
134 283
128 295
288 131
182 207
292 129
168 224
132 285
143 263
155 242
128 293
240 156
288 130
154 243
140 266
129 288
125 297
138 269
263 141
148 250
210 176
124 298
243 152
175 211
222 166
150 245
191 192
233 157
209 175
242 151
126 290
141 259
192 190
177 206
246 148
214 170
180 202
295 123
228 159
199 182
222 163
160 226
276 131
280 129
204 177
132 273
178 202
120 299
125 287
170 211
163 220
199 180
231 155
250 143
229 156
186 192
210 170
180 198
159 224
149 239
164 217
243 146
218 162
194 182
243 145
230 153
144 244
122 288
231 152
258 136
209 167
300 116
254 137
227 153
179 194
263 132
177 196
214 162
281 123
221 156
219 157
169 203
254 135
158 217
197 174
149 230
116 295
139 246
122 280
229 149
203 168
196 174
120 284
181 188
140 243
178 191
118 288
246 138
122 278
213 159
235 144
200 169
119 283
151 223
271 124
247 136
172 195
277 121
199 168
283 118
271 123
238 140
143 233
216 154
142 234
294 113
147 226
117 283
245 135
118 280
192 172
183 180
221 149
187 176
127 259
251 131
146 225
192 171
237 138
242 135
212 154
115 283
126 258
133 244
134 242
167 194
261 124
294 110
237 136
180 179
214 150
113 284
212 151
160 200
262 122
136 235
225 142
149 214
110 289
170 187
163 195
125 254
246 129
182 174
268 118
145 218
108 292
111 284
235 134
206 152
129 242
164 190
158 197
234 133
263 118
298 104
122 254
111 279
168 184
136 227
112 275
117 263
240 128
173 177
211 145
278 110
196 156
261 117
140 218
290 105
210 145
137 222
116 262
243 125
276 110
264 115
112 270
151 200
196 154
220 137
215 140
170 177
105 286
143 210
229 131
204 147
114 263
206 145
171 173
135 219
149 198
250 118
152 194
213 138
167 176
226 130
113 260
231 127
217 135
120 244
147 199
261 112
153 191
127 230
200 146
121 241
275 106
209 139
163 178
107 270
280 103
272 106
118 244
254 113
140 205
108 265
205 139
187 152
140 203
111 256
144 197
156 181
252 112
174 161
235 119
105 266
107 261
230 121
224 124
162 171
124 223
175 158
260 106
255 108
119 231
216 127
254 108
179 153
114 240
224 122
114 239
103 264
123 221
181 150
120 225
134 201
238 113
222 121
132 203
117 229
141 190
113 237
121 221
259 103
149 179
148 180
137 194
258 103
112 237
102 260
104 255
114 232
213 124
138 191
231 114
201 131
204 129
104 253
137 191
130 201
122 214
112 233
158 165
113 230
122 213
109 238
259 100
177 146
241 107
164 157
123 209
104 247
240 107
110 233
139 184
131 195
138 185
115 221
183 138
141 179
120 210
143 176
177 142
213 118
125 201
165 152
135 185
203 123
104 240
153 163
103 241
146 170
105 236
103 240
116 213
211 117
187 132
241 102
159 154
189 129
105 232
183 133
208 117
157 155
139 175
202 120
121 200
180 134
201 120
146 165
227 106
122 197
143 168
240 100
162 148
124 193
115 208
111 215
107 223
169 141
161 148
104 229
220 108
176 135
113 210
232 102
221 107
167 141
149 158
109 215
149 157
125 187
123 189
149 156
202 115
161 144
127 182
104 222
135 171
134 171
158 145
199 115
119 192
124 184
157 145
175 130
187 121
159 142
140 161
163 138
105 214
141 159
149 150
117 190
144 154
191 116
180 123
110 201
149 148
147 150
168 131
183 120
116 189
126 174
202 108
108 201
157 138
121 179
107 202
151 143
174 124
125 172
182 118
197 109
165 130
102 210
109 196
103 207
182 117
118 180
158 134
144 147
183 115
105 200
130 161
126 165
196 106
179 116
122 170
104 199
103 198
160 127
144 141
172 118
103 197
112 181
105 193
119 170
109 185
146 138
195 103
154 129
182 109
180 110
142 139
163 120
154 127
115 169
145 134
132 147
131 148
108 179
136 142
101 191
158 122
180 107
102 187
149 128
178 107
170 112
122 156
143 133
125 152
104 181
167 112
146 128
134 139
126 147
118 156
157 116
104 174
129 140
144 124
169 105
122 145
139 127
105 168
123 143
174 101
132 132
118 147
110 157
106 162
115 149
106 161
106 158
161 104
145 115
154 108
104 159
130 127
144 114
106 154
111 146
157 103
117 138
130 124
135 119
157 102
123 130
148 108
139 114
119 132
157 100
144 109
143 109
118 132
111 140
146 106
119 130
102 151
124 124
105 146
127 120
138 110
114 133
106 143
125 121
132 114
115 130
112 133
141 105
132 112
119 123
118 124
105 138
100 144
129 111
139 103
105 136
118 120
140 100
112 122
135 101
100 136
102 133
127 106
128 105
129 104
124 108
129 100
111 115
112 112
117 106
119 103
108 111
119 100
104 112
107 102
104 101
100 100
