1000 39510
1000
293 298
290 300
300 284
295 288
296 286
281 300
298 282
299 280
293 285
284 294
287 289
288 287
280 295
281 292
284 287
290 281
289 280
270 299
285 280
300 265
275 287
286 274
265 295
283 276
280 278
286 271
266 291
258 300
280 276
283 273
294 262
288 267
293 262
255 300
266 287
281 271
295 258
272 279
269 282
282 268
259 290
252 298
256 293
261 286
267 278
286 259
276 268
275 266
289 253
255 286
294 248
274 266
252 289
277 262
291 249
299 241
279 258
243 296
283 253
239 299
238 298
242 292
236 299
290 243
295 237
294 237
268 259
238 290
285 241
297 230
290 235
253 269
265 256
271 249
298 226
278 242
270 249
253 265
284 235
249 268
286 233
287 231
261 254
280 236
251 262
263 250
270 243
262 250
291 225
283 231
293 223
229 285
247 264
240 271
280 232
240 270
257 252
251 257
237 272
245 263
269 239
226 282
219 290
286 222
276 230
276 229
217 288
243 257
213 293
270 231
211 295
223 278
227 273
270 229
294 210
214 288
299 206
235 262
235 261
247 247
203 300
219 278
241 252
207 292
218 276
286 209
264 226
256 233
234 254
215 276
241 246
236 251
265 223
233 253
296 199
299 197
267 220
234 251
293 200
206 284
234 250
203 288
210 278
251 232
282 206
205 283
271 214
217 267
268 216
255 227
258 224
229 252
212 272
226 255
238 242
210 274
245 234
233 246
201 285
270 212
230 248
270 211
267 213
245 232
197 288
253 224
220 257
249 227
274 206
190 296
195 288
297 189
279 201
217 258
205 273
248 225
273 204
214 259
281 197
249 222
196 282
283 195
221 249
213 258
194 283
244 225
287 191
229 239
206 265
187 291
258 210
268 202
216 249
204 263
212 253
221 242
226 236
260 205
288 185
201 265
291 183
283 188
200 266
182 292
213 249
206 257
187 283
205 258
254 208
248 213
277 190
247 213
289 182
212 248
242 216
278 188
236 221
238 219
263 198
214 243
194 268
275 189
184 282
247 210
239 217
201 258
298 174
288 180
278 186
246 210
180 286
256 201
217 237
265 194
177 290
263 195
274 187
288 177
185 275
224 227
254 200
273 186
199 255
253 200
235 215
172 293
291 173
192 262
206 244
182 276
231 217
206 243
205 244
273 183
229 218
231 216
181 275
281 177
259 192
217 229
264 188
170 291
251 197
177 279
169 292
165 299
220 224
200 246
208 236
244 201
211 232
284 172
257 190
217 225
229 213
198 246
172 283
173 281
162 300
276 176
168 289
262 185
227 213
179 269
173 278
235 204
209 229
160 299
161 297
192 249
195 245
219 218
248 192
238 200
190 250
258 184
186 255
168 282
251 188
205 230
291 162
298 158
171 275
169 277
166 282
280 167
203 230
186 251
162 288
218 214
239 195
269 173
250 186
155 299
203 228
250 185
272 170
195 237
220 210
208 222
164 281
229 201
228 201
212 215
189 241
157 290
206 221
281 162
266 171
175 259
263 172
257 176
183 247
258 175
171 264
201 224
185 243
266 169
209 215
255 176
211 212
252 177
167 267
152 293
184 242
228 195
240 185
151 294
181 245
262 169
202 219
268 165
274 161
279 158
182 242
253 174
284 155
297 148
222 198
169 260
196 224
213 206
155 283
218 201
188 231
225 193
177 245
198 219
150 289
239 181
260 166
228 189
144 299
256 168
190 226
183 233
255 167
236 180
150 283
168 252
151 280
156 271
226 187
159 265
230 183
218 193
167 251
141 297
267 156
181 230
143 291
146 285
195 213
142 292
149 278
208 199
267 155
241 171
203 203
179 230
205 200
275 149
238 172
246 166
216 189
200 204
207 197
139 293
185 220
240 169
225 180
214 189
183 221
138 293
196 206
252 160
219 184
241 167
141 285
148 271
146 274
253 158
185 216
133 300
291 137
212 188
237 168
172 231
272 146
136 292
177 224
187 212
176 225
218 181
197 200
162 243
138 285
136 289
300 131
165 238
155 253
297 132
160 245
288 136
251 156
134 292
240 163
216 181
262 149
174 224
220 177
180 216
162 240
134 290
257 151
157 247
141 275
155 250
232 167
174 222
189 204
150 257
300 128
204 188
142 270
175 219
184 208
171 223
177 215
164 232
149 255
139 271
140 269
134 281
251 150
220 171
164 229
172 218
297 126
157 238
141 265
241 155
134 278
127 293
145 256
217 171
229 162
150 247
294 126
184 201
183 202
280 132
231 160
262 141
194 190
140 263
236 156
223 165
130 283
266 138
124 296
197 186
128 286
136 268
161 226
286 127
254 143
121 300
195 186
259 140
129 281
154 235
138 262
177 204
190 190
159 227
183 197
135 267
259 139
196 183
234 153
126 284
134 267
191 187
236 151
179 199
278 128
131 271
157 226
293 121
118 300
236 150
192 184
299 118
140 252
263 134
130 269
156 224
161 217
231 151
210 166
204 170
175 198
164 211
116 298
155 223
269 128
216 159
202 170
286 120
164 209
182 188
123 278
143 239
136 251
148 230
296 115
171 199
135 252
225 151
222 153
147 231
208 163
269 126
171 198
200 169
122 277
132 256
299 113
268 126
215 157
250 135
150 225
240 140
297 113
147 228
216 155
176 190
128 261
276 121
137 243
292 114
176 189
266 125
279 119
227 146
175 189
271 122
128 258
215 153
111 296
238 138
113 290
178 184
146 224
208 157
222 147
129 252
246 132
237 137
129 251
294 110
143 226
238 135
192 167
147 218
224 143
112 286
186 172
132 242
117 273
109 293
143 223
198 161
165 193
148 215
241 132
171 186
188 169
222 143
149 213
139 228
233 136
165 192
152 208
215 147
270 117
241 131
250 126
164 192
297 106
158 199
236 133
293 107
110 285
175 179
163 192
111 281
131 238
218 143
264 118
107 291
257 121
241 129
163 190
151 205
135 229
281 110
141 219
125 247
119 259
173 178
180 171
155 198
117 262
133 230
119 257
261 117
116 262
103 295
201 151
226 134
188 161
170 178
277 109
156 193
284 106
210 143
147 204
114 263
127 236
129 232
198 151
249 120
226 132
121 246
178 167
100 297
163 182
288 103
239 124
262 113
174 170
147 201
111 266
236 125
194 152
183 161
243 121
126 233
218 134
111 263
116 251
154 189
285 102
199 146
113 257
191 152
243 119
232 124
108 266
107 268
159 180
112 255
124 230
159 179
138 206
278 102
117 242
198 143
114 248
157 180
102 277
179 157
100 281
188 149
186 150
265 105
184 151
189 147
106 262
138 201
155 178
109 253
204 135
111 248
172 160
250 110
118 233
118 232
263 104
159 172
155 176
235 116
109 250
178 153
134 203
111 245
118 230
175 155
260 104
103 262
111 243
149 180
118 227
209 128
133 201
132 202
180 148
187 142
134 198
137 193
190 139
249 106
209 126
123 214
207 127
120 219
113 232
197 133
200 131
218 120
172 152
122 214
253 103
147 177
153 170
203 128
106 245
192 135
251 103
150 172
248 104
114 226
156 165
134 192
207 124
141 182
248 103
113 226
218 117
100 255
190 134
100 254
109 232
196 129
119 212
120 210
195 129
249 101
114 220
241 104
134 187
207 121
148 169
221 113
160 156
173 143
103 240
136 181
185 133
241 102
101 243
245 100
159 154
144 170
211 116
139 176
131 186
217 112
115 211
172 141
125 194
209 116
105 230
104 232
101 238
195 123
111 216
196 122
154 155
157 152
150 159
160 149
230 103
216 109
104 226
121 194
232 101
166 141
138 169
115 202
182 127
107 216
218 106
119 194
122 189
176 131
221 104
156 147
101 227
110 208
197 116
192 119
217 105
202 112
193 117
176 128
183 123
100 225
193 116
173 129
181 122
138 160
123 179
117 188
180 122
148 148
136 161
182 120
186 117
209 104
135 161
122 178
158 137
147 147
201 107
192 112
207 103
205 104
159 134
197 108
136 156
129 164
177 119
102 205
105 199
133 157
122 170
139 149
100 207
187 110
199 103
183 112
110 186
200 102
185 110
156 130
126 159
122 164
137 146
124 161
113 176
191 104
134 147
126 156
157 125
121 162
183 107
179 108
167 115
107 179
123 155
133 143
160 118
152 124
118 159
167 112
106 176
111 168
107 174
155 120
108 172
116 160
122 152
162 114
104 177
137 134
150 122
155 118
174 105
163 112
124 147
100 182
161 113
113 160
111 161
102 175
118 150
145 122
133 133
126 139
159 110
149 117
125 139
168 103
121 143
129 134
108 160
115 150
160 107
101 169
150 113
102 166
107 158
155 109
110 153
132 127
126 133
100 167
107 156
123 135
165 100
107 154
100 164
127 129
149 108
153 105
150 107
104 154
110 145
106 149
142 111
140 112
153 102
148 105
150 103
104 148
114 135
113 136
150 102
149 102
119 127
136 111
110 137
112 134
122 120
125 116
129 112
106 133
128 109
129 108
108 125
113 118
122 109
110 118
107 120
111 115
119 106
105 119
114 109
115 107
104 117
107 113
104 115
104 112
100 116
103 111
106 102
102 105
