1000 40100
1000
298 298
295 297
287 300
296 289
294 289
290 290
287 291
282 296
287 288
284 290
280 284
297 267
299 264
270 291
283 276
292 267
279 276
284 271
277 276
299 255
292 261
274 278
284 268
272 277
292 256
258 289
269 277
251 294
278 265
259 284
295 249
275 267
292 251
277 264
256 282
250 288
256 281
282 255
254 283
261 275
258 278
266 269
292 244
260 274
257 277
237 300
249 285
243 292
257 276
279 254
288 246
283 250
258 274
249 283
286 246
266 264
273 257
241 291
291 240
297 235
247 281
257 270
234 296
250 277
298 231
283 243
283 242
264 259
231 295
285 239
238 286
295 230
261 259
255 265
254 266
242 279
231 292
226 298
254 265
279 241
292 230
234 286
296 226
259 258
235 284
270 247
233 286
269 246
294 225
225 293
243 271
220 299
266 247
232 283
244 269
227 289
294 223
239 274
237 275
287 226
231 280
287 225
255 253
230 280
283 227
262 245
234 274
218 294
232 276
299 214
289 221
268 237
251 253
254 250
249 255
217 291
263 240
267 235
254 247
223 281
276 227
278 224
237 262
235 264
248 249
217 284
262 235
263 234
300 205
218 282
225 273
216 284
210 292
215 285
243 252
231 265
276 221
256 238
238 255
254 238
242 249
207 291
259 232
239 251
298 201
226 265
245 244
298 200
290 205
221 269
236 251
296 200
202 293
235 251
269 219
287 205
260 226
250 235
268 219
218 269
210 279
209 280
272 215
285 205
196 298
270 216
209 279
260 224
229 253
227 255
243 238
278 208
249 232
223 259
271 213
238 242
209 275
296 194
261 220
233 246
199 288
248 231
216 265
254 225
209 273
202 282
210 271
196 290
222 256
281 202
270 210
201 282
223 254
202 280
213 265
233 242
229 246
277 203
209 269
188 299
212 265
275 204
238 235
263 212
274 203
205 271
275 202
228 243
284 195
190 289
247 222
241 227
225 243
189 289
212 257
196 277
250 217
228 237
223 242
252 213
258 208
179 299
223 240
196 273
222 241
295 181
255 209
230 231
221 240
255 208
202 262
195 270
279 188
176 297
287 182
176 296
280 185
228 227
215 240
242 213
267 193
268 192
199 257
247 207
262 195
229 222
300 169
298 170
232 218
292 173
179 282
214 235
217 231
257 195
171 293
176 284
172 290
236 211
183 272
256 194
221 224
202 245
286 173
248 199
285 173
201 245
256 192
191 257
292 168
244 201
290 169
262 187
184 266
234 209
263 185
286 170
264 184
258 188
200 242
275 176
168 288
193 250
251 192
217 222
298 161
224 214
248 193
230 208
273 175
188 254
165 289
177 269
170 280
260 183
283 168
182 261
183 259
278 170
209 226
239 197
185 254
166 283
231 203
277 169
159 294
290 161
237 197
169 276
208 224
241 193
169 275
214 217
247 188
207 224
155 299
256 181
235 197
229 202
196 236
175 264
288 160
270 170
156 294
194 236
287 159
242 188
203 224
184 247
297 153
277 164
209 217
279 162
199 227
239 189
299 151
171 264
244 185
246 183
179 251
172 261
222 202
262 171
160 280
272 164
231 193
179 249
207 215
273 163
181 245
265 167
247 179
199 222
163 271
198 223
216 204
277 159
220 200
192 229
241 182
275 159
207 211
251 174
169 258
234 186
147 296
164 265
181 240
201 216
271 160
258 168
239 181
173 250
159 272
265 163
157 275
258 167
169 254
146 294
296 145
199 215
148 289
235 182
292 146
153 278
146 291
272 156
152 279
145 292
183 231
205 206
252 167
246 171
251 167
230 182
275 152
243 172
185 225
281 148
226 184
149 279
171 243
157 264
251 165
231 179
289 143
158 261
271 152
175 235
203 202
170 241
164 249
289 141
273 149
221 184
205 198
164 247
300 135
254 159
223 181
146 276
136 296
199 202
193 208
270 148
267 149
234 170
195 204
284 140
142 280
248 160
171 232
268 148
181 219
149 266
210 188
223 177
163 242
145 272
159 248
134 294
147 268
193 204
152 259
199 197
202 194
243 161
154 254
180 217
151 258
226 172
171 227
174 223
296 131
283 137
142 273
185 209
139 278
189 204
188 205
169 228
167 230
185 207
173 221
199 192
133 287
256 149
171 223
151 252
264 144
229 166
175 217
194 195
209 181
250 151
127 297
258 146
165 228
238 158
242 155
131 286
196 191
145 258
271 138
164 228
259 144
175 213
154 242
196 190
155 239
264 140
240 154
225 164
155 238
285 129
231 159
266 138
173 212
126 291
235 156
196 187
172 213
176 208
155 236
275 133
180 203
129 283
257 142
194 188
135 270
253 144
238 153
227 160
277 131
212 171
283 128
158 229
137 264
246 147
130 278
282 128
254 142
273 132
120 300
142 253
254 141
155 231
240 149
166 215
251 142
201 177
282 126
214 166
265 134
263 135
243 146
139 255
290 122
217 163
142 249
189 187
190 186
285 124
276 128
139 254
122 289
271 130
284 124
275 128
138 255
187 188
202 174
130 269
135 259
181 193
146 239
205 170
147 237
258 135
226 154
185 188
224 155
159 218
150 231
175 198
266 130
151 229
126 274
162 213
198 174
135 255
144 239
136 253
237 145
216 159
260 132
123 279
243 141
290 118
123 278
159 215
176 194
203 168
275 124
120 284
217 157
148 230
115 296
187 182
205 166
188 181
141 241
208 163
186 182
113 299
216 156
171 197
128 263
158 213
154 218
198 169
141 237
269 124
130 256
189 176
237 140
115 288
133 249
209 158
165 200
134 246
182 181
202 163
153 215
127 259
126 261
111 296
161 204
209 157
183 179
187 175
282 116
158 207
118 277
139 235
247 132
159 205
236 138
201 162
174 187
280 116
179 181
284 114
238 136
263 123
237 136
131 246
205 157
233 138
249 129
231 139
164 195
179 178
115 277
218 146
244 130
291 109
264 120
266 119
171 185
253 125
167 189
166 190
140 225
186 169
238 132
151 208
168 186
143 218
291 107
183 170
169 184
268 116
149 208
258 120
194 159
103 299
250 123
145 212
203 151
255 120
273 112
182 168
201 151
106 286
221 137
194 156
122 248
112 270
238 127
176 171
264 114
102 295
110 273
283 106
119 252
155 193
100 299
101 296
137 218
111 269
100 298
281 106
161 185
227 131
189 157
130 228
143 207
127 233
176 168
150 197
263 112
105 280
197 149
152 193
148 198
259 113
234 125
245 119
226 129
265 110
111 262
195 149
180 161
147 197
128 226
112 258
249 116
271 106
208 138
164 175
108 265
127 225
274 104
160 178
142 200
130 218
122 232
103 274
136 207
158 178
148 190
166 169
262 107
206 136
106 264
241 116
254 110
113 247
166 168
106 263
102 273
142 196
142 195
118 234
103 268
240 115
224 123
246 112
173 159
191 144
257 107
155 177
149 184
157 174
220 124
118 231
153 178
113 241
136 200
147 185
173 157
249 109
207 131
165 164
169 160
116 233
227 119
138 195
166 162
129 208
185 145
250 107
125 214
133 201
159 168
156 171
143 186
229 116
191 139
260 102
146 181
127 208
160 165
136 193
222 118
203 129
256 102
229 114
168 155
220 118
160 162
185 140
196 132
193 134
202 128
109 237
246 105
215 120
112 230
176 146
158 162
113 226
211 121
110 232
112 227
154 165
122 208
151 168
107 237
101 251
226 112
230 110
220 115
101 250
137 184
101 249
182 138
137 183
120 208
160 156
161 155
247 101
235 106
162 153
229 108
123 201
129 191
188 131
136 181
212 116
127 193
139 176
171 143
241 101
175 139
109 223
125 194
173 140
228 106
236 102
213 113
109 220
126 190
114 209
145 164
218 109
235 101
105 226
126 188
175 134
107 219
165 142
198 118
173 135
106 220
222 105
125 186
144 161
117 198
192 120
107 215
100 229
220 104
173 132
226 101
122 187
120 190
108 210
213 106
205 110
112 201
222 101
166 135
188 119
211 106
134 166
122 182
143 155
195 113
130 169
108 203
131 167
107 204
170 128
192 113
159 136
214 101
194 111
104 207
168 128
102 210
120 178
194 110
123 173
113 188
144 146
170 123
103 203
188 111
133 156
170 122
126 164
116 178
155 133
162 127
110 187
167 123
190 108
141 144
101 201
181 112
129 157
150 135
107 189
178 113
152 132
123 163
200 100
175 114
139 142
137 144
155 127
132 149
165 119
165 118
189 103
152 128
162 120
117 166
131 148
141 137
102 189
114 169
181 106
132 143
104 181
166 113
104 180
145 129
183 102
104 179
166 112
103 180
105 176
108 170
171 107
130 138
133 134
151 118
105 169
177 100
137 129
126 140
125 141
138 127
151 116
100 175
104 168
103 169
113 151
122 139
146 115
103 163
157 106
123 135
128 129
113 145
127 128
142 114
152 106
102 157
110 144
107 146
134 114
103 148
115 132
102 148
139 108
119 126
137 109
110 135
111 133
120 123
119 122
117 124
118 122
102 141
107 134
113 123
107 125
130 101
120 106
107 118
105 120
112 111
106 117
113 108
116 105
118 101
104 103
