1000 39630
1000
370 356
359 366
369 354
374 348
332 375
361 341
362 340
325 373
326 369
348 345
362 324
352 331
323 360
326 356
335 344
320 360
344 333
302 373
324 341
334 330
300 366
290 375
310 350
308 351
320 337
351 305
348 307
302 351
326 324
285 369
374 280
373 280
345 301
345 300
322 319
289 355
278 368
295 345
314 323
274 369
282 358
273 368
278 361
353 284
273 367
299 335
267 374
279 357
275 362
361 275
299 332
304 326
299 331
290 339
327 300
351 279
356 273
293 331
277 350
324 299
317 305
352 274
365 262
257 372
356 268
289 329
264 360
323 293
310 305
299 316
355 266
359 263
330 286
276 341
346 272
285 330
256 366
326 286
368 253
315 294
330 279
346 266
371 248
269 342
248 370
251 364
306 298
344 265
302 301
245 366
342 262
335 265
363 244
269 329
318 278
261 334
315 276
298 290
234 368
244 350
356 239
309 274
262 323
251 337
227 368
349 239
229 364
257 323
357 231
231 356
307 266
314 258
348 232
237 339
283 283
241 331
360 221
244 326
258 308
240 331
220 361
222 357
214 370
244 324
265 298
296 266
234 336
251 313
229 342
241 324
235 331
329 236
282 275
346 224
370 209
346 223
204 375
364 210
290 263
327 233
225 338
250 304
237 320
229 331
319 237
226 334
299 252
295 254
223 334
330 225
222 334
232 319
212 349
279 263
304 241
352 208
228 320
249 293
291 250
239 304
298 243
239 301
203 354
249 288
290 247
210 340
326 219
243 293
357 198
335 211
190 372
351 201
256 274
297 235
196 356
228 306
326 214
233 298
228 304
289 239
215 321
195 353
215 320
318 216
236 291
190 361
282 243
237 289
223 307
226 302
188 362
248 274
307 221
198 341
187 360
220 305
205 327
284 236
237 282
205 326
369 181
179 373
188 354
225 295
272 243
251 263
233 283
215 305
203 322
312 209
369 176
185 350
246 263
340 190
247 261
228 282
249 258
274 234
231 277
222 288
285 224
200 318
237 268
255 248
345 181
356 175
182 342
369 168
213 290
347 178
247 250
359 172
296 208
276 223
266 231
257 239
211 290
345 177
168 362
201 302
289 210
163 372
166 365
187 324
338 179
292 207
340 177
169 356
167 359
270 222
340 176
267 224
179 334
329 180
354 167
197 300
286 206
361 163
213 276
353 166
208 281
358 163
260 224
197 295
265 219
223 259
174 330
363 158
292 196
246 232
210 271
168 338
253 224
182 310
246 229
238 236
190 294
365 153
191 292
350 159
190 292
330 168
281 197
296 187
190 291
158 349
336 164
253 216
177 306
163 332
148 364
259 208
317 169
246 217
260 205
371 143
188 282
373 142
165 321
375 141
157 336
353 149
209 251
170 308
240 218
250 209
219 238
262 198
236 219
313 164
273 188
300 171
368 139
364 140
215 237
345 147
251 202
327 155
193 262
174 290
205 245
303 165
340 147
179 277
185 268
337 147
222 223
172 285
352 139
158 309
321 152
290 168
139 350
243 200
138 352
139 349
173 280
351 138
138 350
187 257
312 154
185 259
198 241
166 285
345 137
151 310
145 322
219 212
133 348
211 219
207 223
150 306
312 147
215 213
246 186
128 357
145 315
144 316
210 216
177 256
282 160
287 157
349 129
269 167
142 315
195 229
166 268
302 147
274 162
217 204
371 118
171 256
122 358
284 153
115 375
208 207
276 156
122 352
320 134
206 208
216 198
139 307
277 154
286 149
133 320
185 230
364 116
256 164
325 129
297 141
265 158
292 143
274 152
141 295
303 137
153 271
225 184
234 176
173 238
172 239
246 167
178 230
253 161
318 128
114 357
166 245
271 149
196 206
223 181
256 157
266 151
180 223
295 136
119 337
179 224
259 154
134 297
206 193
137 289
128 308
184 214
244 161
249 157
277 140
167 232
156 248
110 351
150 257
113 341
106 363
285 135
190 202
141 272
122 313
166 230
268 142
112 337
183 206
124 303
218 172
108 347
189 198
202 185
324 115
168 221
199 186
205 180
236 156
168 219
364 101
105 350
245 150
260 141
339 108
372 98
316 115
191 190
181 200
172 210
213 169
367 98
226 159
231 155
234 153
230 155
125 285
110 323
269 132
266 133
135 262
336 105
282 125
263 134
227 155
213 164
157 222
257 135
315 110
219 158
194 178
285 121
147 234
251 137
117 293
246 139
356 96
242 141
156 218
159 213
351 96
182 185
132 254
107 313
325 103
119 279
214 154
92 357
252 130
189 173
152 215
192 170
145 225
210 155
262 124
216 150
164 197
241 134
211 153
350 92
92 349
221 144
185 172
360 88
249 125
146 213
238 130
92 336
266 116
136 226
197 156
112 274
176 174
112 273
240 127
97 313
154 197
98 309
154 196
293 103
237 127
174 172
96 309
262 113
168 176
96 307
207 142
192 153
367 80
84 349
147 197
91 318
139 208
291 99
84 341
111 258
218 131
150 189
235 120
256 110
99 282
171 163
99 281
79 352
209 132
76 362
288 95
193 141
107 253
211 128
225 120
233 115
225 119
171 156
238 111
251 105
370 71
73 359
239 109
132 197
234 111
118 220
78 332
135 191
285 90
266 96
106 240
265 96
96 261
256 97
269 92
160 154
206 118
217 112
172 141
266 91
175 138
112 215
90 267
155 155
368 65
340 70
188 126
295 80
64 368
149 158
146 161
139 169
78 301
311 75
68 341
193 120
210 110
299 77
66 347
105 218
154 148
153 148
95 238
114 198
176 127
124 180
206 108
66 337
65 341
359 61
60 364
92 237
131 165
135 160
71 303
69 311
59 362
86 248
107 199
188 113
106 200
66 320
267 79
106 198
80 262
162 129
75 277
60 345
295 70
194 106
289 71
79 259
64 319
240 85
125 163
133 152
60 336
145 139
329 61
356 56
240 82
160 123
171 115
93 210
262 74
102 190
94 206
351 55
268 72
53 363
102 188
54 353
216 88
100 190
78 243
88 215
96 197
288 65
256 73
107 174
108 172
268 69
198 93
153 120
102 180
81 225
57 318
127 142
95 189
51 352
208 86
112 158
134 132
129 136
151 116
126 139
53 330
109 160
111 157
144 121
309 56
266 65
174 99
49 351
67 255
93 182
256 66
138 122
65 259
135 124
181 92
53 314
224 74
375 44
57 288
67 245
315 52
107 153
146 112
194 84
66 246
225 72
62 261
99 163
124 130
227 71
54 297
184 87
89 179
76 209
243 65
303 52
225 70
65 242
93 169
50 314
49 320
71 220
219 71
323 48
71 218
49 314
240 64
341 45
50 306
278 55
62 246
97 157
80 190
152 100
271 56
67 226
45 336
100 151
50 301
288 52
84 177
101 147
62 237
59 249
262 56
188 78
291 50
257 56
76 189
151 95
44 326
49 291
86 165
71 198
298 47
38 367
162 86
273 51
49 284
74 188
107 130
103 135
124 112
40 347
37 374
216 64
51 271
238 58
286 48
183 75
272 50
65 209
133 102
54 251
338 40
214 63
88 153
166 81
55 244
46 291
63 212
40 333
145 91
223 59
180 73
65 202
139 94
265 49
59 219
112 114
72 177
67 189
115 110
111 112
89 139
127 97
33 369
39 310
318 38
123 98
53 227
63 190
59 202
87 136
58 203
140 83
48 242
215 54
61 190
35 329
125 92
169 68
287 40
159 72
357 32
44 259
171 66
245 46
184 61
32 348
107 104
247 45
183 60
76 143
65 167
252 43
68 159
37 292
30 360
36 299
275 39
33 324
218 49
344 31
39 272
50 210
34 307
241 43
119 87
147 70
256 40
89 115
63 162
113 90
85 119
87 116
28 359
43 232
42 236
116 85
201 49
36 273
140 70
72 135
359 27
36 268
32 301
126 76
55 174
96 99
63 149
113 83
27 338
169 54
49 186
115 79
324 28
108 84
311 29
334 27
26 345
48 186
49 182
99 90
127 70
126 70
90 98
226 39
48 183
41 212
101 86
149 58
44 192
38 218
145 57
128 64
91 90
303 27
170 48
49 166
300 27
105 77
168 48
237 34
76 106
33 244
171 47
36 223
318 25
274 29
95 83
89 88
50 155
138 56
84 90
111 68
103 73
61 121
27 273
34 216
52 140
29 250
94 76
54 131
196 36
91 77
159 44
92 76
139 50
112 62
29 236
90 76
120 57
71 96
62 109
31 217
96 69
32 207
26 253
219 30
126 52
167 39
70 92
77 83
76 84
130 49
254 25
51 123
59 106
117 52
44 138
59 102
94 64
97 62
60 100
39 151
41 142
34 171
178 32
42 133
221 25
45 122
32 168
145 37
32 167
46 114
107 49
151 34
87 58
27 186
77 65
74 67
135 36
163 29
83 56
30 152
44 102
143 30
52 79
150 27
61 64
121 31
83 45
98 38
144 25
78 45
60 55
62 53
101 32
29 108
50 58
59 49
27 101
93 27
97 25
48 49
44 52
45 50
70 30
26 77
71 27
33 56
40 43
42 39
41 29
26 45
31 35
28 37
27 29
