1000 40735
1000
371 374
367 373
370 360
353 373
358 367
360 361
362 350
372 340
334 374
372 332
345 357
346 353
373 325
352 344
353 343
366 326
355 333
326 361
362 324
315 370
352 331
352 330
311 372
312 368
328 349
374 304
346 328
364 306
314 354
349 318
326 338
352 313
293 374
305 358
371 294
317 344
297 367
334 326
320 340
323 335
336 321
355 300
305 348
288 366
281 375
289 363
341 307
286 366
279 375
368 284
354 295
319 324
362 284
326 312
329 309
374 270
290 347
348 289
321 312
269 372
330 300
272 361
363 270
271 361
301 324
279 349
373 259
268 359
330 291
259 369
327 292
309 308
327 289
321 291
325 287
295 315
373 249
253 367
278 332
300 307
366 251
270 340
295 311
305 299
313 291
265 342
272 332
239 375
346 258
243 365
241 368
360 246
274 323
241 367
321 275
253 348
284 309
282 311
366 239
310 282
340 257
244 358
330 264
290 300
240 361
305 283
278 310
321 268
233 368
305 280
331 258
285 299
338 252
226 375
314 269
260 324
369 227
318 261
221 375
312 265
320 258
253 326
251 328
332 246
296 275
346 235
308 262
287 280
357 225
284 282
284 280
253 314
229 346
291 272
346 228
350 225
277 283
262 299
244 319
231 335
213 362
214 360
250 308
332 231
215 356
338 226
263 290
291 262
249 306
208 363
324 233
249 303
265 284
228 330
255 294
312 240
322 232
289 258
237 314
252 295
338 219
215 343
258 285
229 321
328 224
256 287
277 265
338 217
196 371
368 197
213 340
348 208
250 289
225 321
196 367
291 247
271 265
346 207
268 266
266 266
240 294
276 255
263 267
318 220
187 374
299 233
203 343
204 341
214 325
302 230
320 217
219 315
237 290
286 240
192 357
271 251
215 316
343 197
198 341
348 193
289 231
267 250
311 214
241 276
202 329
342 194
191 347
308 215
356 185
258 255
192 340
368 177
277 235
255 255
257 253
279 233
220 295
196 331
233 278
213 304
275 235
315 205
286 225
282 226
196 324
214 296
232 272
277 227
211 298
200 314
185 339
173 361
347 179
190 326
257 241
192 320
281 218
254 241
248 246
214 284
337 180
201 301
362 167
373 162
218 277
335 180
254 237
293 205
237 253
280 213
359 166
248 240
202 294
322 184
270 219
158 373
303 193
232 252
254 230
181 322
178 327
181 321
162 358
172 337
299 193
219 263
302 190
195 294
374 153
314 182
360 158
218 260
213 266
238 238
293 193
264 214
239 236
267 211
265 212
202 278
194 289
339 165
200 279
316 176
372 149
212 261
277 199
168 328
186 296
346 159
178 309
198 275
161 337
273 197
160 336
182 295
362 148
256 209
193 277
281 190
216 247
353 151
157 337
157 336
188 280
312 168
208 252
146 359
155 338
291 180
263 199
197 265
224 233
157 332
319 163
226 230
189 275
181 287
195 266
313 165
201 255
279 183
159 321
284 179
137 371
341 149
295 171
175 288
298 169
296 170
327 153
222 225
187 267
288 173
137 362
292 169
186 265
175 281
292 168
306 160
326 149
195 249
130 371
141 341
188 255
208 230
187 255
129 368
284 167
175 268
147 319
266 176
267 175
281 166
169 276
358 130
337 138
148 314
174 267
137 339
320 145
128 362
231 200
245 188
218 211
146 315
242 190
333 138
194 236
299 153
199 229
239 190
363 125
202 224
135 333
185 243
144 312
152 295
171 262
193 230
212 209
134 329
338 130
372 118
138 318
214 205
356 123
192 227
124 351
267 163
165 263
117 370
280 154
118 364
292 147
156 275
136 315
122 351
196 218
119 359
167 255
146 291
236 180
161 263
127 333
373 112
222 188
168 248
192 216
125 331
366 113
304 136
258 160
150 275
146 282
269 153
275 149
254 161
340 119
199 202
251 160
276 145
186 215
251 159
192 207
142 279
162 244
133 297
253 156
312 126
351 112
216 182
317 124
135 291
116 338
313 125
121 323
336 116
157 248
169 230
108 357
138 278
160 239
158 242
324 118
228 167
190 200
368 103
107 353
137 274
237 158
137 272
345 108
118 314
190 195
256 144
136 271
214 172
262 140
103 354
249 146
149 243
222 163
274 132
123 293
332 108
209 171
308 115
147 240
267 132
314 112
256 137
321 109
93 375
137 254
201 173
114 305
297 117
225 154
192 180
370 93
219 157
337 102
202 170
101 340
183 187
333 102
174 195
151 224
233 145
243 139
166 203
267 126
117 287
101 331
249 134
109 305
191 174
199 167
149 223
123 269
131 252
132 250
289 114
319 103
293 112
132 248
253 129
147 222
209 156
357 90
155 206
87 366
163 195
353 90
151 209
112 280
295 106
332 94
221 141
232 134
158 196
119 260
209 148
198 156
328 94
174 177
82 374
173 177
325 94
212 144
202 151
143 213
94 324
196 155
159 190
99 304
90 334
212 141
199 150
315 94
282 105
187 158
106 278
354 83
273 107
135 216
373 78
223 130
95 304
185 156
185 155
298 96
260 110
197 145
114 250
226 126
207 137
97 291
157 179
107 262
276 101
105 265
98 283
79 351
288 96
251 110
194 142
80 344
272 101
343 80
311 88
242 113
249 109
242 112
73 371
250 108
82 329
214 126
147 183
165 163
122 219
370 72
74 356
148 178
102 258
248 106
327 80
373 70
96 271
243 107
336 77
155 166
81 317
97 264
88 291
85 301
198 129
85 300
274 93
374 68
83 306
294 86
337 75
155 163
107 236
106 238
165 152
96 261
168 149
74 337
94 265
148 166
72 341
114 215
182 134
155 157
276 88
261 93
258 94
335 72
194 124
180 133
66 362
173 138
64 372
143 166
208 113
139 169
163 144
179 131
91 255
165 140
243 95
233 99
75 307
65 354
95 241
167 137
135 169
250 91
324 70
205 110
86 262
99 227
312 72
252 89
348 64
178 125
203 109
66 335
225 98
108 202
74 293
81 266
60 358
157 136
300 71
190 112
77 275
98 216
150 141
59 358
207 102
104 203
337 62
96 215
176 117
94 219
248 83
262 78
265 76
314 64
352 57
150 133
183 109
193 103
81 245
89 222
94 210
137 144
79 248
254 77
270 72
341 57
198 98
163 119
170 114
108 178
55 349
123 156
67 282
319 59
266 70
62 299
72 257
163 113
71 259
82 224
52 353
99 185
314 58
325 56
61 298
75 242
144 126
79 229
361 50
77 233
128 140
132 135
170 104
85 208
93 190
228 77
48 364
90 194
346 50
113 153
58 297
95 181
296 58
95 180
356 48
140 122
83 204
67 251
52 322
169 99
123 136
103 162
70 238
154 108
135 123
45 366
253 65
54 302
185 88
312 52
92 176
168 96
52 310
152 106
166 97
282 57
48 331
122 130
144 110
101 156
47 330
89 174
70 221
357 43
51 300
244 62
66 229
71 211
136 110
135 110
72 205
77 191
63 233
366 40
46 318
58 252
42 347
242 60
88 163
46 311
83 171
316 44
104 133
59 234
197 70
69 199
56 243
47 289
39 345
228 59
73 184
263 51
302 44
73 182
166 80
145 91
97 136
46 283
37 350
112 114
109 117
89 143
103 123
294 43
193 65
133 94
103 121
258 47
49 247
113 107
186 65
157 77
94 128
117 102
270 44
359 33
222 53
220 53
49 236
256 45
318 36
178 64
171 66
109 103
32 350
238 47
35 319
102 109
222 50
277 40
41 269
245 45
190 58
83 132
353 31
35 312
176 62
172 63
189 57
44 243
280 38
59 178
338 31
121 86
306 34
57 181
105 98
28 366
43 238
103 99
30 339
52 195
327 31
306 33
374 27
81 124
357 28
33 300
206 48
298 33
242 40
160 60
58 165
164 58
194 49
37 256
57 166
172 55
61 154
184 51
26 357
331 28
104 89
111 83
156 59
135 68
50 183
326 28
58 157
211 43
147 61
120 74
227 39
117 75
41 214
63 139
223 39
62 140
333 26
50 173
101 85
43 198
135 63
51 164
39 212
42 195
69 118
46 177
59 136
39 205
163 49
42 188
155 50
54 143
130 59
47 161
78 97
179 42
107 70
144 52
28 265
31 238
80 92
44 167
78 94
76 96
104 70
249 29
60 120
29 246
34 209
66 107
220 32
179 39
31 223
100 69
117 58
44 154
50 135
113 58
204 32
56 116
27 239
62 104
109 59
58 110
78 81
179 35
46 136
211 29
57 104
25 237
211 28
25 236
163 36
115 51
147 38
179 31
55 100
148 36
40 131
39 133
206 25
39 131
99 51
33 146
28 170
187 25
42 111
28 166
111 41
47 95
177 25
122 36
108 40
52 81
135 31
85 49
45 92
37 107
150 26
93 41
27 140
130 28
35 103
85 42
87 41
58 61
47 75
140 25
60 58
43 79
133 25
86 38
36 88
100 30
46 65
81 36
91 32
83 35
57 50
48 59
25 112
52 53
65 37
37 63
35 63
53 39
51 40
76 26
52 35
45 40
34 51
44 38
28 53
25 57
27 52
38 31
28 39
30 34
32 30
