1000 39659
1000
361 361
364 357
363 354
373 343
371 332
373 329
339 361
347 350
329 368
337 359
348 347
334 360
326 361
312 375
334 345
332 347
354 325
364 312
317 352
308 361
307 361
335 328
305 355
339 319
354 304
313 342
331 322
294 360
337 312
340 309
278 375
319 326
367 283
352 295
346 300
286 362
299 346
342 302
299 345
302 338
325 314
320 313
335 298
337 295
367 270
308 320
287 343
340 289
272 361
292 336
364 269
316 309
281 347
306 318
302 320
280 345
281 342
266 360
323 295
359 265
292 325
309 305
297 317
294 319
314 298
342 273
369 253
299 311
267 347
339 272
270 337
250 363
279 325
269 337
247 367
243 373
251 361
339 267
311 290
324 278
258 349
303 297
306 292
309 289
317 281
251 352
283 312
252 350
270 326
268 327
300 290
360 241
289 300
260 333
277 312
257 335
357 240
234 366
293 291
284 300
319 263
257 325
248 335
237 350
313 263
321 256
316 260
279 294
269 304
224 365
272 300
229 356
246 331
294 276
354 229
258 314
374 216
243 332
349 230
324 247
260 307
356 223
346 229
279 281
277 283
364 215
226 346
257 301
216 357
316 244
353 218
311 247
218 350
293 260
227 333
365 207
286 264
278 269
367 203
281 265
199 373
265 279
294 251
355 207
230 319
349 210
258 284
223 328
281 260
229 319
335 218
202 361
211 345
352 206
290 250
368 197
285 254
275 263
271 266
373 193
263 273
213 336
339 211
218 328
305 234
310 230
269 265
303 235
220 322
306 231
223 316
196 358
220 318
205 341
290 241
190 367
239 290
225 308
251 276
284 242
332 207
308 223
338 203
348 197
207 331
198 346
307 223
188 364
361 189
248 275
215 316
266 255
269 252
224 302
274 246
237 284
373 180
313 214
182 368
180 372
208 321
191 349
273 244
302 220
249 264
369 178
257 254
258 253
266 245
276 236
254 256
340 191
253 256
374 173
178 362
239 268
282 226
272 234
211 301
226 281
197 322
292 217
369 171
229 275
336 187
172 365
369 170
356 175
229 272
199 313
166 369
220 278
171 357
342 178
375 162
210 289
208 291
172 350
328 183
164 365
344 174
166 360
359 166
312 191
182 327
373 158
210 280
273 215
349 168
210 278
324 180
264 220
176 328
227 254
218 263
167 343
305 187
245 232
314 181
183 309
224 252
209 270
214 263
341 165
193 291
198 282
205 272
257 216
192 289
188 295
165 336
277 200
168 328
204 270
352 156
154 356
239 229
160 342
260 210
217 251
207 263
210 258
371 146
199 272
314 172
360 150
171 315
359 150
226 238
159 338
270 199
185 290
170 315
179 299
230 232
325 164
158 337
190 280
159 332
218 242
235 224
353 149
360 146
217 242
190 276
317 164
166 313
150 346
146 355
202 256
156 331
243 212
159 324
156 330
209 246
212 242
280 183
366 140
151 339
239 214
171 298
299 170
182 279
247 205
158 320
237 213
189 266
206 244
259 193
299 167
159 313
249 198
145 340
190 259
209 235
321 153
174 282
278 175
258 188
198 244
325 148
139 346
131 365
174 274
156 305
154 307
143 330
237 199
134 351
281 167
291 161
253 185
246 190
331 141
256 182
163 285
184 252
172 268
325 141
125 366
337 135
134 338
268 169
169 267
241 187
237 190
189 238
233 193
209 214
283 158
234 191
154 289
342 130
153 288
302 145
136 321
345 126
150 289
182 238
203 213
327 132
278 155
221 194
280 153
365 117
168 254
333 128
304 140
127 334
198 214
181 234
202 208
317 132
239 175
180 232
235 177
117 355
155 266
122 335
185 220
152 267
129 314
277 146
193 209
169 238
313 128
260 154
250 160
203 197
305 131
206 193
263 151
211 188
237 167
133 297
135 292
199 198
333 118
153 255
106 368
202 193
141 276
281 138
177 219
302 128
280 138
237 163
259 149
109 353
128 300
185 207
275 139
140 273
142 269
166 230
189 202
153 249
366 104
181 209
182 206
189 198
238 157
349 107
163 229
176 212
128 291
166 223
224 165
165 222
182 201
106 343
191 189
129 279
258 139
198 181
248 144
215 166
207 171
128 276
117 301
311 113
158 222
207 169
138 253
151 229
235 147
113 304
145 236
144 237
247 138
161 211
201 169
128 262
263 127
283 118
92 362
178 187
98 339
361 92
112 295
273 121
106 311
89 370
110 299
330 99
115 281
359 90
127 253
130 247
107 300
289 111
267 120
372 86
93 343
322 99
126 252
206 154
94 337
179 176
152 207
131 240
160 196
120 261
363 86
123 253
111 279
164 188
237 130
103 299
124 248
213 144
348 88
253 120
137 221
285 106
117 257
94 318
209 143
166 180
175 170
161 183
189 155
129 227
262 111
271 107
142 204
323 89
337 85
111 257
202 141
108 263
265 107
104 272
332 85
340 83
282 100
197 142
162 172
102 273
212 131
130 213
218 127
133 208
136 203
363 76
281 98
372 74
308 89
215 127
176 155
115 237
77 353
79 343
78 345
280 96
94 285
248 108
371 72
134 199
130 205
95 279
188 140
88 299
318 82
181 144
302 86
184 141
264 98
331 78
260 99
75 338
123 206
117 216
137 184
98 256
352 71
107 233
70 356
165 151
148 168
276 90
105 236
353 70
76 325
126 195
100 245
77 318
83 295
123 198
248 98
79 307
189 128
174 139
212 114
92 262
365 66
188 128
81 296
67 354
114 208
141 168
362 65
279 84
98 238
299 78
134 174
184 126
170 135
304 75
153 149
81 281
143 159
162 140
123 184
109 206
129 174
88 255
139 161
226 99
98 226
109 203
202 109
94 234
353 62
243 90
130 168
110 197
147 147
127 170
220 98
77 279
143 150
66 324
90 237
374 57
72 296
201 106
64 331
117 181
311 68
352 60
260 81
146 144
214 98
155 135
141 148
69 301
126 162
182 112
334 60
76 263
322 62
265 75
95 209
135 147
109 182
330 60
225 88
62 319
53 373
372 53
128 154
80 246
171 115
157 125
223 88
143 137
78 251
76 257
211 92
76 255
345 56
84 230
76 254
97 199
229 84
160 120
145 132
63 301
296 64
175 108
115 164
114 165
204 92
68 274
140 133
358 52
150 124
173 107
234 79
68 271
307 60
104 177
50 368
71 259
112 164
121 151
167 109
100 182
200 91
144 126
223 81
80 225
54 333
95 189
55 326
308 58
63 283
135 132
178 100
117 152
148 120
84 211
66 266
132 133
164 107
158 111
373 47
61 287
112 156
290 60
362 48
52 334
49 353
80 216
215 80
74 230
181 94
84 202
74 229
59 287
163 103
111 151
190 88
68 244
85 194
57 289
93 177
189 87
119 136
66 245
168 96
116 137
119 133
375 42
93 169
357 44
245 64
43 363
132 118
139 112
134 116
64 242
65 236
70 218
105 145
185 82
59 257
233 65
94 161
182 83
152 99
138 109
195 77
116 129
112 133
270 55
156 95
55 269
175 84
146 100
90 161
46 315
307 47
152 94
91 157
66 216
137 104
365 39
145 98
54 263
49 289
177 80
70 202
41 344
41 343
142 99
368 38
132 105
104 133
96 144
216 64
197 70
98 140
85 161
157 86
153 88
203 66
227 59
130 103
38 350
39 341
109 122
271 49
241 55
72 184
63 210
157 84
274 48
55 239
70 187
210 62
202 64
331 39
130 99
282 45
39 323
58 217
42 299
55 228
117 107
137 91
183 68
94 132
189 65
279 44
90 136
163 75
329 37
206 59
103 118
69 176
262 46
48 249
74 161
283 42
60 198
106 112
78 152
359 33
301 39
293 40
157 74
264 44
289 40
58 197
320 35
123 90
59 186
48 228
86 127
216 50
165 65
32 335
42 254
63 169
322 33
68 155
49 214
36 290
307 34
316 33
28 372
121 86
202 51
145 71
91 113
171 60
223 46
72 142
44 232
161 63
41 247
375 27
177 57
325 31
223 45
72 139
71 138
142 69
54 178
53 181
281 34
65 145
76 124
213 44
38 246
198 47
371 25
32 288
184 50
80 113
188 48
41 220
71 121
26 330
32 267
123 69
160 53
96 87
151 55
154 53
63 129
119 68
159 50
203 39
114 69
52 151
56 140
235 33
127 61
140 55
167 46
46 166
243 31
232 32
35 211
96 76
153 47
78 92
29 246
245 29
263 27
76 93
141 50
199 35
30 227
37 184
85 79
76 88
256 26
147 45
49 135
150 44
36 183
37 177
40 163
50 130
90 72
71 91
25 252
128 49
72 86
37 165
133 45
74 80
121 48
45 128
200 28
69 81
80 69
81 68
35 153
53 101
60 89
58 92
34 154
80 63
27 186
33 152
153 32
152 32
61 79
92 52
65 73
42 111
74 61
138 32
159 27
66 63
28 143
44 88
67 55
82 44
73 49
26 136
45 75
112 30
49 67
86 37
26 122
73 43
29 107
79 39
40 76
54 52
59 47
78 33
93 27
48 52
57 42
36 66
46 50
43 50
73 29
32 41
27 48
40 27
27 39
26 32
