1000 39038
1000
373 373
372 374
352 375
359 367
365 359
352 371
369 351
370 350
345 375
344 368
371 341
350 361
338 369
351 355
361 342
367 332
371 327
340 355
359 334
356 333
353 335
340 337
358 319
372 306
328 342
360 308
361 303
314 348
305 357
369 295
320 340
337 321
323 332
371 288
322 330
347 306
304 349
296 356
321 328
323 325
283 370
308 331
274 372
342 298
273 372
351 289
375 270
374 270
363 277
279 360
351 285
374 266
343 288
329 300
320 308
293 336
333 295
303 324
309 317
316 309
280 348
266 366
264 367
261 370
288 335
331 291
372 258
310 309
301 317
367 259
273 348
335 283
347 273
286 330
321 294
304 310
262 358
321 291
258 361
375 248
327 283
320 288
292 315
359 256
269 341
312 294
325 281
278 327
292 310
341 264
253 355
250 359
341 263
330 271
300 297
295 301
338 261
295 299
278 317
293 297
288 302
350 246
297 289
332 258
309 277
251 341
230 372
361 236
291 292
239 354
246 343
373 226
279 301
264 317
319 260
305 268
272 300
374 218
355 228
252 320
219 366
245 327
233 343
227 352
301 265
293 271
238 332
337 234
294 267
341 229
363 215
216 361
365 212
254 303
326 235
370 207
296 257
235 323
215 352
326 232
234 321
258 291
352 213
300 249
268 278
275 270
318 233
306 242
356 208
219 338
230 320
279 263
329 223
203 360
319 229
308 237
247 294
224 324
214 337
221 325
228 315
276 260
205 350
304 236
198 362
310 231
271 264
275 260
249 286
315 226
190 374
372 191
303 234
236 299
192 365
318 220
282 248
336 208
208 335
194 359
196 354
216 318
373 184
266 258
251 273
221 310
309 221
206 330
338 201
193 351
207 327
218 310
328 206
185 365
291 232
295 228
294 228
239 279
228 291
351 188
200 329
293 222
289 225
332 195
286 226
186 347
375 172
300 214
230 279
247 259
265 241
358 178
333 191
265 240
266 238
315 200
197 317
260 240
257 242
190 326
231 268
296 209
256 241
370 166
339 181
164 373
182 336
315 194
352 173
319 189
322 187
288 209
215 278
189 314
174 341
195 304
338 175
215 274
345 170
351 166
205 283
170 340
258 224
341 169
256 225
303 189
252 227
166 344
363 157
341 167
355 160
248 228
214 264
297 190
350 161
302 186
187 300
196 286
149 375
187 295
148 370
275 199
227 241
366 149
264 206
212 256
179 303
171 317
362 149
335 161
336 160
182 294
344 155
226 235
247 215
148 356
306 172
239 220
165 318
204 257
301 174
140 373
146 357
168 310
149 349
230 226
147 352
306 169
288 179
148 347
317 162
364 141
316 162
214 238
167 304
290 175
182 278
240 210
183 275
136 370
177 284
186 269
145 345
338 148
144 346
136 366
159 312
190 261
332 149
157 315
354 138
178 274
209 233
133 366
214 227
228 213
195 249
142 340
294 164
188 256
171 281
148 324
135 355
146 328
195 244
315 151
209 227
336 141
148 319
173 272
223 211
285 165
133 353
375 125
279 168
249 188
314 149
142 329
226 206
269 173
282 165
188 247
139 333
321 144
134 344
231 199
142 323
214 214
244 186
180 252
133 340
312 144
327 137
160 279
311 143
329 135
118 375
162 273
222 198
254 173
224 196
118 371
236 185
352 124
338 129
180 242
363 120
179 243
127 342
282 154
305 142
210 206
226 191
250 172
176 244
245 175
152 282
208 206
329 130
210 203
198 215
303 140
195 217
239 177
133 318
218 194
175 241
319 132
179 235
292 144
146 288
365 115
185 226
189 221
368 113
255 163
323 128
198 208
178 231
161 255
320 128
330 124
112 364
131 310
287 141
203 197
207 193
210 189
117 339
148 267
265 149
375 105
132 295
135 286
129 298
153 251
324 118
148 258
115 331
366 104
166 229
258 147
190 199
117 323
257 147
115 328
190 198
361 104
124 302
314 119
226 165
113 329
113 328
130 284
305 121
179 206
259 141
201 180
353 102
168 214
113 318
155 231
303 118
110 325
154 232
262 136
315 113
97 366
118 298
236 149
109 322
131 267
356 98
119 293
110 316
296 117
105 329
164 210
350 98
152 225
256 133
230 148
182 187
233 146
290 117
325 104
96 347
373 89
272 122
117 282
202 163
117 281
348 94
211 154
287 113
148 219
158 205
93 347
96 336
137 235
201 160
170 189
131 245
279 114
373 85
187 169
91 347
201 157
104 302
179 175
199 157
227 136
87 354
84 365
352 86
148 203
341 88
311 96
271 110
330 90
101 294
130 228
161 183
172 171
164 179
129 227
103 284
117 249
251 116
147 198
342 85
185 157
302 96
181 160
137 211
128 225
288 100
102 282
173 166
93 308
111 257
279 102
220 129
197 144
79 359
205 138
367 77
199 142
89 311
144 192
306 90
327 84
124 221
190 144
96 284
134 203
131 207
132 205
102 265
233 116
314 86
210 128
271 99
114 235
116 230
342 78
292 91
349 76
260 102
279 95
156 169
108 244
247 106
103 254
127 205
132 197
99 262
192 135
278 93
222 116
357 72
94 273
171 150
130 197
280 91
183 139
292 87
75 337
88 285
80 313
90 276
234 106
118 210
98 252
122 202
193 127
215 114
101 242
207 118
230 106
105 232
272 89
74 327
118 205
65 369
247 97
184 130
123 194
142 168
82 290
127 187
300 79
198 119
203 115
226 103
249 93
182 127
224 103
68 339
94 244
81 282
69 331
245 93
209 109
115 198
177 128
131 172
63 357
199 112
72 309
243 91
165 133
207 106
138 159
87 252
287 76
218 100
77 283
250 87
189 115
124 175
125 173
230 94
275 78
146 146
333 64
226 94
90 236
106 199
301 70
284 74
75 280
82 256
87 241
84 249
58 359
219 95
129 160
61 338
202 102
80 257
78 263
100 205
320 64
145 141
100 204
200 102
58 351
129 157
77 262
59 339
203 98
108 184
179 111
91 218
83 239
91 217
114 173
54 364
185 106
138 142
248 79
235 83
73 267
87 223
265 73
77 250
260 74
173 110
58 328
164 116
85 223
84 225
133 142
181 104
85 220
189 98
50 370
135 137
180 102
123 149
237 77
188 97
103 177
124 147
65 280
62 292
77 234
261 69
69 260
97 184
233 76
190 93
126 140
86 204
76 229
145 120
106 164
208 83
89 193
118 145
166 103
87 194
255 66
100 168
195 86
134 125
70 239
137 120
91 180
172 95
102 160
130 125
305 53
139 116
88 179
126 125
159 99
48 327
287 54
303 51
93 166
97 159
280 55
148 104
248 62
53 289
76 201
132 115
93 162
63 239
170 87
238 62
185 79
113 129
259 56
179 81
99 145
172 83
117 122
42 337
40 350
119 117
135 103
124 112
161 86
152 91
164 84
259 53
58 234
119 114
88 152
262 51
167 79
59 223
180 73
219 60
42 312
118 111
45 291
65 200
146 89
282 46
118 109
46 278
202 63
353 36
195 65
176 72
57 222
74 171
116 109
52 243
117 108
60 209
56 223
55 227
265 47
106 117
191 64
263 46
76 159
366 33
127 94
120 99
91 130
47 247
80 145
304 38
197 58
152 75
57 199
103 110
237 47
111 100
257 43
70 157
148 74
242 45
56 194
339 32
126 86
102 106
127 85
67 160
109 98
148 72
107 99
54 196
338 31
28 374
180 58
113 92
108 96
61 169
61 167
140 72
265 38
88 114
192 52
136 73
290 34
318 31
37 265
110 89
31 312
32 302
130 74
80 120
104 92
39 245
73 130
213 44
267 35
79 118
341 27
25 368
191 48
49 187
39 233
126 72
38 238
49 184
62 145
64 140
45 199
47 190
186 48
95 93
209 42
75 117
38 230
218 40
25 348
88 97
29 292
82 103
42 201
159 53
59 142
45 186
31 270
98 85
31 268
102 80
71 114
119 68
26 311
27 298
131 61
210 38
185 43
241 33
180 44
27 292
40 197
75 103
31 247
282 27
185 41
84 90
33 229
228 33
66 114
132 57
82 91
25 298
61 122
239 31
223 33
105 70
213 34
62 115
273 26
47 151
28 250
88 79
34 204
39 176
196 35
71 96
158 43
72 94
41 165
83 81
215 31
145 45
62 105
60 108
25 259
29 223
107 60
160 40
46 139
62 101
43 144
80 77
204 30
67 91
41 148
198 30
106 55
69 84
60 96
61 94
39 147
226 25
188 30
76 73
93 59
55 99
53 100
114 46
38 138
35 149
44 118
144 36
27 188
137 37
75 67
52 96
42 118
116 42
76 64
135 36
40 120
32 146
32 144
120 37
29 152
60 73
48 91
49 89
39 109
78 53
28 145
36 108
105 37
27 141
25 147
140 26
93 39
33 108
99 36
109 32
33 99
59 55
35 92
89 36
55 58
60 53
71 43
68 44
41 71
58 50
31 92
114 25
25 113
86 32
79 34
31 85
75 35
34 76
99 26
55 42
41 56
35 61
30 69
54 36
44 44
56 34
62 29
49 36
63 28
51 34
56 29
30 53
31 49
37 32
35 28
