1000 2512
1000
75 75
73 74
73 73
74 72
71 75
73 72
74 71
70 75
70 74
71 72
74 69
75 68
71 71
72 70
69 73
68 74
71 70
67 74
66 75
70 70
69 71
68 72
73 67
74 66
69 70
71 68
66 73
74 65
64 75
69 69
70 68
65 73
63 75
67 70
71 66
65 72
73 64
63 74
75 62
68 68
70 66
71 65
72 64
63 73
62 74
61 75
69 66
70 65
72 63
62 73
74 61
60 75
66 68
69 65
70 64
63 71
62 72
75 59
67 66
68 65
69 64
70 63
62 71
72 61
73 60
74 59
67 65
64 68
58 75
69 63
62 70
71 61
73 59
74 58
66 65
64 67
68 63
57 75
70 61
71 60
59 72
65 65
57 74
61 69
60 70
75 56
59 71
72 58
73 57
65 64
66 63
68 61
74 56
59 70
71 58
72 57
64 64
63 65
62 66
73 56
59 69
58 70
75 54
71 57
72 56
63 64
62 65
61 66
73 55
68 59
58 69
54 74
70 57
56 71
53 75
63 63
64 62
61 65
55 72
60 66
59 67
68 58
54 73
70 56
62 63
55 71
65 60
52 75
54 72
67 58
68 57
73 53
56 69
70 55
74 52
63 61
64 60
71 54
58 66
51 75
67 57
53 72
73 52
55 69
63 60
70 54
74 51
65 58
71 53
66 57
67 56
75 50
52 72
55 68
69 54
51 73
61 61
63 59
58 64
53 70
57 65
74 50
52 71
67 55
49 75
54 68
72 51
61 60
59 62
58 63
50 73
56 65
70 52
55 66
49 74
54 67
53 68
60 60
75 48
59 61
58 62
63 57
69 52
56 64
49 73
65 55
51 70
54 66
74 48
67 53
60 59
58 61
68 52
62 57
49 72
56 63
64 55
69 51
54 65
70 50
53 66
67 52
59 59
60 58
47 74
61 57
62 56
51 68
64 54
75 46
50 69
66 52
73 47
58 59
57 60
51 67
61 56
62 55
48 71
46 74
50 68
64 53
47 72
65 52
45 75
57 59
48 70
56 60
61 55
50 67
54 62
47 71
49 68
64 52
46 72
58 57
59 56
66 50
44 75
60 55
54 61
47 70
53 62
45 73
63 52
68 48
74 44
65 50
58 56
69 47
72 45
60 54
49 66
53 61
62 52
70 46
48 67
51 63
50 64
68 47
71 45
56 57
55 58
59 54
65 49
60 53
46 69
52 61
72 44
62 51
70 45
75 42
73 43
55 57
58 54
68 46
53 59
71 44
52 60
65 48
61 51
74 42
47 66
50 62
43 72
63 49
46 67
55 56
57 54
75 41
52 59
73 42
68 45
47 65
61 50
44 69
55 55
56 54
42 72
63 48
57 53
52 58
43 70
47 64
60 50
40 75
73 41
65 46
42 71
48 62
54 55
66 45
53 56
69 43
57 52
63 47
40 74
58 51
59 50
67 44
46 64
42 70
60 49
61 48
39 75
68 43
54 54
55 53
71 41
57 51
58 50
46 63
49 59
67 43
72 40
70 41
61 47
54 53
52 55
44 65
51 56
46 62
75 38
50 57
73 39
49 58
71 40
43 66
59 48
42 67
53 53
52 54
61 46
51 55
40 70
50 56
65 43
62 45
68 41
48 58
75 37
38 73
47 59
66 42
71 39
69 40
46 60
41 67
61 45
56 49
74 37
48 57
42 65
39 70
44 62
47 58
59 46
63 43
41 66
52 52
54 50
36 75
71 38
55 49
39 69
42 64
61 44
47 57
58 46
62 43
65 41
36 74
37 72
45 59
53 50
63 42
66 40
44 60
55 48
56 47
71 37
35 75
41 64
43 61
69 38
57 46
62 42
52 50
65 40
53 49
59 44
48 54
35 74
37 70
68 38
45 57
42 61
40 64
71 36
73 35
69 37
58 44
51 50
75 34
38 67
53 48
62 41
47 54
59 43
39 65
70 36
56 45
40 63
35 72
42 60
68 37
66 38
44 57
41 61
52 48
39 64
43 58
47 53
71 35
46 54
73 34
37 67
42 59
33 75
55 45
38 65
56 44
57 43
35 70
50 49
68 36
34 72
51 48
33 74
37 66
61 40
38 64
45 54
59 41
39 62
34 71
36 67
73 33
43 56
48 50
32 75
46 52
70 34
35 68
61 39
33 72
54 44
74 32
43 55
40 59
38 62
56 42
48 49
69 34
46 51
67 35
33 71
60 39
65 36
57 41
32 73
44 53
37 63
75 31
43 54
42 55
35 66
48 48
36 64
32 72
49 47
59 39
50 46
45 51
37 62
74 31
44 52
57 40
38 60
53 43
67 34
33 69
35 65
54 42
63 36
73 31
39 58
37 61
41 55
46 49
30 75
45 50
51 44
68 33
59 38
56 40
64 35
70 32
52 43
36 62
42 53
37 60
54 41
67 33
34 65
69 32
45 49
63 35
58 38
31 71
44 50
40 55
61 36
43 51
73 30
42 52
56 39
59 37
32 68
34 64
29 75
41 53
35 62
31 70
57 38
47 46
60 36
72 30
48 45
49 44
43 50
29 74
58 37
33 65
42 51
69 31
52 41
71 30
56 38
36 59
29 73
46 46
33 64
44 48
32 66
37 57
68 31
35 60
28 75
42 50
30 70
51 41
55 38
72 29
58 36
40 52
67 31
34 61
74 28
30 69
45 46
47 44
39 53
59 35
43 48
42 49
36 57
38 54
50 41
32 64
62 33
66 31
73 28
34 60
30 68
40 51
37 55
70 29
58 35
39 52
75 27
43 47
72 28
36 56
63 32
31 65
38 53
61 33
67 30
41 49
34 59
29 69
40 50
27 74
37 54
51 39
71 28
32 62
33 60
36 55
44 45
43 46
52 38
47 42
58 34
68 29
48 41
70 28
40 49
31 63
61 32
39 50
33 59
27 72
29 67
34 57
38 51
45 43
46 42
69 28
41 47
35 55
74 26
52 37
31 62
71 27
58 33
39 49
53 36
56 34
38 50
26 73
31 61
35 54
30 63
70 27
42 45
59 32
41 46
57 33
47 40
25 75
72 26
52 36
34 55
69 27
38 49
60 31
29 64
32 58
53 35
74 25
50 37
33 56
28 66
42 44
26 71
41 45
46 40
27 68
36 51
54 34
47 39
61 30
31 59
73 25
38 48
65 28
35 52
26 70
37 49
67 27
43 42
41 44
53 34
30 60
25 72
31 58
29 62
28 64
56 32
47 38
35 51
66 27
37 48
25 71
30 59
61 29
26 68
52 34
63 28
42 42
36 49
43 41
40 44
65 27
70 25
53 33
38 46
26 67
60 29
56 31
28 62
51 34
54 32
69 25
43 40
66 26
33 52
59 29
30 57
38 45
28 61
55 31
46 37
27 63
68 25
50 34
36 47
26 65
33 51
29 58
40 42
56 30
60 28
48 35
39 43
67 25
62 27
37 45
26 64
29 57
59 28
30 55
25 66
33 50
61 27
35 47
31 53
41 40
38 43
34 48
51 32
44 37
25 65
58 28
54 30
60 27
36 45
49 33
52 31
62 26
35 46
32 50
64 25
41 39
42 38
55 29
37 43
30 53
48 33
44 36
51 31
25 63
35 45
56 28
58 27
54 29
46 34
30 52
60 26
41 38
42 37
47 33
25 62
43 36
55 28
44 35
27 57
29 53
48 32
59 26
34 45
51 30
25 61
39 39
40 38
41 37
36 42
29 52
43 35
32 47
60 25
34 44
48 31
45 33
27 55
53 28
39 38
26 57
49 30
35 42
34 43
54 27
31 47
26 56
33 44
38 38
36 40
48 30
45 32
35 41
27 53
26 55
34 42
25 57
29 49
30 47
44 32
37 38
27 52
26 54
36 39
56 25
28 50
48 29
42 33
53 26
51 27
43 32
55 25
28 49
35 39
31 44
29 47
26 52
45 30
50 27
32 42
46 29
37 36
39 34
26 51
53 25
49 27
44 30
33 40
47 28
32 41
29 45
25 52
26 50
27 48
35 37
43 30
33 39
32 40
29 44
25 51
49 26
31 41
47 27
45 28
36 35
30 42
34 37
38 33
48 26
39 32
29 43
46 27
40 31
28 44
35 35
34 36
26 47
37 33
29 42
38 32
39 31
28 43
30 40
46 26
34 35
29 41
27 44
37 32
31 38
28 42
26 45
43 27
40 29
35 33
36 32
28 41
31 37
26 44
38 30
42 27
29 39
25 45
33 34
32 35
40 28
43 26
27 41
38 29
25 44
31 35
30 36
43 25
37 29
41 26
33 32
34 31
27 39
35 30
29 36
37 28
27 38
41 25
32 32
33 31
30 34
35 29
39 26
36 28
25 40
32 31
33 30
38 26
34 29
28 35
25 39
26 37
31 31
30 32
34 28
25 38
35 27
30 31
29 32
37 25
33 28
34 27
35 26
30 30
31 29
28 32
30 29
28 31
32 27
33 26
25 34
28 30
31 27
33 25
29 28
30 27
32 25
29 27
26 30
25 31
28 27
30 25
27 27
26 28
25 29
26 26
25 27
