1000 2514
1000
75 75
75 74
74 74
75 73
75 72
73 73
74 72
75 71
73 72
74 71
70 75
72 72
71 73
74 70
72 71
73 70
69 74
75 68
72 70
73 69
68 74
67 75
70 71
72 69
68 73
67 74
75 66
69 71
68 72
67 73
74 66
75 65
69 70
71 68
72 67
73 66
65 74
75 64
69 69
73 65
64 74
63 75
68 69
71 66
65 72
73 64
74 63
75 62
68 68
67 69
63 73
67 68
65 70
71 64
72 63
61 74
75 60
68 66
70 64
62 72
73 61
60 74
59 75
65 68
69 64
71 62
61 72
73 60
66 66
65 67
68 64
75 58
69 63
62 70
60 72
73 59
74 58
66 65
64 67
62 69
57 75
61 70
59 72
73 58
65 65
64 66
63 67
57 74
68 62
61 69
70 60
56 75
73 57
63 66
67 62
68 61
69 60
70 59
75 55
71 58
57 72
64 64
65 63
73 56
69 59
55 74
54 75
64 63
56 72
55 73
59 68
58 69
74 54
56 71
63 63
62 64
65 61
55 72
67 59
68 58
73 54
57 69
74 53
55 71
61 64
75 52
60 65
58 67
68 57
56 69
52 74
61 63
64 60
59 65
54 71
66 58
67 57
53 72
56 68
73 52
62 61
60 63
54 70
51 74
65 58
71 53
56 67
50 75
52 72
54 69
73 51
61 61
62 60
59 63
64 58
53 70
65 57
50 74
56 66
71 52
49 75
68 54
72 51
60 61
62 59
53 69
57 64
56 65
52 70
66 55
71 51
67 54
53 68
50 72
58 62
57 63
69 52
64 56
49 73
65 55
51 70
66 54
48 74
67 53
50 71
58 61
68 52
57 62
72 49
75 47
64 55
69 51
65 54
70 50
53 66
67 52
58 60
74 47
61 57
56 62
68 51
55 63
72 48
54 64
50 69
53 65
73 47
49 70
59 58
57 60
51 67
62 55
48 71
74 46
63 54
50 68
64 53
47 72
49 69
65 52
75 45
51 66
58 58
59 57
56 60
48 70
73 46
50 67
63 53
47 71
45 74
65 51
48 69
72 46
59 56
50 66
75 44
61 54
47 70
73 45
49 67
63 52
71 46
74 44
50 65
57 57
56 58
47 69
72 45
49 66
43 75
52 62
48 67
51 63
44 73
64 50
56 57
55 58
49 65
60 53
69 46
61 52
72 44
48 66
51 62
75 42
43 73
57 55
46 68
44 71
60 52
65 48
61 51
69 45
66 47
72 43
63 49
46 67
56 55
70 44
75 41
53 58
64 48
59 52
73 42
51 60
45 68
65 47
71 43
50 61
69 44
46 66
74 41
55 55
54 56
42 72
48 63
52 58
43 70
47 64
50 60
73 41
44 68
46 65
49 61
71 42
62 48
45 66
56 53
63 47
74 40
58 51
72 41
50 59
67 44
42 70
60 49
61 48
75 39
45 65
68 43
73 40
55 53
47 62
52 56
51 57
66 44
58 50
63 46
59 49
74 39
67 43
45 64
70 41
47 61
65 44
55 52
56 51
68 42
46 62
75 38
73 39
58 49
66 43
45 63
48 59
47 60
64 44
42 67
38 74
72 39
46 61
55 51
56 50
40 70
65 43
49 57
45 62
68 41
58 48
37 75
73 38
47 59
63 44
66 42
71 39
40 69
51 54
64 43
55 50
41 67
61 45
37 74
57 48
65 42
39 70
62 44
40 68
59 46
52 52
53 51
73 37
36 75
60 45
38 71
55 49
39 69
64 42
44 61
43 62
37 72
36 74
38 70
45 59
39 68
52 51
50 53
63 42
40 66
60 44
48 55
56 47
36 73
37 71
75 35
43 61
38 69
57 46
67 39
45 58
62 42
52 50
65 40
44 59
72 36
37 70
74 35
47 55
68 38
63 41
43 60
56 46
66 39
57 45
42 61
40 64
69 37
50 51
34 75
52 49
67 38
53 48
62 41
54 47
59 43
65 39
55 46
60 42
36 70
72 35
63 40
74 34
38 66
50 50
64 39
48 52
43 58
53 47
71 35
36 69
73 34
62 40
42 59
45 55
33 75
38 65
44 56
41 60
39 63
43 57
70 35
49 50
51 48
72 34
68 36
52 47
74 33
61 40
58 42
38 64
54 45
59 41
39 62
35 69
71 34
73 33
43 56
37 65
49 49
40 60
48 50
38 63
42 57
46 52
70 34
35 68
41 58
66 36
54 44
72 33
64 37
74 32
43 55
59 40
48 49
50 47
69 34
51 46
35 67
33 71
36 65
41 57
44 53
31 75
58 40
38 61
34 68
55 42
70 33
36 64
32 72
47 49
39 59
50 46
41 56
31 74
44 52
57 40
38 60
53 43
33 69
35 65
42 54
73 31
39 58
48 47
41 55
51 44
34 66
64 35
56 40
31 72
36 62
53 42
39 57
60 37
74 30
54 41
67 33
65 34
69 32
63 35
49 45
58 38
31 71
55 40
43 51
73 30
42 52
66 33
32 68
34 64
29 75
41 53
62 35
31 70
38 57
47 46
72 30
60 36
54 40
48 45
44 49
43 50
29 74
33 65
39 55
67 32
51 42
71 30
38 56
36 59
40 53
46 46
45 47
32 66
33 64
62 34
43 49
39 54
42 50
30 70
41 51
55 38
29 72
58 36
40 52
32 65
67 31
56 37
74 28
69 30
47 44
35 59
48 43
42 49
54 38
36 57
50 41
31 66
73 28
51 40
60 34
68 30
70 29
52 39
45 45
46 44
47 43
32 63
56 36
72 28
31 65
38 53
61 33
67 30
49 41
59 34
69 29
50 40
37 54
74 27
35 57
39 51
71 28
62 32
55 36
33 60
30 66
45 44
52 38
42 47
34 58
27 73
41 48
37 53
49 40
63 31
61 32
30 65
26 75
39 50
59 33
72 27
36 54
67 29
51 38
57 34
44 44
45 43
28 69
42 46
41 47
35 55
74 26
62 31
64 30
48 40
27 71
29 66
33 58
39 49
28 68
56 34
73 26
44 43
27 70
54 35
63 30
45 42
59 32
41 46
29 65
57 33
47 40
28 67
75 25
39 48
55 34
49 38
30 62
29 64
58 32
35 53
37 50
74 25
33 56
42 44
26 71
41 45
54 34
51 36
27 68
61 30
59 31
25 73
48 38
70 26
55 33
49 37
27 67
43 42
44 41
53 34
25 72
29 62
58 31
26 69
56 32
28 64
47 38
51 35
66 27
54 33
71 25
59 30
61 29
26 68
42 42
49 36
28 63
41 43
55 32
39 45
65 27
50 35
33 53
26 67
58 30
37 47
28 62
27 64
54 32
48 36
40 43
44 39
26 66
29 59
28 61
27 63
47 36
33 51
29 58
41 41
35 48
30 56
39 43
67 25
62 27
31 54
38 44
49 34
64 26
36 46
29 57
59 28
50 33
61 27
47 35
53 31
40 41
39 42
26 63
38 43
48 34
37 44
25 65
58 28
54 30
36 45
27 60
26 62
31 52
35 46
25 64
40 40
41 39
42 38
28 57
55 29
59 27
37 43
30 53
26 61
48 33
44 36
51 31
35 45
63 25
56 28
32 49
54 29
58 27
26 60
52 30
25 62
43 36
44 35
57 27
29 53
48 32
26 59
30 51
34 45
61 25
39 39
49 31
46 33
37 41
27 56
54 28
52 29
32 47
30 50
31 48
27 55
26 57
38 39
37 40
51 29
59 25
32 46
49 30
31 47
52 28
56 26
44 33
29 50
25 58
38 38
39 37
45 32
48 30
35 41
27 53
55 26
42 34
51 28
31 46
49 29
32 44
38 37
54 26
39 36
56 25
40 35
50 28
31 45
41 34
48 29
33 42
46 30
26 53
51 27
32 43
55 25
28 49
37 37
36 38
39 35
31 44
29 47
40 34
41 33
52 26
27 50
48 28
38 35
26 51
34 39
53 25
27 49
30 44
32 41
29 45
31 42
52 25
26 50
36 36
48 27
37 35
34 38
43 30
40 32
29 44
25 51
49 26
27 47
45 28
30 42
35 36
37 34
25 50
48 26
43 29
46 27
31 40
28 44
41 30
35 35
49 25
34 36
47 26
37 33
32 38
45 27
28 43
25 48
40 30
46 26
35 34
33 36
37 32
38 31
25 47
39 30
45 26
27 43
40 29
34 34
32 36
46 25
28 41
31 37
44 26
42 27
29 39
33 34
40 28
32 35
26 43
36 31
30 37
41 27
25 44
28 39
42 26
32 34
30 36
40 27
25 43
41 26
38 28
33 32
34 31
27 39
30 35
42 25
36 29
37 28
27 38
41 25
32 32
31 33
30 34
35 29
25 40
27 37
32 31
33 30
26 38
29 34
25 39
26 37
32 30
33 29
34 28
38 25
35 27
36 26
30 31
29 32
28 33
35 26
25 36
30 30
29 31
32 28
27 33
35 25
30 29
28 31
27 32
33 26
30 28
31 27
32 26
25 33
28 29
30 27
25 32
29 27
26 30
26 29
28 26
25 29
27 26
25 28
25 27
25 25
