1000 2495
1000
75 75
74 75
74 74
73 75
74 73
73 73
74 72
71 75
72 73
71 74
71 73
70 74
75 69
73 70
68 75
70 72
69 73
75 67
68 73
70 70
68 72
67 73
66 74
75 65
69 70
68 71
67 72
73 66
64 75
69 69
70 68
72 66
65 73
64 74
75 63
68 69
70 67
71 66
65 72
75 62
68 68
69 67
66 70
65 71
73 63
74 62
75 61
66 69
65 70
71 64
63 72
74 61
75 60
69 65
70 64
71 63
73 61
59 75
66 67
69 64
63 70
73 60
74 59
66 66
65 67
64 68
63 69
70 62
61 71
72 60
73 59
74 58
65 66
64 67
63 68
69 62
57 75
70 61
59 72
65 65
64 66
57 74
62 68
69 61
75 56
70 60
71 59
58 72
73 57
65 64
66 63
67 62
61 68
56 74
69 60
55 75
58 71
72 57
65 63
66 62
73 56
67 61
68 60
69 59
70 58
54 75
64 63
72 56
62 65
55 73
68 59
69 58
57 70
75 53
65 61
55 72
66 60
58 68
73 54
74 53
56 70
62 63
55 71
64 61
52 75
59 66
54 72
58 67
56 69
70 55
74 52
62 62
63 61
64 60
54 71
51 75
67 57
53 72
52 73
61 62
70 54
60 63
59 64
74 51
58 65
71 53
50 75
72 52
55 68
54 69
51 73
61 61
60 62
59 63
70 53
57 65
56 66
52 71
67 55
75 49
72 51
68 54
61 60
62 59
63 58
50 73
65 56
54 67
53 68
75 48
59 61
58 62
63 57
69 52
49 73
55 65
66 54
53 67
71 50
59 60
61 58
52 68
57 62
49 72
56 63
55 64
69 51
65 54
73 48
70 50
53 66
67 52
58 60
57 61
56 62
51 68
55 63
72 48
64 54
46 75
69 50
65 53
66 52
58 59
51 67
55 62
48 71
46 74
54 63
68 50
53 64
52 65
51 66
58 58
56 60
48 70
46 73
61 55
67 50
54 62
63 53
71 47
68 49
64 52
65 51
69 48
55 60
61 54
70 47
62 53
45 73
67 49
63 52
71 46
64 51
50 65
58 56
55 59
69 47
45 72
66 49
53 61
43 75
70 46
67 48
63 51
73 44
64 50
47 68
45 71
57 56
55 58
54 59
52 61
48 66
72 44
51 62
75 42
63 50
49 64
57 55
58 54
68 46
53 59
52 60
42 74
45 69
47 66
62 50
72 43
63 49
55 56
54 57
41 75
53 58
64 48
52 59
42 73
68 45
60 51
65 47
43 71
61 50
62 49
66 46
44 69
74 41
72 42
56 54
63 48
57 53
52 58
45 67
70 43
59 51
40 75
41 73
68 44
46 65
49 61
42 71
48 62
55 54
45 66
56 53
63 47
74 40
51 58
67 44
46 64
75 39
65 45
68 43
73 40
54 54
55 53
47 62
71 41
57 51
66 44
50 58
42 69
46 63
49 59
39 74
45 64
40 72
61 47
54 53
65 44
55 52
46 62
50 57
75 38
73 39
49 58
71 40
43 66
45 63
48 59
47 60
42 67
38 74
54 52
39 72
51 55
70 40
50 56
57 49
45 62
68 41
58 48
37 75
47 59
44 63
71 39
69 40
60 46
53 52
51 54
64 43
55 50
61 45
49 56
37 74
48 57
38 72
42 65
70 39
44 62
58 47
63 43
66 41
52 52
51 53
36 75
71 38
49 55
69 39
56 48
64 42
61 44
67 40
57 47
46 58
41 65
74 36
37 72
38 70
59 45
51 52
53 50
54 49
40 66
44 60
48 55
47 56
73 36
71 37
41 64
61 43
38 69
46 57
58 45
50 52
40 65
53 49
44 59
54 48
35 74
70 37
47 55
43 60
56 46
66 39
57 45
42 61
40 64
71 36
73 35
37 69
58 44
34 75
49 52
38 67
48 53
41 62
54 47
43 59
39 65
42 60
45 56
70 36
63 40
37 68
74 34
57 44
66 38
41 61
50 50
49 51
64 39
52 48
46 54
69 36
73 34
62 40
67 37
42 59
33 75
45 55
65 38
63 39
43 57
49 50
70 35
48 51
36 68
34 72
52 47
74 33
37 66
40 61
54 45
59 41
62 39
34 71
67 36
73 33
56 43
37 65
32 75
47 51
38 63
52 46
53 45
35 68
34 70
39 61
41 58
66 36
72 33
54 44
32 74
64 37
55 43
40 59
38 62
56 42
50 47
51 46
33 71
65 36
52 45
60 39
57 41
44 53
63 37
31 75
40 58
66 35
70 33
32 72
47 49
59 39
46 50
41 56
45 51
74 31
52 44
40 57
38 60
53 43
34 67
69 33
35 65
42 54
63 36
73 31
58 39
37 61
47 48
46 49
30 75
50 45
34 66
33 68
59 38
32 70
56 40
64 35
52 43
36 62
31 72
53 42
57 39
67 33
65 34
48 46
69 32
63 35
58 38
71 31
40 55
44 50
61 36
51 43
73 30
39 56
52 42
66 33
34 64
75 29
41 53
62 35
70 31
57 38
36 60
40 54
30 72
49 44
33 65
31 69
35 61
41 52
71 30
56 38
59 36
40 53
29 73
45 47
44 48
32 66
62 34
31 68
49 43
54 39
28 75
50 42
70 30
41 51
55 38
72 29
65 32
31 67
28 74
30 69
53 39
59 35
48 43
49 42
38 54
32 64
31 66
62 33
73 28
68 30
51 40
35 58
52 39
27 75
46 44
43 47
42 48
56 36
32 63
31 65
53 38
33 61
30 67
49 41
40 50
74 27
39 51
28 71
64 31
32 62
55 36
30 66
33 60
44 45
46 43
38 52
47 42
29 68
34 58
48 41
49 40
35 56
70 28
75 26
65 30
50 39
27 72
36 54
38 51
44 44
45 43
55 35
37 52
26 74
48 40
32 60
33 58
49 39
53 36
68 28
38 50
44 43
31 61
27 70
30 63
42 45
35 54
37 51
33 57
47 40
67 28
75 25
52 36
34 55
49 38
58 32
29 64
53 35
25 74
37 50
43 43
66 28
42 44
33 56
71 26
46 40
34 54
51 36
47 39
25 73
48 38
28 65
35 52
70 26
33 55
49 37
67 27
43 42
41 44
53 34
40 45
60 30
62 29
58 31
46 39
26 69
32 56
28 64
35 51
33 54
27 66
25 71
59 30
61 29
31 57
49 36
42 42
63 28
44 40
32 55
35 50
70 25
53 33
46 38
58 30
60 29
47 37
31 56
28 62
34 51
27 64
32 54
69 25
42 41
43 40
26 66
39 44
52 33
35 49
59 29
57 30
45 38
61 28
55 31
46 37
27 63
25 68
50 34
32 53
47 36
26 65
29 58
48 35
28 60
30 56
40 42
43 39
25 67
31 54
62 27
49 34
37 45
26 64
32 52
36 46
57 29
59 28
55 30
33 50
27 61
35 47
53 31
40 41
42 39
26 63
32 51
34 48
37 44
65 25
58 28
56 29
54 30
45 36
33 49
26 62
52 31
46 35
64 25
32 50
40 40
39 41
34 47
42 38
28 57
55 29
43 37
61 26
48 33
36 44
31 51
45 35
25 63
32 49
28 56
27 58
29 54
46 34
26 60
30 52
41 38
37 42
47 33
31 50
55 28
35 44
27 57
53 29
48 32
34 45
30 51
25 61
49 31
33 46
37 41
56 27
36 42
54 28
52 29
35 43
47 32
25 60
50 30
44 34
31 48
45 33
55 27
53 28
38 39
26 57
29 51
41 36
25 59
42 35
30 49
43 34
31 47
26 56
52 28
33 44
29 50
30 48
32 45
35 41
53 27
55 26
28 51
25 57
33 43
30 47
44 32
38 37
26 54
36 39
50 28
25 56
45 31
34 41
48 29
33 42
30 46
53 26
27 51
43 32
28 49
37 37
38 36
35 39
31 44
29 47
34 40
41 33
52 26
27 50
25 54
28 48
32 42
31 43
36 37
38 35
26 51
39 34
33 40
30 44
42 31
52 25
50 26
27 48
37 35
38 34
30 43
46 28
33 39
51 25
26 49
27 47
42 30
28 45
36 35
37 34
50 25
39 32
48 26
27 46
30 41
35 35
49 25
34 36
47 26
33 37
29 42
31 39
28 43
40 30
35 34
41 29
36 33
32 37
31 38
43 27
29 40
35 33
32 36
46 25
28 41
37 31
44 26
30 38
42 27
39 29
33 34
32 35
28 40
36 31
37 30
27 41
38 29
25 44
39 28
42 26
33 33
34 32
35 31
30 36
40 27
29 37
28 38
32 33
34 31
30 35
25 42
26 40
28 37
25 41
32 32
31 33
34 30
29 35
26 39
36 28
40 25
30 33
26 38
29 34
35 28
39 25
36 27
26 37
33 29
27 35
36 26
31 30
29 32
25 37
33 28
27 34
35 26
25 36
29 31
28 32
27 33
34 26
35 25
30 29
28 31
34 25
29 29
28 30
32 26
33 25
27 30
26 31
32 25
28 28
27 29
30 26
31 25
26 29
30 25
27 27
26 27
25 27
26 25
25 25
