1000 2292
1000
90 90
90 89
88 89
87 89
85 88
83 90
82 90
90 79
86 81
80 87
79 88
89 78
90 76
76 89
75 90
85 79
78 86
88 76
89 75
74 89
90 73
79 83
87 75
82 79
89 72
78 82
77 83
84 76
88 72
75 84
86 73
72 87
88 71
82 76
84 74
69 90
86 72
71 87
78 79
80 77
87 70
79 77
88 69
82 74
83 73
80 75
81 74
83 72
77 77
68 87
73 81
84 70
90 65
86 68
83 70
88 66
69 84
76 76
74 78
90 64
66 87
65 88
85 67
72 79
66 86
69 82
66 85
71 79
87 64
84 66
61 90
72 76
70 78
69 79
80 68
73 74
77 70
61 88
63 85
65 82
77 69
90 59
88 60
65 81
59 89
82 64
76 69
67 78
66 79
70 74
69 75
68 76
67 77
84 61
80 64
71 72
67 76
66 77
71 71
81 62
72 69
76 65
58 85
82 60
63 78
74 66
87 56
90 54
88 55
69 70
64 75
85 56
68 70
78 61
58 82
57 83
53 89
69 68
88 53
63 74
59 79
83 56
80 58
70 66
77 60
78 59
63 73
58 79
68 67
77 59
81 56
50 90
88 51
69 65
58 77
81 55
74 60
87 51
70 63
54 81
50 87
75 58
79 55
57 76
71 61
72 60
83 52
88 49
50 85
64 66
52 81
61 69
60 70
75 56
53 79
89 47
55 76
85 49
73 57
68 61
74 56
88 47
81 51
59 70
53 77
51 80
85 48
59 69
55 74
71 57
66 61
54 74
45 88
86 46
76 52
79 50
68 58
69 57
46 85
75 52
78 50
51 76
88 44
79 49
52 74
62 62
71 54
75 51
45 85
49 78
46 83
72 53
68 56
76 50
73 52
69 55
88 43
61 62
49 77
80 47
43 87
85 44
45 83
69 54
51 73
50 74
84 44
48 77
66 56
42 88
52 71
90 41
80 46
53 69
43 85
50 73
76 48
81 45
51 71
47 77
90 40
60 60
70 51
83 43
81 44
66 54
84 42
72 49
47 75
40 88
78 45
39 90
53 66
42 83
57 61
48 72
69 50
52 66
54 63
85 40
79 43
53 64
77 44
51 66
55 61
54 62
68 49
37 90
52 64
41 81
79 42
51 65
39 85
59 56
60 55
61 54
82 40
39 84
63 52
71 46
55 59
40 81
39 83
49 66
43 75
46 70
37 87
67 48
80 40
41 78
47 68
76 42
59 54
61 52
44 72
51 62
63 50
45 70
43 73
56 56
57 55
87 36
54 58
65 48
41 76
35 89
37 84
74 42
45 69
56 55
41 75
83 37
45 68
43 71
78 39
62 49
74 41
84 36
42 72
56 54
70 43
88 34
83 36
48 62
53 56
74 40
37 80
64 46
89 33
54 54
62 47
71 41
59 49
34 85
78 37
36 80
70 41
55 52
34 84
62 46
57 50
77 37
69 41
47 60
67 42
33 85
57 49
32 87
75 37
73 38
44 63
71 39
79 35
53 52
34 81
64 43
61 45
49 56
35 78
31 88
60 45
50 54
55 49
57 47
65 41
72 37
38 70
66 40
56 47
71 37
46 57
77 34
29 90
65 40
50 52
53 49
54 48
34 76
86 30
39 66
31 83
36 71
69 37
88 29
34 75
52 49
65 39
40 63
72 35
37 68
31 81
66 38
28 89
30 83
71 35
67 37
75 33
88 28
77 32
82 30
57 43
36 68
37 66
33 74
84 29
78 31
69 35
71 34
29 83
37 65
49 49
48 50
30 80
57 42
63 38
35 68
70 34
55 43
38 62
50 47
69 34
26 90
41 57
53 44
31 75
28 83
86 27
43 54
40 58
61 38
26 89
66 35
48 48
72 32
36 64
33 69
63 36
42 54
31 73
48 47
83 27
29 77
74 30
82 27
28 79
47 47
76 29
31 71
40 55
61 36
30 73
78 28
56 39
42 52
34 64
29 75
62 35
36 60
80 27
54 40
74 29
51 42
82 26
25 85
73 29
45 47
88 24
31 68
29 72
48 43
57 36
89 23
66 31
85 24
52 39
78 26
45 45
44 46
61 33
26 77
40 50
54 37
57 35
90 22
53 37
56 35
22 89
26 75
25 78
59 33
27 72
24 81
34 57
42 46
84 23
47 41
55 35
62 31
40 48
30 64
36 53
28 68
34 56
38 50
44 43
61 31
42 45
54 35
30 63
23 82
67 28
25 75
36 52
85 22
55 34
89 21
38 49
21 88
26 71
39 47
30 61
63 29
22 83
73 25
76 24
26 70
79 23
27 67
22 82
44 41
53 34
50 36
60 30
23 78
69 26
28 64
56 32
85 21
27 66
71 25
49 36
32 55
39 45
70 25
38 46
83 21
67 26
54 32
48 36
86 20
30 57
74 23
68 25
77 22
51 33
25 67
54 31
76 22
45 37
26 64
32 52
29 57
27 61
53 31
20 82
78 21
19 86
51 32
44 37
27 60
41 39
42 38
21 76
29 55
27 59
24 66
36 44
83 19
45 35
25 63
27 58
23 68
34 46
40 39
24 65
38 41
25 62
50 31
44 35
90 17
61 25
80 19
33 46
42 36
54 28
35 43
25 60
50 30
44 34
18 83
39 38
37 40
18 82
25 59
46 32
23 64
42 35
22 66
33 44
29 50
21 69
17 85
38 38
39 37
35 41
26 55
22 65
17 84
57 25
79 18
16 88
32 44
19 74
37 38
87 16
20 69
26 53
57 24
76 18
72 19
22 62
31 44
47 29
80 17
26 52
54 25
75 18
17 79
15 89
23 58
37 36
19 70
33 40
22 60
15 88
28 47
73 18
57 23
45 29
62 21
65 20
19 68
71 18
29 44
22 58
53 24
79 16
20 63
16 78
14 89
69 18
54 23
31 40
65 19
56 22
14 88
77 16
47 26
37 33
39 31
71 17
18 67
86 14
24 50
60 20
48 25
19 63
23 52
14 85
18 66
22 54
32 37
28 42
84 14
15 78
18 65
43 27
58 20
89 13
35 33
15 77
21 55
16 72
18 64
25 46
82 14
13 88
20 57
67 17
87 13
59 19
30 37
14 79
85 13
22 50
84 13
32 34
16 68
19 57
45 24
15 72
27 40
22 49
25 43
29 37
71 15
53 20
15 70
25 42
58 18
12 87
80 13
15 69
45 23
47 22
12 86
21 49
57 18
38 27
51 20
63 16
67 15
77 13
71 14
13 76
21 47
41 24
39 25
54 18
27 36
69 14
13 74
32 30
12 80
87 11
50 19
13 73
67 14
52 18
49 19
32 29
44 21
16 57
11 82
25 36
29 31
16 56
11 81
12 74
26 34
49 18
23 38
67 13
58 15
14 62
72 12
18 48
22 39
71 12
16 53
11 77
35 24
84 10
40 21
30 28
56 15
16 52
13 64
25 33
21 39
43 19
24 34
28 29
14 58
13 62
9 89
32 25
57 14
33 24
22 36
66 12
10 79
14 56
29 27
46 17
34 23
39 20
13 60
24 32
51 15
10 76
54 14
21 36
26 29
25 30
83 9
37 20
9 82
32 23
61 12
14 52
29 25
60 12
48 15
13 55
11 65
79 9
8 88
64 11
22 32
54 13
12 58
33 21
23 30
43 16
12 57
68 10
16 42
28 24
8 84
11 61
67 10
9 74
83 8
66 10
33 20
9 73
16 41
72 9
81 8
38 17
15 43
32 20
71 9
13 49
8 79
70 9
18 35
78 8
48 13
7 89
88 7
47 13
8 76
11 55
20 30
23 26
35 17
18 33
16 37
49 12
73 8
11 53
17 34
14 41
9 63
47 12
33 17
22 25
10 55
78 7
45 12
41 13
28 19
76 7
10 53
88 6
33 16
7 75
18 29
58 9
40 13
37 14
11 47
86 6
16 32
10 51
6 85
6 84
7 72
62 8
26 19
41 12
54 9
11 44
7 69
13 37
32 15
53 9
14 34
9 52
14 33
20 23
19 24
35 13
18 25
6 75
30 15
14 32
17 26
63 7
22 20
19 23
31 14
7 62
16 27
48 9
47 9
15 28
7 60
6 69
59 7
10 41
51 8
34 12
68 6
37 11
7 58
15 27
9 44
11 36
30 13
26 15
11 35
27 14
63 6
7 54
47 8
22 17
11 34
12 31
11 33
19 19
12 30
10 36
23 15
31 11
8 42
7 47
7 46
32 10
11 28
7 43
10 30
25 12
29 10
16 18
36 8
7 41
14 20
11 25
21 13
9 30
45 6
7 38
24 11
9 29
13 20
10 26
43 6
32 8
15 17
19 13
27 9
11 22
12 20
26 9
21 11
16 14
6 37
13 17
20 11
30 7
15 14
19 11
9 23
8 25
28 7
19 10
9 21
17 11
31 6
23 8
10 18
15 12
20 9
11 16
9 19
7 24
9 18
8 20
7 22
10 15
12 12
9 15
13 10
14 9
7 17
9 13
14 8
12 8
15 6
11 8
12 7
6 14
8 8
9 7
8 7
9 6
6 8
