1000 2348
1000
90 90
90 87
88 87
88 85
87 85
83 89
87 84
90 81
85 85
80 90
80 89
84 84
85 83
86 82
87 81
89 78
77 90
86 80
79 87
78 88
77 89
76 90
85 80
77 87
90 74
81 82
89 74
80 82
83 79
77 85
81 80
78 83
84 77
87 74
88 73
90 71
76 84
75 85
72 88
81 78
82 77
76 83
85 74
81 77
90 69
85 73
70 88
81 76
82 75
82 74
83 73
89 68
84 72
86 70
78 77
85 70
66 90
77 77
78 76
83 71
76 77
65 90
83 70
84 69
75 77
73 79
86 67
69 83
84 68
76 75
67 85
82 69
64 88
74 76
72 78
62 90
88 63
72 77
62 89
70 78
89 61
86 63
88 61
89 60
77 69
64 83
61 87
68 78
85 62
81 65
86 61
77 68
88 59
72 72
73 71
89 58
86 60
66 78
72 71
70 73
57 89
79 64
60 84
67 75
85 59
86 58
89 56
58 85
88 56
71 69
62 79
69 70
67 72
61 79
75 64
90 53
69 69
56 85
82 58
74 64
86 55
75 63
84 56
58 81
77 61
70 67
72 65
90 52
82 57
53 88
59 79
61 76
81 57
71 65
54 85
52 88
55 83
67 68
56 81
90 50
60 75
70 64
80 56
71 63
81 55
89 50
74 60
69 64
63 70
62 71
55 80
50 88
53 83
77 57
81 54
78 56
52 84
62 70
48 90
83 52
53 81
58 74
69 62
57 75
48 89
52 82
85 50
90 47
67 63
57 74
78 54
82 51
55 76
57 73
52 80
77 54
63 66
68 61
56 74
75 55
65 63
66 62
56 73
77 53
51 80
58 70
90 45
64 63
51 79
53 76
66 61
73 55
50 80
78 51
56 71
53 75
49 81
74 53
89 44
71 55
61 64
60 65
59 66
81 48
67 58
88 44
79 49
43 90
73 53
56 69
74 52
64 60
67 57
47 81
52 73
54 70
84 45
59 64
65 58
56 67
55 68
61 61
53 70
57 65
50 74
48 77
41 90
55 67
54 68
72 51
53 69
48 76
67 54
84 43
44 82
69 52
46 78
76 47
42 85
41 87
81 44
67 53
50 71
61 58
68 52
82 43
44 80
55 64
40 88
69 51
73 48
83 42
43 81
74 47
55 63
77 45
40 86
52 66
44 78
38 90
46 74
81 42
50 68
85 40
70 48
40 84
55 61
67 50
54 62
81 41
42 79
87 38
50 66
75 44
41 80
63 52
68 48
88 37
58 56
47 69
36 90
41 79
38 85
52 62
67 48
89 36
50 64
45 71
42 76
56 57
55 58
65 49
52 61
48 66
45 70
47 67
85 37
57 55
71 44
60 52
76 41
35 89
46 67
81 38
58 53
45 68
62 49
44 69
66 46
41 74
55 55
43 70
51 59
34 88
68 44
61 49
85 35
57 52
39 76
40 74
60 49
35 84
34 86
68 43
37 79
66 44
45 64
35 82
55 52
68 42
73 39
58 49
71 40
86 33
66 43
81 35
48 59
41 69
47 60
32 88
53 53
35 80
90 31
82 34
73 38
53 52
51 54
34 81
32 86
55 50
61 45
76 36
65 42
80 34
50 54
55 49
61 44
40 67
47 57
33 81
89 30
36 74
45 59
68 39
34 78
63 42
66 40
56 47
57 46
34 77
37 70
38 68
29 89
39 66
45 57
71 36
29 88
75 34
43 59
65 39
60 42
90 28
57 44
66 38
56 44
82 30
41 60
35 70
66 37
40 61
53 46
42 58
27 90
41 59
78 31
60 40
38 63
77 31
45 53
58 41
64 37
49 48
29 81
51 46
71 33
60 39
41 57
44 53
37 63
54 43
34 68
70 33
42 55
32 72
64 36
47 49
51 45
46 49
51 44
28 80
26 86
89 25
37 60
41 54
33 67
69 32
71 31
88 25
50 44
66 33
25 87
70 31
27 80
54 40
30 72
77 28
25 86
50 43
37 58
32 67
41 52
76 28
46 46
31 68
62 34
49 43
26 81
27 78
75 28
50 42
38 55
77 27
83 25
61 34
86 24
26 79
54 38
50 41
64 32
89 23
62 33
28 73
85 24
55 37
39 52
25 81
27 75
23 88
63 32
48 42
59 34
69 29
50 40
39 51
71 28
90 22
46 43
23 86
37 53
49 40
26 75
59 33
43 45
87 22
49 39
83 23
53 36
28 68
27 70
90 21
59 32
25 75
34 55
22 85
81 23
35 53
28 66
84 22
40 46
36 51
47 39
63 29
21 87
76 24
48 38
55 33
67 27
42 43
21 86
82 22
34 53
90 20
40 45
50 36
28 64
33 54
27 66
37 48
61 29
42 42
35 50
25 70
46 38
29 60
22 79
56 31
54 32
82 21
86 20
39 44
19 90
45 38
31 55
63 27
50 34
51 33
20 84
73 23
43 39
27 62
38 44
83 20
21 79
50 33
66 25
35 47
31 53
82 20
26 63
38 43
74 22
29 56
28 58
90 18
54 30
62 26
46 35
20 80
25 64
32 50
84 19
27 59
20 79
35 45
29 54
34 46
22 71
50 31
43 36
57 27
29 53
45 34
31 49
22 69
89 17
42 36
29 52
20 75
25 60
50 30
88 17
23 65
71 21
55 27
38 39
37 40
59 25
70 21
18 81
28 52
56 26
25 58
23 63
21 69
85 17
39 37
16 90
41 35
23 62
25 57
33 43
17 83
22 64
52 27
18 78
39 36
26 54
25 56
58 24
53 26
27 51
16 86
25 55
19 72
36 38
47 29
17 80
15 90
42 32
21 64
24 56
61 22
23 58
46 29
36 37
83 16
26 51
53 25
24 55
40 33
23 57
54 24
68 19
40 32
15 85
53 24
47 27
36 35
42 30
50 25
26 48
27 46
62 20
59 21
22 56
36 34
38 32
31 39
28 43
16 75
50 24
35 34
85 14
29 41
33 36
79 15
37 32
28 42
24 49
26 45
30 39
78 15
27 43
29 40
61 19
34 34
35 33
24 48
41 28
44 26
60 19
21 54
13 87
56 20
13 86
14 79
22 50
73 15
52 21
13 84
19 57
60 18
72 15
63 17
89 12
41 26
82 13
16 66
32 33
55 19
65 16
37 28
33 31
51 20
34 30
35 29
22 46
12 84
63 16
14 72
21 48
19 53
67 15
59 17
25 40
45 22
15 66
43 23
58 17
41 24
82 12
70 14
13 75
12 81
36 27
17 57
88 11
37 26
74 13
15 64
17 56
86 11
41 23
26 36
52 18
72 13
12 77
76 12
48 19
38 24
35 26
22 41
90 10
45 20
36 25
29 31
14 64
32 28
47 19
12 74
34 26
18 49
67 13
79 11
24 36
39 22
12 71
50 17
34 25
16 53
18 47
40 21
42 20
15 56
30 28
14 60
27 31
17 49
83 10
69 12
15 55
75 11
43 19
24 34
11 74
58 14
28 29
81 10
26 31
13 62
33 24
44 18
13 60
52 15
30 26
78 10
12 65
10 77
51 15
18 42
54 14
36 21
47 16
75 10
50 15
68 11
9 83
39 19
37 20
9 82
41 18
67 11
49 15
56 13
25 29
16 45
8 90
11 65
27 26
54 13
9 78
28 25
33 21
77 9
15 46
69 10
16 43
31 22
26 26
15 45
27 25
48 14
42 16
61 11
8 83
51 13
82 8
16 41
65 10
8 81
19 34
23 28
11 58
13 49
53 12
18 35
90 7
10 63
89 7
27 23
14 44
22 28
9 68
12 51
18 34
11 55
67 9
8 75
46 13
18 33
22 27
74 8
21 28
12 49
13 45
9 65
73 8
29 20
34 17
16 36
22 26
38 15
17 33
28 20
31 18
8 69
12 46
19 29
9 61
14 39
32 17
8 68
15 36
11 49
14 38
10 53
6 88
44 12
9 58
40 13
11 47
27 19
10 51
15 34
12 42
28 18
83 6
8 62
55 9
82 6
70 7
8 61
48 10
32 15
80 6
19 25
43 11
39 12
26 18
36 13
15 31
8 58
66 7
77 6
46 10
76 6
12 38
11 41
14 32
56 8
7 64
17 26
7 63
11 40
16 27
10 43
6 70
7 60
12 35
14 30
32 13
34 12
8 51
27 15
6 67
10 40
57 7
12 33
11 36
66 6
6 65
13 30
26 15
18 21
22 17
41 9
6 61
52 7
12 30
51 7
21 17
8 44
16 22
39 9
7 50
31 11
26 13
16 21
22 15
47 7
41 8
13 25
54 6
20 16
7 45
13 24
28 11
12 25
41 7
47 6
40 7
9 31
46 6
25 11
7 39
16 17
18 15
19 14
11 24
14 18
6 42
27 9
10 24
13 18
7 33
23 10
15 15
7 32
8 28
37 6
7 31
35 6
10 20
18 11
6 33
27 7
18 10
30 6
13 13
24 7
28 6
7 23
16 10
12 13
25 6
12 12
6 23
15 9
9 14
14 8
16 7
6 18
7 15
7 14
13 7
11 8
6 14
9 8
10 7
7 7
