2222 2726
49
 515 1009
 727  871
 492  745
 235  446
 572 1019
 521  964
 545  423
 334  864
 306  637
 624  613
 479  285
 759  430
 436  345
 661  991
 676  145
 325  437
 255  153
 602 1039
 141 1073
 575  722
 837  192
 865  921
 487  261
 435  255
 470  355
 855  713
 589  214
 200  606
 195  894
 615 1000
 567  753
 852  810
 792  157
 148  610
 333  569
 274  829
 548  905
 289 1027
 460  680
 335  240
 794  415
 473  308
 727  256
 780  737
 560  617
 385  357
 218 1036
 871 1006
 560 1059
