931  254
34
 327   86  18561   4
 271   51   8570   9
  50   99   2674   1
 323   38   7365   9
 113   18    936   1
 124   98   7656   6
 263   21   2154   9
  47   83   2380   1
 340   43  10673   5
  85   72   2326   2
 165   48   5703   8
 251   56   8996   6
 110   90   3465   3
 355   22   3359   2
  93   74   3166   4
 156   99  11120   2
 231   22   3761   8
 203   48   4678   9
 236   27   3059   6
 109   51   2335   7
 160   97  11020   5
 127   46   3973   3
 188   51   4603   3
 157   90   9468   6
 166   87  10688   6
 100   74   3183   4
 128   81   7258   3
 251   23   3291   7
 228   89   6494   2
 102   96   2448   9
  49   25    405   6
 123   18   1595   3
 240   94   6317   6
 320   83  13280   2
