393  554
43
  48   85   2734   2
 125  211   8440   6
  56  135   2495   7
  88  147   5046   8
 142  173  11055   5
 116   80   6311   6
  40  198   5624   4
  98   99   4269   7
  26  179   2653   2
 113  191   6260   6
 135   67   6422   1
 105   73   3756   1
 148  215  23547   3
  51  205   6483   9
  89   82   2044   7
  88  116   5207   2
 113   56   1836   5
  27   52    731   7
  63  208   3408   6
  62  123   4729   1
  86   32   1982   3
  46   59    788   1
  90  156   6740   6
  94  154  10278   8
 116  186   6473   6
  35   99    901   1
 102   85   2341   9
  47  168   3238   5
 154  195  17718   4
 141  100   4372   5
  75  143   6221   7
 146  140   5110   6
  72   77   2994   8
  53  164   3999   2
  53  200   5088   8
  32  185   3908   7
  90  117   5581   1
 124  111   6194   7
  25  161   1128   1
 156  100   8581   3
 108  212   9617   4
 152  177   7265   3
  82   92   4301   4
