 683  138
56
  67   47   1323   5
  61   48    791   2
  38   16    165   7
  78   16    737   3
 265   12   2099   1
 176   14   1528   1
  46   26    515   2
  59   30   1080   4
  67   34   1390   9
 267   36   6729   2
 111   34   1737   2
 270   28   3856   3
 165   51   4881   3
 177   11    585   1
 100   41   2624   8
  78   53   2729   9
 118   10    661   6
 146   31   1223   8
 259   17   1674   3
  39   50    605   8
 179   21   2143   5
 250   47   3291   4
 164   43   3597   2
 140   24   1714   2
 245   20   2156   6
  65   18    773   4
  71   33   1359   8
 185   42   2642   3
 245   22   3612   6
 257   22   4071   7
 102   29   2101   4
 184   44   2186   7
  57   24    944   6
  99   10    525   2
 162   11    660   5
 263   46   5445   6
 127   16   1423   9
 250   15   1051   8
  84   54   3176   9
  96   47   2482   2
 190   34   3166   7
  34    6    115   3
 258   34   2895   7
 253   36   4828   6
 134   20   1984   3
 223   42   6369   8
 107   33   2402   9
 190   48   4469   6
 150   23   1104   2
  77   36   1303   7
 150   46   2071   9
  83   20    781   6
 165   10   1056   7
 122   50   3722   9
 237   37   5613   6
 248   47   8626   3
