HopperT6a.txt
77
97
200 104
1	2	23	15	104	15	
2	1	24	22	
3	3	16	4	6	10	12	4	
4	1	10	2	
5	1	16	16	
6	1	3	20	
7	1	40	16	
8	1	12	10	
9	1	4	19	
10	1	11	39	
11	1	9	36	
12	1	14	28	
13	1	6	22	
14	2	35	37	12	8	
15	2	33	11	9	13	
16	2	10	8	4	12	
17	3	37	101	18	15	7	7	
18	1	49	22	
19	1	35	8	
20	1	10	36	
21	1	17	3	
22	1	21	12	
23	1	4	9	
24	1	17	14	
25	1	5	9	
26	1	4	26	
27	1	94	18	
28	1	29	17	
29	2	5	16	32	8	
30	1	19	20	
31	1	42	23	
32	1	11	9	
33	1	31	9	
34	1	12	11	
35	1	14	55	
36	1	7	7	
37	1	10	50	
38	1	1	6	
39	1	14	4	
40	1	10	2	
41	1	5	1	
42	1	13	21	
43	1	11	50	
44	1	54	16	
45	1	1	5	
46	1	47	18	
47	1	19	13	
48	1	5	32	
49	1	12	44	
50	1	4	6	
51	1	48	11	
52	1	40	16	
53	4	19	31	59	22	5	14	6	34	
54	3	6	17	8	6	6	8	
55	2	6	8	37	10	
56	2	45	14	53	20	
57	1	42	23	
58	1	11	25	
59	1	7	3	
60	2	3	9	3	15	
61	3	1	4	65	22	3	16	
62	1	13	2	
63	1	1	5	
64	1	35	13	
65	1	80	14	
66	1	5	24	
67	1	40	15	
68	1	81	15	
69	1	56	10	
70	1	46	25	
71	1	25	99	
72	1	12	11	
73	1	10	22	
74	1	8	24	
75	1	2	11	
76	2	16	5	2	11	
77	1	14	23	
