HopperN4b.txt
39
49
200 115
1	1	47	22	
2	1	15	78	
3	1	6	19	
4	2	33	12	58	22	
5	1	43	28	
6	1	13	12	
7	1	9	5	
8	1	35	78	
9	2	54	8	15	3	
10	2	9	16	6	3	
11	2	48	38	19	23	
12	4	53	16	19	64	10	24	24	39	
13	1	38	10	
14	1	18	62	
15	1	41	13	
16	1	22	15	
17	1	13	10	
18	1	27	4	
19	1	5	18	
20	1	14	27	
21	1	37	22	
22	2	6	21	15	20	
23	1	7	44	
24	2	92	15	30	5	
25	1	27	41	
26	1	37	20	
27	2	97	14	115	30	
28	1	32	110	
29	1	76	37	
30	1	17	62	
31	1	13	18	
32	1	22	7	
33	1	6	6	
34	1	12	72	
35	1	61	21	
36	1	91	20	
37	1	16	67	
38	1	11	6	
39	1	8	3	
