HopperN7e.txt
157
197
200 102
1	1	20	20	
2	1	10	30	
3	1	1	6	
4	1	4	7	
5	1	38	7	
6	1	13	37	
7	1	5	21	
8	2	25	6	37	8	
9	3	11	11	11	16	5	4	
10	2	15	19	12	11	
11	1	16	12	
12	1	11	13	
13	1	7	17	
14	1	14	10	
15	1	5	13	
16	1	18	4	
17	1	17	8	
18	1	19	4	
19	1	5	1	
20	1	8	4	
21	1	8	10	
22	1	10	3	
23	1	9	21	
24	1	3	9	
25	1	6	36	
26	1	11	3	
27	1	15	73	
28	1	6	5	
29	1	6	1	
30	1	30	9	
31	1	7	15	
32	1	2	5	
33	1	17	53	
34	3	20	3	15	6	3	10	
35	1	7	24	
36	1	10	26	
37	2	2	13	2	5	
38	1	5	15	
39	1	4	6	
40	1	8	21	
41	1	4	26	
42	2	21	5	2	9	
43	1	18	4	
44	1	17	7	
45	1	6	25	
46	1	8	11	
47	1	24	5	
48	1	13	2	
49	1	6	4	
50	1	2	2	
51	1	1	1	
52	1	41	6	
53	1	7	23	
54	1	4	10	
55	1	22	6	
56	1	18	8	
57	1	6	4	
58	1	9	11	
59	1	2	1	
60	1	14	6	
61	1	11	11	
62	1	8	17	
63	1	22	8	
64	1	9	2	
65	1	10	4	
66	1	10	57	
67	2	5	1	32	22	
68	2	6	5	8	5	
69	1	3	3	
70	2	10	2	9	2	
71	1	6	7	
72	3	10	40	9	10	15	18	
73	3	10	8	2	10	12	18	
74	1	4	2	
75	3	31	10	4	4	18	47	
76	1	42	12	
77	1	7	43	
78	1	58	18	
79	1	7	12	
80	1	29	18	
81	1	12	42	
82	1	38	6	
83	1	23	64	
84	2	19	35	3	16	
85	2	10	6	5	5	
86	2	12	22	15	4	
87	1	13	32	
88	1	11	2	
89	1	37	14	
90	1	102	18	
91	1	6	15	
92	2	4	17	25	14	
93	1	30	28	
94	1	8	36	
95	1	11	12	
96	1	4	18	
97	1	11	2	
98	1	15	5	
99	2	7	43	1	3	
100	1	7	3	
101	1	6	24	
102	1	8	13	
103	1	19	21	
104	1	5	3	
105	1	12	2	
106	1	16	5	
107	1	20	9	
108	1	13	16	
109	1	8	16	
110	1	16	80	
111	1	7	43	
112	1	1	3	
113	1	8	3	
114	1	9	31	
115	1	12	8	
116	1	16	20	
117	1	9	2	
118	1	33	12	
119	2	27	27	6	3	
120	1	11	7	
121	1	2	11	
122	1	27	11	
123	1	22	22	
124	4	16	6	11	16	43	12	13	8	
125	3	4	18	2	12	9	20	
126	1	52	14	
127	3	5	5	18	14	5	7	
128	1	4	9	
129	1	9	2	
130	1	13	2	
131	1	8	2	
132	1	11	16	
133	1	47	15	
134	2	4	5	16	12	
135	2	4	3	2	8	
136	2	15	42	14	8	
137	1	9	24	
138	1	57	17	
139	1	19	14	
140	1	18	8	
141	1	7	9	
142	1	13	34	
143	2	26	25	8	16	
144	2	8	3	5	25	
145	4	7	11	4	7	21	15	2	5	
146	1	12	39	
147	1	19	8	
148	1	11	2	
149	1	4	15	
150	1	9	5	
151	1	13	15	
152	2	5	27	24	7	
153	2	18	11	5	6	
154	1	13	6	
155	1	15	32	
156	1	13	3	
157	1	8	31	
