HopperN4d.txt
39
49
200 105
1	1	45	10	
2	1	18	27	
3	1	21	36	
4	1	7	2	
5	1	74	39	
6	1	11	58	
7	1	102	25	
8	2	25	13	15	20	
9	2	81	32	6	29	
10	1	22	105	
11	1	15	8	
12	1	57	17	
13	1	8	8	
14	1	23	54	
15	1	28	6	
16	1	3	4	
17	1	5	13	
18	2	21	26	2	7	
19	1	105	25	
20	1	20	58	
21	1	11	11	
22	1	10	13	
23	1	6	6	
24	1	59	14	
25	1	52	51	
26	2	34	46	21	57	
27	1	18	25	
28	1	24	46	
29	1	74	14	
30	1	9	9	
31	2	29	13	13	28	
32	1	25	13	
33	1	19	19	
34	1	9	4	
35	2	82	41	8	44	
36	2	31	6	5	18	
37	3	24	57	18	27	19	7	
38	2	25	77	13	64	
39	1	10	14	
