HopperT6c.txt
77
97
200 108
1	2	8	4	6	1	
2	1	26	4	
3	1	36	8	
4	1	9	23	
5	1	7	26	
6	1	3	16	
7	1	17	79	
8	1	11	35	
9	1	45	17	
10	1	32	10	
11	1	63	15	
12	1	13	3	
13	3	73	14	24	32	8	55	
14	4	48	21	3	8	10	7	13	5	
15	1	12	10	
16	2	16	67	1	1	
17	1	17	4	
18	1	5	20	
19	1	8	22	
20	1	10	12	
21	1	106	19	
22	1	12	10	
23	1	26	5	
24	1	11	18	
25	1	16	9	
26	1	9	40	
27	1	5	25	
28	1	13	6	
29	1	9	7	
30	1	7	2	
31	2	19	108	25	17	
32	2	16	5	12	8	
33	1	20	3	
34	2	5	18	9	28	
35	3	90	18	29	7	23	24	
36	2	40	28	18	63	
37	1	22	25	
38	3	4	3	13	12	11	66	
39	1	27	7	
40	1	14	49	
41	2	2	9	44	11	
42	1	12	9	
43	1	16	47	
44	1	41	17	
45	2	38	10	22	22	
46	1	89	23	
47	1	8	39	
48	2	5	33	19	7	
49	2	10	30	18	3	
50	1	26	74	
51	2	4	1	15	49	
52	1	11	6	
53	1	16	16	
54	1	13	48	
55	1	6	22	
56	1	20	10	
57	1	9	23	
58	1	12	82	
59	1	2	4	
60	1	11	17	
61	1	1	4	
62	1	11	9	
63	1	2	7	
64	1	10	5	
65	1	4	20	
66	1	30	87	
67	1	14	22	
68	1	30	12	
69	1	9	14	
70	1	20	35	
71	1	32	8	
72	1	11	31	
73	1	6	9	
74	1	20	8	
75	1	13	13	
76	1	7	8	
77	1	11	35	
