HopperT7b.txt
159
199
200 94
1	1	41	14	
2	1	10	10	
3	1	4	21	
4	1	5	27	
5	1	22	9	
6	1	9	12	
7	1	4	17	
8	1	11	9	
9	1	4	8	
10	1	19	9	
11	1	14	94	
12	1	4	7	
13	1	11	48	
14	1	29	19	
15	1	7	24	
16	1	3	17	
17	1	8	8	
18	1	24	10	
19	1	9	21	
20	1	6	4	
21	1	24	20	
22	1	13	6	
23	1	20	5	
24	4	13	6	7	32	9	9	17	15	
25	3	5	8	15	23	4	13	
26	2	50	19	5	10	
27	3	12	6	6	4	10	20	
28	1	26	10	
29	1	9	31	
30	1	4	25	
31	1	12	23	
32	1	4	20	
33	3	21	9	19	3	10	7	
34	1	27	4	
35	1	9	12	
36	2	13	8	13	7	
37	3	11	27	38	8	12	5	
38	1	9	2	
39	1	5	31	
40	1	13	17	
41	1	29	10	
42	1	15	3	
43	1	32	7	
44	1	1	3	
45	1	15	5	
46	1	4	3	
47	2	6	3	6	20	
48	2	15	3	11	10	
49	3	20	8	18	6	8	28	
50	1	13	5	
51	1	9	9	
52	2	13	21	38	19	
53	1	13	43	
54	2	25	6	16	10	
55	4	18	40	19	7	9	6	11	75	
56	2	8	9	3	8	
57	1	3	12	
58	1	64	17	
59	1	5	10	
60	1	45	29	
61	1	5	28	
62	1	4	12	
63	1	10	8	
64	2	50	8	17	9	
65	2	16	12	10	8	
66	1	9	3	
67	1	19	6	
68	2	45	12	4	9	
69	1	2	8	
70	1	21	8	
71	1	52	8	
72	1	16	7	
73	1	26	8	
74	1	8	13	
75	1	3	8	
76	1	10	4	
77	1	7	14	
78	1	24	4	
79	1	74	12	
80	1	10	12	
81	1	5	9	
82	1	15	4	
83	1	9	4	
84	1	22	32	
85	1	6	10	
86	1	16	19	
87	1	18	9	
88	1	7	35	
89	1	8	27	
90	1	2	6	
91	1	7	31	
92	1	9	28	
93	1	30	9	
94	1	10	20	
95	1	9	3	
96	1	8	22	
97	1	4	14	
98	1	4	4	
99	1	11	10	
100	1	45	19	
101	1	3	16	
102	1	13	26	
103	1	15	14	
104	1	27	4	
105	1	9	17	
106	1	3	10	
107	1	23	6	
108	1	18	9	
109	1	9	25	
110	1	17	26	
111	4	11	9	5	3	33	22	18	12	
112	2	9	7	5	15	
113	2	4	5	27	28	
114	1	6	10	
115	2	12	7	5	23	
116	1	4	28	
117	1	41	10	
118	1	11	5	
119	1	10	30	
120	1	15	4	
121	1	12	24	
122	2	9	21	8	12	
123	1	12	28	
124	1	12	4	
125	1	4	4	
126	1	11	3	
127	1	14	27	
128	1	17	17	
129	1	5	30	
130	1	13	6	
131	1	2	9	
132	1	27	25	
133	1	10	17	
134	1	12	25	
135	1	8	48	
136	1	27	14	
137	1	10	8	
138	1	41	18	
139	1	9	6	
140	2	4	20	4	1	
141	1	22	17	
142	1	8	13	
143	3	11	8	5	22	3	6	
144	1	31	5	
145	2	2	10	9	3	
146	1	11	27	
147	3	18	3	7	17	3	5	
148	2	23	4	4	1	
149	1	38	10	
150	1	1	2	
151	1	7	25	
152	1	25	4	
153	1	21	5	
154	1	41	18	
155	1	29	12	
156	1	5	4	
157	1	9	4	
158	1	5	8	
159	1	41	9	
