HopperN5a.txt
58
73
200 112
1	1	38	9	
2	1	11	13	
3	1	10	19	
4	2	17	8	11	32	
5	3	12	50	38	8	39	10	
6	1	23	34	
7	1	37	29	
8	1	4	4	
9	1	5	8	
10	1	22	112	
11	1	9	48	
12	1	25	21	
13	1	19	64	
14	1	11	2	
15	1	33	35	
16	1	6	6	
17	1	47	18	
18	1	8	41	
19	1	31	22	
20	1	17	57	
21	1	21	24	
22	2	25	19	10	24	
23	1	4	13	
24	1	32	5	
25	1	28	60	
26	3	94	24	49	18	19	3	
27	2	28	20	13	13	
28	2	7	5	19	44	
29	1	41	19	
30	1	4	6	
31	2	13	35	7	26	
32	1	16	39	
33	2	35	22	20	5	
34	1	2	12	
35	3	35	38	10	2	13	3	
36	1	29	56	
37	1	36	10	
38	3	25	61	6	21	72	23	
39	1	11	6	
40	1	4	10	
41	1	43	52	
42	1	5	31	
43	1	52	24	
44	1	8	29	
45	1	57	26	
46	1	3	5	
47	1	2	7	
48	1	4	24	
49	1	41	10	
50	2	13	12	9	10	
51	1	17	51	
52	1	34	14	
53	1	7	30	
54	1	11	68	
55	1	9	32	
56	1	9	4	
57	1	14	25	
58	1	33	6	
