HopperN4a.txt
39
49
200 93
1	1	41	50	
2	1	20	20	
3	2	77	25	20	93	
4	1	10	54	
5	1	41	14	
6	3	18	21	20	18	12	31	
7	1	21	38	
8	1	11	45	
9	1	23	48	
10	2	4	26	19	59	
11	2	33	17	15	57	
12	1	61	9	
13	1	72	15	
14	1	74	18	
15	1	53	27	
16	1	9	32	
17	1	63	16	
18	1	26	29	
19	1	11	23	
20	1	8	4	
21	1	11	6	
22	1	3	16	
23	2	10	5	4	23	
24	1	30	10	
25	1	71	28	
26	1	4	12	
27	1	13	24	
28	1	86	49	
29	1	29	58	
30	2	18	7	20	26	
31	1	57	37	
32	1	17	33	
33	2	23	27	8	15	
34	1	18	23	
35	2	14	64	6	12	
36	2	51	34	31	26	
37	1	52	55	
38	1	7	11	
39	1	12	5	
