HopperT4e.txt
39
49
200 115
1	2	13	12	19	23	
2	2	14	27	9	5	
3	1	27	4	
4	1	12	72	
5	1	7	44	
6	1	13	18	
7	1	6	3	
8	1	35	78	
9	1	53	16	
10	1	38	10	
11	2	9	16	37	22	
12	1	22	7	
13	1	5	18	
14	2	13	10	37	20	
15	1	76	37	
16	2	47	22	17	62	
17	3	58	22	48	38	11	6	
18	1	92	15	
19	1	16	67	
20	1	61	21	
21	1	15	20	
22	2	22	15	54	8	
23	1	15	78	
24	1	18	62	
25	1	30	5	
26	1	43	28	
27	1	24	39	
28	1	8	3	
29	1	27	41	
30	1	97	14	
31	3	19	64	41	13	6	6	
32	1	115	30	
33	1	10	24	
34	1	32	110	
35	1	6	21	
36	1	6	19	
37	1	15	3	
38	1	33	12	
39	1	91	20	
