HopperT5d.txt
58
73
200 97
1	1	73	40	
2	1	11	17	
3	2	14	43	34	10	
4	1	31	15	
5	5	3	1	19	38	34	8	35	14	12	7	
6	1	5	33	
7	1	23	11	
8	1	7	15	
9	1	31	7	
10	1	13	27	
11	1	1	4	
12	1	22	18	
13	1	22	18	
14	1	26	9	
15	1	43	18	
16	1	56	20	
17	1	27	30	
18	1	58	20	
19	1	23	17	
20	1	11	7	
21	1	30	9	
22	2	17	52	12	63	
23	2	3	2	10	24	
24	1	30	16	
25	1	3	12	
26	1	26	12	
27	2	68	47	42	9	
28	1	74	25	
29	2	12	55	15	12	
30	1	4	11	
31	1	10	6	
32	1	81	15	
33	1	13	2	
34	1	35	13	
35	1	9	34	
36	1	14	82	
37	1	20	29	
38	2	4	25	18	20	
39	1	76	24	
40	1	30	20	
41	1	23	11	
42	2	17	64	27	16	
43	2	40	8	11	42	
44	1	11	12	
45	1	17	31	
46	1	27	4	
47	2	14	28	45	7	
48	3	41	16	12	11	39	13	
49	1	19	25	
50	1	21	4	
51	1	8	20	
52	1	53	11	
53	1	32	32	
54	1	14	52	
55	1	57	17	
56	1	16	97	
57	1	15	23	
58	1	7	36	
