HopperT5a.txt
58
73
200 96
1	2	49	19	19	30	
2	2	3	9	23	8	
3	2	9	37	23	35	
4	1	21	15	
5	2	23	7	13	65	
6	2	58	17	88	13	
7	2	15	9	27	69	
8	1	19	5	
9	1	14	19	
10	1	59	14	
11	1	11	4	
12	1	16	18	
13	1	24	16	
14	1	20	5	
15	1	3	9	
16	1	9	25	
17	1	60	14	
18	1	31	9	
19	1	8	9	
20	1	22	61	
21	1	16	5	
22	1	8	51	
23	3	49	27	2	3	14	91	
24	1	10	42	
25	1	8	4	
26	1	12	54	
27	1	68	23	
28	2	9	30	18	10	
29	3	32	12	22	33	2	4	
30	1	35	14	
31	1	7	26	
32	1	11	42	
33	1	30	90	
34	1	8	49	
35	1	29	18	
36	1	9	30	
37	1	28	20	
38	2	9	4	7	31	
39	2	6	34	5	1	
40	1	5	13	
41	2	20	58	96	28	
42	1	55	18	
43	1	13	3	
44	2	11	42	41	21	
45	1	4	11	
46	1	16	79	
47	1	4	23	
48	1	23	5	
49	1	23	4	
50	1	47	8	
51	1	12	27	
52	1	21	4	
53	1	21	81	
54	1	3	10	
55	1	86	23	
56	1	23	39	
57	1	10	18	
58	1	12	9	
