HopperT7a.txt
159
199
200 97
1	1	18	18	
2	1	8	18	
3	2	2	12	5	2	
4	2	7	23	12	10	
5	2	10	3	10	12	
6	1	34	28	
7	1	13	9	
8	1	7	23	
9	2	19	3	7	11	
10	2	31	13	13	9	
11	1	3	19	
12	2	14	4	10	6	
13	2	7	13	5	5	
14	1	19	16	
15	1	15	11	
16	2	39	32	12	5	
17	3	7	23	7	5	28	19	
18	1	7	5	
19	1	5	23	
20	1	7	17	
21	1	4	16	
22	2	19	13	5	28	
23	1	12	76	
24	1	9	9	
25	1	45	43	
26	4	39	9	9	3	4	5	1	3	
27	2	4	9	7	17	
28	1	31	5	
29	2	16	16	16	12	
30	1	12	21	
31	3	9	16	11	17	8	40	
32	3	11	23	22	12	6	15	
33	3	4	18	26	7	14	16	
34	1	19	6	
35	2	44	13	13	8	
36	2	19	9	18	7	
37	1	30	5	
38	1	1	6	
39	1	19	7	
40	2	9	5	21	13	
41	1	9	7	
42	1	9	43	
43	1	4	24	
44	1	9	2	
45	1	47	9	
46	1	7	29	
47	1	10	25	
48	1	5	13	
49	1	15	9	
50	1	20	7	
51	1	7	23	
52	1	9	41	
53	1	6	32	
54	1	8	17	
55	1	41	8	
56	1	12	30	
57	1	30	24	
58	1	7	8	
59	1	7	6	
60	1	7	3	
61	1	11	7	
62	1	11	2	
63	1	7	17	
64	1	1	5	
65	1	22	6	
66	1	6	5	
67	1	26	11	
68	3	18	32	3	3	12	9	
69	2	3	3	3	12	
70	1	35	6	
71	1	17	19	
72	1	7	16	
73	2	22	4	8	24	
74	1	14	27	
75	1	3	21	
76	1	97	19	
77	1	35	21	
78	1	18	39	
79	1	8	11	
80	1	4	12	
81	1	4	4	
82	1	48	7	
83	1	4	22	
84	1	11	11	
85	2	16	7	17	13	
86	1	6	5	
87	2	8	30	4	2	
88	2	8	22	8	3	
89	1	1	7	
90	1	13	6	
91	1	4	7	
92	2	4	5	5	12	
93	2	20	8	67	16	
94	1	8	27	
95	1	5	5	
96	1	11	5	
97	1	15	29	
98	1	3	1	
99	1	4	17	
100	1	9	9	
101	1	37	13	
102	1	6	39	
103	1	18	6	
104	1	10	5	
105	1	41	12	
106	1	13	5	
107	1	8	4	
108	1	17	60	
109	1	26	27	
110	1	35	17	
111	1	3	1	
112	1	23	31	
113	1	5	16	
114	1	47	9	
115	1	5	5	
116	1	8	27	
117	1	11	17	
118	1	4	5	
119	1	13	16	
120	1	2	3	
121	1	11	11	
122	1	2	12	
123	1	6	9	
124	1	5	19	
125	1	15	9	
126	1	7	12	
127	1	8	4	
128	1	10	4	
129	1	50	10	
130	1	62	9	
131	1	8	6	
132	1	14	5	
133	1	7	12	
134	1	4	18	
135	1	12	7	
136	1	8	46	
137	1	6	33	
138	1	4	5	
139	1	17	19	
140	1	12	8	
141	1	14	6	
142	1	7	10	
143	1	7	21	
144	1	21	21	
145	1	7	18	
146	1	16	28	
147	2	6	18	10	8	
148	1	8	4	
149	2	4	13	5	5	
150	3	4	12	6	7	12	24	
151	1	14	9	
152	1	11	18	
153	1	16	5	
154	1	16	21	
155	2	2	5	6	3	
156	2	7	19	3	9	
157	1	5	23	
158	1	16	9	
159	1	4	5	
