HopperT5b.txt
58
73
200 106
1	1	6	22	
2	1	7	26	
3	1	9	9	
4	1	9	62	
5	1	8	6	
6	1	27	43	
7	1	103	36	
8	1	5	17	
9	1	17	5	
10	1	83	14	
11	1	28	16	
12	1	13	53	
13	1	10	32	
14	1	22	28	
15	1	35	7	
16	1	3	8	
17	1	35	10	
18	1	26	31	
19	1	4	11	
20	1	19	6	
21	1	11	61	
22	1	16	48	
23	1	64	14	
24	1	37	18	
25	1	38	9	
26	1	10	10	
27	1	10	4	
28	1	13	2	
29	2	18	30	26	88	
30	1	9	11	
31	1	10	17	
32	2	10	52	22	4	
33	3	29	23	18	7	3	6	
34	2	24	36	6	9	
35	2	4	23	10	25	
36	2	35	17	3	2	
37	4	4	26	3	14	21	60	9	28	
38	1	13	33	
39	1	7	20	
40	1	24	5	
41	2	11	8	5	22	
42	1	100	18	
43	1	12	17	
44	1	30	90	
45	1	35	8	
46	1	83	23	
47	1	9	41	
48	1	1	6	
49	1	9	38	
50	1	17	11	
51	2	11	57	12	36	
52	2	23	32	23	4	
53	1	25	106	
54	3	21	36	11	30	7	20	
55	1	58	26	
56	1	75	13	
57	1	11	58	
58	1	3	10	
