HopperN5e.txt
14
73
200 123
1	4	15	50	25	7	18	29	27	48	
2	4	5	27	50	55	16	55	12	32	
3	10	6	17	14	11	19	123	9	44	17	80	101	17	39	6	12	40	36	21	37	9	
4	7	29	70	28	79	28	17	17	21	6	1	36	33	6	16	
5	5	17	89	12	53	10	10	30	7	2	11	
6	6	60	12	26	9	10	41	9	22	46	22	11	22	
7	6	16	20	21	36	12	30	68	19	15	63	7	22	
8	11	17	8	3	9	31	36	11	5	31	8	18	14	6	14	10	34	21	9	45	26	8	4	
9	2	6	13	13	16	
10	4	6	35	26	4	7	3	19	12	
11	4	9	2	46	13	11	44	56	10	
12	3	33	10	30	5	18	6	
13	5	70	18	39	24	9	35	17	9	10	5	
14	2	7	41	3	1	
