HopperN6e.txt
19
97
200 108
1	8	5	20	12	9	20	3	8	4	2	7	44	11	16	67	1	1	
2	4	25	17	17	79	17	4	12	10	
3	6	89	23	45	17	14	22	26	74	7	26	3	8	
4	7	63	15	106	19	36	8	40	28	13	13	8	39	1	4	
5	6	9	14	6	9	73	14	26	4	10	7	2	4	
6	7	16	5	12	82	13	12	18	63	11	9	11	31	11	66	
7	4	22	25	10	12	29	7	10	30	
8	9	90	18	16	9	27	7	32	8	20	10	32	10	26	5	23	24	22	22	
9	5	7	8	9	23	48	21	30	87	9	40	
10	5	5	33	2	9	18	3	24	32	11	35	
11	9	30	12	4	3	5	25	11	18	16	16	8	22	20	35	19	7	16	47	
12	4	11	17	9	23	3	16	7	2	
13	1	14	49	
14	3	38	10	13	6	12	10	
15	4	4	1	4	20	6	1	9	7	
16	4	13	48	11	6	8	55	5	18	
17	3	41	17	20	8	13	5	
18	4	19	108	10	5	15	49	13	3	
19	4	12	8	11	35	6	22	9	28	
