100 5 1
100 100 1 10000
74 63 1 3594
54 68 1 2406
70 70 1 3880
93 94 1 8490
0 36 38  1
1 74 74  1
2 75 18  1
3 48 38  1
4 97 27  1
5 49 4  1
6 29 14  1
7 85 24  1
8 16 28  1
9 35 46  1
10 6 20  1
11 20 21  1
12 48 41  1
13 33 49  1
14 44 39  1
15 24 30  1
16 43 15  1
17 43 14  1
18 44 19  1
19 40 50  1
20 99 1  1
21 14 40  1
22 69 11  1
23 17 33  1
24 16 49  1
25 47 85  1
26 29 14  1
27 6 27  1
28 45 8  1
29 42 28  1
30 14 30  1
31 69 32  1
32 36 29  1
33 48 39  1
34 11 7  1
35 18 100  1
36 39 12  1
37 16 12  1
38 19 45  1
39 92 78  1
40 3 6  1
41 46 47  1
42 39 45  1
43 27 19  1
44 85 12  1
45 37 44  1
46 21 7  1
47 25 21  1
48 77 30  1
49 40 2  1
50 14 31  1
51 33 35  1
52 16 9  1
53 5 22  1
54 69 65  1
55 4 11  1
56 26 50  1
57 31 3  1
58 36 13  1
59 36 48  1
60 49 3  1
61 78 46  1
62 15 21  1
63 30 47  1
64 33 17  1
65 19 1  1
66 5 41  1
67 85 57  1
68 29 43  1
69 30 17  1
70 6 23  1
71 2 30  1
72 37 31  1
73 3 45  1
74 20 17  1
75 31 14  1
76 6 30  1
77 37 35  1
78 97 22  1
79 80 9  1
80 37 41  1
81 34 91  1
82 87 39  1
83 24 17  1
84 29 14  1
85 42 50  1
86 30 17  1
87 38 36  1
88 34 49  1
89 11 82  1
90 40 8  1
91 62 66  1
92 49 45  1
93 43 11  1
94 12 9  1
95 50 9  1
96 27 67  1
97 36 72  1
98 45 23  1
99 49 13  1
