80 5 1
100 100 1 10000
85 69 1 5038
61 82 1 4002
59 82 1 3805
58 57 1 1967
0 94 27  1
1 99 15  1
2 69 10  1
3 70 31  1
4 80 21  1
5 96 49  1
6 94 10  1
7 71 21  1
8 14 26  1
9 66 45  1
10 39 80  1
11 22 22  1
12 77 43  1
13 79 3  1
14 99 44  1
15 98 36  1
16 88 22  1
17 1 22  1
18 79 28  1
19 88 11  1
20 72 13  1
21 93 52  1
22 3 25  1
23 87 48  1
24 48 15  1
25 47 45  1
26 98 33  1
27 94 46  1
28 99 29  1
29 74 49  1
30 67 2  1
31 74 6  1
32 73 4  1
33 40 15  1
34 21 89  1
35 96 77  1
36 89 41  1
37 79 93  1
38 100 27  1
39 91 60  1
40 79 40  1
41 80 82  1
42 94 31  1
43 48 69  1
44 77 50  1
45 95 33  1
46 96 48  1
47 76 13  1
48 75 72  1
49 77 46  1
50 9 83  1
51 97 31  1
52 96 56  1
53 67 20  1
54 90 15  1
55 37 73  1
56 28 66  1
57 100 6  1
58 81 16  1
59 94 3  1
60 80 9  1
61 71 3  1
62 22 86  1
63 69 6  1
64 84 28  1
65 86 12  1
66 89 4  1
67 32 80  1
68 44 71  1
69 12 33  1
70 56 90  1
71 20 48  1
72 81 50  1
73 6 16  1
74 41 92  1
75 20 37  1
76 74 4  1
77 74 10  1
78 91 48  1
79 87 37  1
