40 5 1
30 30 1 900
16 19 1 184
15 29 1 342
18 21 1 273
25 29 1 689
0 6 3  1
1 1 7  1
2 7 5  1
3 4 4  1
4 4 1  1
5 2 10  1
6 7 5  1
7 2 6  1
8 2 5  1
9 6 7  1
10 6 1  1
11 8 10  1
12 1 9  1
13 6 8  1
14 10 7  1
15 1 3  1
16 1 4  1
17 7 4  1
18 6 6  1
19 2 1  1
20 10 1  1
21 8 1  1
22 9 9  1
23 8 9  1
24 5 5  1
25 1 8  1
26 2 7  1
27 7 1  1
28 8 6  1
29 1 7  1
30 5 7  1
31 1 6  1
32 6 6  1
33 9 3  1
34 10 6  1
35 7 7  1
36 8 1  1
37 5 7  1
38 3 8  1
39 2 8  1
