80 5 1
100 100 1 10000
80 50 1 2800
70 95 1 5980
66 79 1 4256
89 66 1 5048
0 20 73  1
1 31 84  1
2 37 77  1
3 55 78  1
4 31 84  1
5 33 71  1
6 4 93  1
7 13 76  1
8 53 54  1
9 98 2  1
10 33 82  1
11 82 65  1
12 39 97  1
13 21 70  1
14 23 79  1
15 74 26  1
16 35 47  1
17 8 82  1
18 75 76  1
19 55 99  1
20 93 59  1
21 6 67  1
22 89 95  1
23 10 89  1
24 13 34  1
25 17 95  1
26 15 83  1
27 26 86  1
28 44 80  1
29 92 44  1
30 2 78  1
31 3 91  1
32 87 68  1
33 22 71  1
34 1 81  1
35 43 70  1
36 94 29  1
37 66 83  1
38 11 92  1
39 96 37  1
40 71 50  1
41 23 79  1
42 33 76  1
43 6 86  1
44 36 88  1
45 94 18  1
46 77 4  1
47 30 35  1
48 26 85  1
49 22 85  1
50 12 69  1
51 66 50  1
52 27 89  1
53 14 100  1
54 20 77  1
55 14 85  1
56 40 67  1
57 17 34  1
58 38 94  1
59 23 77  1
60 15 88  1
61 32 86  1
62 78 27  1
63 44 78  1
64 1 24  1
65 9 90  1
66 11 82  1
67 26 31  1
68 49 84  1
69 47 68  1
70 15 88  1
71 21 69  1
72 9 94  1
73 47 89  1
74 30 68  1
75 27 94  1
76 86 18  1
77 9 27  1
78 7 90  1
79 44 93  1
