100 5 1
100 100 1 10000
91 69 1 5534
84 91 1 7172
58 98 1 4820
57 76 1 3198
0 83 8  1
1 85 6  1
2 43 54  1
3 79 42  1
4 49 92  1
5 43 59  1
6 81 32  1
7 20 34  1
8 48 19  1
9 88 78  1
10 96 32  1
11 59 36  1
12 1 80  1
13 78 85  1
14 76 8  1
15 21 37  1
16 65 95  1
17 99 36  1
18 45 51  1
19 59 60  1
20 28 20  1
21 76 20  1
22 58 81  1
23 63 60  1
24 13 45  1
25 63 58  1
26 3 56  1
27 55 26  1
28 74 91  1
29 50 7  1
30 3 63  1
31 91 80  1
32 2 14  1
33 58 55  1
34 14 24  1
35 60 77  1
36 17 3  1
37 42 25  1
38 24 96  1
39 83 8  1
40 77 81  1
41 93 71  1
42 55 68  1
43 17 93  1
44 69 2  1
45 32 84  1
46 63 61  1
47 50 88  1
48 15 55  1
49 15 84  1
50 37 30  1
51 4 83  1
52 73 64  1
53 30 29  1
54 99 66  1
55 36 99  1
56 29 83  1
57 100 5  1
58 5 90  1
59 34 92  1
60 7 1  1
61 81 37  1
62 44 58  1
63 19 51  1
64 62 40  1
65 60 79  1
66 37 58  1
67 48 99  1
68 82 57  1
69 61 21  1
70 41 13  1
71 10 90  1
72 91 39  1
73 40 84  1
74 44 79  1
75 27 13  1
76 44 10  1
77 84 23  1
78 69 43  1
79 54 92  1
80 29 24  1
81 16 29  1
82 70 30  1
83 81 80  1
84 69 71  1
85 92 23  1
86 38 93  1
87 28 69  1
88 20 73  1
89 1 61  1
90 93 22  1
91 53 78  1
92 70 85  1
93 64 31  1
94 93 39  1
95 44 65  1
96 41 96  1
97 38 56  1
98 25 100  1
99 23 17  1
