40 5 1
100 100 1 10000
97 56 1 4518
99 72 1 6553
88 75 1 5920
87 87 1 7082
0 74 1  1
1 88 24  1
2 77 16  1
3 7 98  1
4 81 9  1
5 71 22  1
6 88 29  1
7 39 100  1
8 45 85  1
9 98 31  1
10 11 68  1
11 88 16  1
12 86 9  1
13 46 67  1
14 66 41  1
15 87 92  1
16 83 1  1
17 70 35  1
18 67 39  1
19 68 31  1
20 88 5  1
21 86 30  1
22 65 99  1
23 88 32  1
24 66 21  1
25 75 36  1
26 93 21  1
27 81 44  1
28 87 48  1
29 10 4  1
30 76 53  1
31 83 17  1
32 24 37  1
33 78 33  1
34 82 49  1
35 88 52  1
36 28 38  1
37 91 25  1
38 89 5  1
39 75 50  1
