60 5 1
300 300 1 90000
252 156 1 29174
195 283 1 48222
171 213 1 25707
243 224 1 47318
0 74 71  1
1 75 26  1
2 48 48  1
3 17 27  1
4 36 84  1
5 95 75  1
6 16 89  1
7 53 48  1
8 98 8  1
9 70 57  1
10 27 18  1
11 56 47  1
12 80 31  1
13 55 94  1
14 70 91  1
15 47 11  1
16 40 76  1
17 40 41  1
18 69 96  1
19 81 63  1
20 66 97  1
21 46 87  1
22 77 56  1
23 48 59  1
24 80 85  1
25 30 55  1
26 85 27  1
27 70 88  1
28 38 60  1
29 79 100  1
30 15 96  1
31 2 71  1
32 28 80  1
33 16 11  1
34 21 88  1
35 33 65  1
36 73 31  1
37 97 10  1
38 94 56  1
39 86 58  1
40 28 38  1
41 11 53  1
42 55 90  1
43 16 72  1
44 83 55  1
45 79 28  1
46 59 12  1
47 12 64  1
48 59 72  1
49 58 58  1
50 96 78  1
51 96 21  1
52 13 10  1
53 36 98  1
54 88 77  1
55 23 67  1
56 32 24  1
57 35 38  1
58 90 30  1
59 83 56  1
