100 5 1
100 100 1 10000
95 94 1 8716
60 60 1 2320
75 95 1 6550
99 97 1 9523
0 48 97  1
1 18 71  1
2 46 9  1
3 49 94  1
4 22 82  1
5 33 67  1
6 25 96  1
7 19 94  1
8 7 15  1
9 8 71  1
10 66 90  1
11 1 68  1
12 4 78  1
13 46 84  1
14 20 99  1
15 44 84  1
16 13 87  1
17 45 69  1
18 34 78  1
19 49 74  1
20 89 7  1
21 6 98  1
22 60 99  1
23 16 72  1
24 16 96  1
25 85 49  1
26 49 95  1
27 94 67  1
28 10 96  1
29 13 75  1
30 48 98  1
31 34 38  1
32 15 68  1
33 71 40  1
34 10 75  1
35 36 79  1
36 32 84  1
37 16 84  1
38 33 94  1
39 49 74  1
40 11 10  1
41 90 27  1
42 17 87  1
43 25 78  1
44 1 69  1
45 16 92  1
46 13 88  1
47 11 90  1
48 4 74  1
49 71 11  1
50 21 97  1
51 10 75  1
52 17 88  1
53 13 97  1
54 41 80  1
55 20 68  1
56 43 74  1
57 29 94  1
58 22 70  1
59 41 69  1
60 30 5  1
61 7 99  1
62 15 69  1
63 25 79  1
64 29 71  1
65 46 78  1
66 20 76  1
67 79 45  1
68 39 82  1
69 47 99  1
70 36 91  1
71 27 87  1
72 73 2  1
73 9 94  1
74 14 79  1
75 45 86  1
76 45 94  1
77 83 96  1
78 4 15  1
79 25 93  1
80 90 91  1
81 79 12  1
82 69 21  1
83 17 74  1
84 48 68  1
85 17 40  1
86 78 39  1
87 70 95  1
88 77 28  1
89 26 86  1
90 43 19  1
91 35 94  1
92 47 74  1
93 47 86  1
94 29 72  1
95 12 98  1
96 93 10  1
97 79 93  1
98 27 75  1
99 50 76  1
