100 5 1
100 100 1 10000
60 66 1 2752
95 94 1 8716
52 66 1 2118
75 61 1 3490
0 24 80  1
1 3 68  1
2 75 62  1
3 12 41  1
4 5 70  1
5 24 69  1
6 13 68  1
7 40 99  1
8 48 69  1
9 8 19  1
10 12 9  1
11 29 78  1
12 3 76  1
13 3 96  1
14 22 24  1
15 30 49  1
16 19 91  1
17 10 87  1
18 44 66  1
19 42 94  1
20 98 20  1
21 28 86  1
22 28 93  1
23 17 97  1
24 37 75  1
25 57 90  1
26 24 94  1
27 2 73  1
28 38 80  1
29 50 12  1
30 31 67  1
31 50 93  1
32 1 92  1
33 3 97  1
34 50 84  1
35 9 85  1
36 26 78  1
37 78 40  1
38 30 74  1
39 30 86  1
40 74 10  1
41 45 98  1
42 22 72  1
43 13 95  1
44 10 74  1
45 33 76  1
46 76 68  1
47 7 77  1
48 20 85  1
49 89 46  1
50 91 90  1
51 13 67  1
52 41 68  1
53 45 92  1
54 19 81  1
55 30 66  1
56 74 92  1
57 68 91  1
58 7 76  1
59 10 72  1
60 19 95  1
61 53 56  1
62 8 80  1
63 50 87  1
64 25 68  1
65 50 33  1
66 20 92  1
67 3 75  1
68 43 84  1
69 9 81  1
70 44 78  1
71 17 8  1
72 81 12  1
73 29 81  1
74 29 71  1
75 43 75  1
76 14 71  1
77 60 84  1
78 26 73  1
79 31 87  1
80 17 76  1
81 4 8  1
82 35 82  1
83 79 60  1
84 32 90  1
85 9 95  1
86 69 50  1
87 41 67  1
88 8 77  1
89 75 89  1
90 38 91  1
91 13 5  1
92 96 60  1
93 4 99  1
94 87 36  1
95 48 19  1
96 45 76  1
97 96 18  1
98 37 98  1
99 43 97  1
