100 5 1
100 100 1 10000
80 63 1 4048
53 66 1 2197
86 95 1 7804
84 58 1 3846
0 4 43  1
1 22 84  1
2 21 25  1
3 22 30  1
4 16 10  1
5 24 10  1
6 39 48  1
7 30 18  1
8 40 92  1
9 38 4  1
10 68 83  1
11 50 18  1
12 26 30  1
13 14 10  1
14 10 29  1
15 32 30  1
16 81 32  1
17 2 28  1
18 13 37  1
19 25 4  1
20 32 97  1
21 1 7  1
22 28 7  1
23 80 89  1
24 67 21  1
25 61 98  1
26 4 39  1
27 47 36  1
28 34 9  1
29 35 1  1
30 42 32  1
31 25 44  1
32 85 8  1
33 19 15  1
34 42 91  1
35 15 15  1
36 33 18  1
37 15 42  1
38 3 3  1
39 17 46  1
40 1 94  1
41 22 29  1
42 83 31  1
43 30 40  1
44 29 24  1
45 41 29  1
46 11 21  1
47 69 45  1
48 20 20  1
49 22 40  1
50 56 72  1
51 42 74  1
52 22 27  1
53 15 12  1
54 76 35  1
55 90 90  1
56 36 46  1
57 69 97  1
58 84 59  1
59 1 31  1
60 11 27  1
61 35 43  1
62 16 47  1
63 22 33  1
64 48 19  1
65 13 50  1
66 58 95  1
67 55 96  1
68 98 23  1
69 2 20  1
70 13 68  1
71 1 21  1
72 8 92  1
73 3 1  1
74 86 26  1
75 7 8  1
76 79 65  1
77 15 43  1
78 8 9  1
79 26 7  1
80 14 5  1
81 39 99  1
82 47 4  1
83 55 66  1
84 58 55  1
85 25 14  1
86 49 10  1
87 98 88  1
88 76 18  1
89 81 41  1
90 12 28  1
91 1 22  1
92 85 92  1
93 32 31  1
94 36 8  1
95 76 17  1
96 15 27  1
97 52 82  1
98 23 50  1
99 43 24  1
