80 5 1
100 100 1 10000
89 71 1 5582
56 56 1 1763
75 98 1 6820
99 90 1 8692
0 28 76  1
1 20 90  1
2 1 100  1
3 63 77  1
4 27 12  1
5 89 22  1
6 6 66  1
7 34 79  1
8 37 78  1
9 11 79  1
10 22 75  1
11 76 23  1
12 10 92  1
13 98 79  1
14 100 89  1
15 9 38  1
16 44 19  1
17 48 100  1
18 40 83  1
19 14 76  1
20 93 11  1
21 58 83  1
22 41 82  1
23 31 68  1
24 96 65  1
25 31 84  1
26 5 89  1
27 10 68  1
28 15 87  1
29 76 34  1
30 29 69  1
31 50 76  1
32 46 71  1
33 12 66  1
34 16 92  1
35 51 90  1
36 38 98  1
37 20 87  1
38 14 89  1
39 15 83  1
40 42 99  1
41 39 81  1
42 24 94  1
43 40 81  1
44 8 73  1
45 20 83  1
46 45 9  1
47 27 87  1
48 35 35  1
49 13 93  1
50 28 92  1
51 75 50  1
52 24 80  1
53 17 76  1
54 23 86  1
55 36 88  1
56 25 78  1
57 83 53  1
58 29 89  1
59 8 84  1
60 37 84  1
61 60 52  1
62 48 99  1
63 41 88  1
64 11 99  1
65 50 75  1
66 27 83  1
67 37 100  1
68 47 86  1
69 1 91  1
70 68 62  1
71 43 85  1
72 44 82  1
73 14 80  1
74 80 13  1
75 12 18  1
76 3 86  1
77 38 18  1
78 37 25  1
79 42 20  1
