80 5 1
300 300 1 90000
298 214 1 58526
166 177 1 17258
275 262 1 68460
197 166 1 21242
0 47 76  1
1 71 71  1
2 1 67  1
3 59 52  1
4 1 49  1
5 17 13  1
6 27 33  1
7 88 32  1
8 88 65  1
9 51 20  1
10 30 21  1
11 16 22  1
12 30 13  1
13 28 16  1
14 99 86  1
15 65 12  1
16 82 17  1
17 39 55  1
18 57 17  1
19 92 23  1
20 34 30  1
21 4 27  1
22 58 36  1
23 84 11  1
24 6 43  1
25 79 54  1
26 91 98  1
27 65 65  1
28 56 78  1
29 54 91  1
30 80 93  1
31 89 8  1
32 72 89  1
33 50 27  1
34 78 44  1
35 46 94  1
36 76 67  1
37 23 85  1
38 76 4  1
39 58 12  1
40 24 33  1
41 62 20  1
42 96 64  1
43 80 86  1
44 4 42  1
45 90 21  1
46 92 45  1
47 2 70  1
48 39 84  1
49 61 10  1
50 55 3  1
51 44 53  1
52 85 81  1
53 64 42  1
54 6 27  1
55 64 57  1
56 29 88  1
57 23 8  1
58 100 40  1
59 50 39  1
60 95 94  1
61 91 28  1
62 27 96  1
63 24 86  1
64 39 22  1
65 59 58  1
66 9 84  1
67 42 22  1
68 48 27  1
69 49 88  1
70 1 28  1
71 92 1  1
72 45 98  1
73 15 39  1
74 92 81  1
75 97 13  1
76 86 57  1
77 48 67  1
78 5 34  1
79 13 80  1
