80 5 1
100 100 1 10000
68 98 1 5996
97 58 1 4751
65 93 1 5254
89 67 1 5155
0 17 27  1
1 25 25  1
2 1 24  1
3 21 18  1
4 1 17  1
5 6 5  1
6 10 12  1
7 31 11  1
8 31 23  1
9 18 7  1
10 11 8  1
11 6 8  1
12 11 5  1
13 10 6  1
14 35 30  1
15 23 5  1
16 29 6  1
17 14 20  1
18 20 6  1
19 33 8  1
20 12 11  1
21 2 10  1
22 20 13  1
23 30 4  1
24 3 16  1
25 28 19  1
26 32 35  1
27 23 23  1
28 20 28  1
29 19 32  1
30 28 33  1
31 32 3  1
32 26 32  1
33 18 10  1
34 28 16  1
35 17 33  1
36 27 24  1
37 8 30  1
38 27 2  1
39 21 5  1
40 9 12  1
41 22 7  1
42 34 23  1
43 28 30  1
44 2 15  1
45 32 8  1
46 33 16  1
47 1 25  1
48 14 30  1
49 22 4  1
50 20 1  1
51 16 19  1
52 30 29  1
53 23 15  1
54 2 10  1
55 23 20  1
56 11 31  1
57 8 3  1
58 35 14  1
59 18 14  1
60 34 33  1
61 32 10  1
62 10 34  1
63 9 30  1
64 14 8  1
65 21 21  1
66 3 30  1
67 15 8  1
68 17 10  1
69 17 31  1
70 1 10  1
71 33 1  1
72 16 34  1
73 6 14  1
74 33 29  1
75 34 5  1
76 30 20  1
77 17 24  1
78 2 12  1
79 5 28  1
