60 5 1
10 10 1 100
7 6 1 30
8 8 1 56
6 5 1 16
8 8 1 56
0 1 3  1
1 4 4  1
2 9 6  1
3 9 9  1
4 8 5  1
5 7 10  1
6 7 1  1
7 4 3  1
8 6 9  1
9 6 9  1
10 9 5  1
11 5 4  1
12 5 2  1
13 6 4  1
14 5 4  1
15 5 1  1
16 2 8  1
17 5 10  1
18 6 6  1
19 10 8  1
20 6 1  1
21 7 6  1
22 8 3  1
23 8 8  1
24 9 1  1
25 6 4  1
26 10 1  1
27 1 2  1
28 6 10  1
29 3 9  1
30 4 9  1
31 5 2  1
32 6 3  1
33 7 1  1
34 6 9  1
35 10 2  1
36 2 9  1
37 7 3  1
38 4 7  1
39 6 3  1
40 8 1  1
41 9 8  1
42 1 2  1
43 10 5  1
44 5 4  1
45 7 7  1
46 3 5  1
47 1 6  1
48 4 7  1
49 6 1  1
50 8 3  1
51 1 3  1
52 10 2  1
53 5 6  1
54 8 4  1
55 5 8  1
56 3 5  1
57 6 1  1
58 10 1  1
59 2 9  1
