100 5 1
100 100 1 10000
52 70 1 2368
59 69 1 2885
75 88 1 5920
99 67 1 5959
0 23 17  1
1 15 13  1
2 2 3  1
3 29 18  1
4 9 32  1
5 9 29  1
6 1 4  1
7 5 1  1
8 17 4  1
9 10 9  1
10 3 24  1
11 28 34  1
12 22 34  1
13 4 32  1
14 6 13  1
15 35 8  1
16 6 25  1
17 20 13  1
18 15 2  1
19 11 2  1
20 2 31  1
21 33 16  1
22 17 34  1
23 21 34  1
24 17 14  1
25 26 15  1
26 7 22  1
27 4 31  1
28 1 15  1
29 30 29  1
30 28 33  1
31 14 1  1
32 20 21  1
33 18 20  1
34 28 6  1
35 12 32  1
36 11 26  1
37 10 30  1
38 6 28  1
39 6 17  1
40 29 4  1
41 2 8  1
42 2 27  1
43 15 32  1
44 35 8  1
45 1 22  1
46 2 10  1
47 35 28  1
48 2 1  1
49 27 8  1
50 2 32  1
51 5 35  1
52 19 25  1
53 7 20  1
54 10 18  1
55 13 26  1
56 13 28  1
57 17 21  1
58 9 12  1
59 21 21  1
60 26 9  1
61 7 18  1
62 32 33  1
63 2 16  1
64 7 8  1
65 9 30  1
66 15 7  1
67 9 18  1
68 23 11  1
69 30 18  1
70 14 12  1
71 5 12  1
72 12 14  1
73 20 26  1
74 24 32  1
75 31 29  1
76 28 24  1
77 9 2  1
78 18 29  1
79 3 7  1
80 32 27  1
81 6 13  1
82 16 10  1
83 21 1  1
84 31 17  1
85 30 32  1
86 13 29  1
87 24 5  1
88 11 3  1
89 7 7  1
90 18 13  1
91 30 29  1
92 3 5  1
93 15 6  1
94 15 5  1
95 35 22  1
96 13 18  1
97 3 35  1
98 35 24  1
99 14 14  1
