40 5 1
10 10 1 100
9 6 1 44
7 9 1 55
9 5 1 34
9 7 1 55
0 3 1  1
1 6 6  1
2 10 4  1
3 10 1  1
4 9 2  1
5 7 1  1
6 7 7  1
7 3 3  1
8 5 4  1
9 4 9  1
10 7 9  1
11 3 2  1
12 2 6  1
13 2 2  1
14 1 6  1
15 1 8  1
16 8 9  1
17 10 6  1
18 10 6  1
19 4 3  1
20 10 1  1
21 10 10  1
22 1 2  1
23 10 2  1
24 1 9  1
25 8 6  1
26 1 8  1
27 2 4  1
28 6 6  1
29 3 10  1
30 4 5  1
31 5 2  1
32 5 8  1
33 6 1  1
34 4 3  1
35 7 1  1
36 9 3  1
37 3 10  1
38 10 10  1
39 2 10  1
