60 5 1
100 100 1 10000
72 53 1 2579
58 84 1 3846
56 84 1 3644
79 91 1 6626
0 13 66  1
1 33 82  1
2 16 76  1
3 7 98  1
4 23 71  1
5 9 80  1
6 33 86  1
7 39 100  1
8 45 85  1
9 98 31  1
10 11 68  1
11 32 76  1
12 29 71  1
13 46 67  1
14 66 41  1
15 87 92  1
16 25 66  1
17 70 35  1
18 2 93  1
19 4 87  1
20 32 69  1
21 30 86  1
22 65 99  1
23 33 87  1
24 66 21  1
25 14 90  1
26 40 80  1
27 81 44  1
28 32 99  1
29 10 4  1
30 76 53  1
31 25 77  1
32 24 37  1
33 18 89  1
34 25 99  1
35 88 52  1
36 28 38  1
37 37 82  1
38 89 5  1
39 75 50  1
40 44 66  1
41 18 84  1
42 6 82  1
43 1 8  1
44 21 82  1
45 11 94  1
46 39 68  1
47 49 85  1
48 10 72  1
49 15 78  1
50 34 97  1
51 58 60  1
52 11 71  1
53 87 6  1
54 40 99  1
55 87 4  1
56 23 77  1
57 71 5  1
58 71 13  1
59 75 10  1
