100 5 1
100 100 1 10000
58 65 1 2524
97 90 1 8476
77 87 1 6038
50 92 1 3520
0 86 67  1
1 76 68  1
2 54 63  1
3 64 72  1
4 75 87  1
5 81 78  1
6 100 89  1
7 76 88  1
8 77 69  1
9 99 50  1
10 57 77  1
11 99 66  1
12 91 62  1
13 27 90  1
14 77 76  1
15 83 56  1
16 16 78  1
17 67 80  1
18 57 87  1
19 80 57  1
20 3 90  1
21 69 88  1
22 50 60  1
23 88 70  1
24 50 63  1
25 84 56  1
26 54 95  1
27 57 96  1
28 60 53  1
29 59 87  1
30 70 91  1
31 89 82  1
32 83 55  1
33 98 30  1
34 48 99  1
35 82 80  1
36 66 69  1
37 95 83  1
38 37 78  1
39 86 90  1
40 61 94  1
41 55 99  1
42 88 99  1
43 52 61  1
44 67 81  1
45 28 27  1
46 50 91  1
47 80 95  1
48 86 79  1
49 61 65  1
50 75 96  1
51 79 39  1
52 77 40  1
53 7 16  1
54 60 61  1
55 71 96  1
56 57 61  1
57 64 78  1
58 58 89  1
59 84 63  1
60 61 95  1
61 33 2  1
62 18 85  1
63 72 44  1
64 27 94  1
65 63 88  1
66 88 80  1
67 96 85  1
68 52 97  1
69 55 85  1
70 71 93  1
71 93 88  1
72 92 65  1
73 59 94  1
74 65 66  1
75 67 3  1
76 42 97  1
77 74 64  1
78 21 67  1
79 74 79  1
80 53 88  1
81 2 47  1
82 89 50  1
83 57 67  1
84 77 91  1
85 91 91  1
86 67 59  1
87 51 67  1
88 74 7  1
89 91 97  1
90 58 81  1
91 71 29  1
92 58 83  1
93 53 63  1
94 61 63  1
95 76 51  1
96 66 72  1
97 77 93  1
98 75 57  1
99 55 86  1
