100 5 1
100 100 1 10000
67 64 1 3145
74 99 1 6791
77 63 1 3821
51 93 1 3691
0 96 12  1
1 5 97  1
2 41 73  1
3 47 85  1
4 42 39  1
5 18 75  1
6 95 95  1
7 16 67  1
8 1 85  1
9 42 96  1
10 10 93  1
11 47 92  1
12 22 86  1
13 78 85  1
14 36 98  1
15 39 90  1
16 53 92  1
17 27 92  1
18 25 76  1
19 43 96  1
20 48 17  1
21 36 67  1
22 25 97  1
23 8 75  1
24 4 67  1
25 8 86  1
26 86 87  1
27 35 98  1
28 22 50  1
29 41 77  1
30 10 94  1
31 73 91  1
32 66 10  1
33 35 77  1
34 45 70  1
35 24 98  1
36 95 31  1
37 42 85  1
38 42 88  1
39 37 75  1
40 45 75  1
41 10 66  1
42 50 80  1
43 72 43  1
44 9 71  1
45 39 36  1
46 20 81  1
47 46 88  1
48 35 75  1
49 30 88  1
50 2 89  1
51 93 85  1
52 22 87  1
53 33 94  1
54 45 70  1
55 66 49  1
56 21 73  1
57 48 73  1
58 50 43  1
59 22 25  1
60 32 2  1
61 24 95  1
62 17 93  1
63 4 74  1
64 5 68  1
65 12 90  1
66 46 99  1
67 98 60  1
68 39 79  1
69 74 40  1
70 36 78  1
71 68 22  1
72 90 45  1
73 81 7  1
74 37 100  1
75 70 94  1
76 43 88  1
77 46 35  1
78 1 96  1
79 50 85  1
80 73 32  1
81 31 82  1
82 75 99  1
83 40 82  1
84 43 95  1
85 27 83  1
86 62 65  1
87 42 87  1
88 35 76  1
89 85 89  1
90 11 96  1
91 6 100  1
92 39 50  1
93 5 75  1
94 21 89  1
95 31 87  1
96 5 98  1
97 36 100  1
98 43 90  1
99 19 81  1
