80 5 1
100 100 1 10000
59 66 1 2672
70 59 1 2956
93 99 1 9048
67 55 1 2422
0 38 36  1
1 1 34  1
2 26 1  1
3 9 7  1
4 66 94  1
5 44 33  1
6 10 15  1
7 57 61  1
8 56 64  1
9 100 43  1
10 6 41  1
11 79 28  1
12 9 46  1
13 66 65  1
14 14 85  1
15 42 6  1
16 22 93  1
17 46 49  1
18 33 28  1
19 27 46  1
20 47 45  1
21 36 97  1
22 14 39  1
23 23 47  1
24 34 12  1
25 38 2  1
26 6 12  1
27 31 10  1
28 32 40  1
29 2 21  1
30 11 46  1
31 1 35  1
32 42 31  1
33 28 66  1
34 27 43  1
35 32 21  1
36 14 88  1
37 15 44  1
38 53 100  1
39 25 20  1
40 47 46  1
41 63 98  1
42 93 69  1
43 80 79  1
44 42 80  1
45 74 63  1
46 44 1  1
47 96 50  1
48 49 8  1
49 46 41  1
50 7 43  1
51 24 34  1
52 17 70  1
53 30 30  1
54 31 48  1
55 14 85  1
56 47 17  1
57 26 30  1
58 17 14  1
59 15 35  1
60 39 39  1
61 33 43  1
62 14 41  1
63 28 3  1
64 92 72  1
65 1 17  1
66 73 80  1
67 3 88  1
68 8 17  1
69 32 2  1
70 45 32  1
71 39 24  1
72 34 24  1
73 24 50  1
74 27 44  1
75 91 28  1
76 23 43  1
77 85 8  1
78 21 19  1
79 98 42  1
