40 5 1
100 100 1 10000
62 56 1 2166
50 70 1 2200
72 86 1 5430
95 73 1 6322
0 92 54  1
1 88 58  1
2 91 51  1
3 79 27  1
4 68 51  1
5 54 72  1
6 73 55  1
7 92 96  1
8 55 61  1
9 33 98  1
10 66 70  1
11 84 27  1
12 55 83  1
13 72 84  1
14 81 48  1
15 22 19  1
16 66 65  1
17 74 82  1
18 89 86  1
19 29 23  1
20 89 60  1
21 87 92  1
22 67 87  1
23 98 89  1
24 73 66  1
25 61 63  1
26 8 99  1
27 79 66  1
28 69 84  1
29 99 97  1
30 59 72  1
31 71 55  1
32 77 63  1
33 97 92  1
34 81 8  1
35 75 55  1
36 47 69  1
37 56 98  1
38 48 69  1
39 91 68  1
