60 5 1
100 100 1 10000
66 53 1 2197
85 86 1 6772
64 59 1 2531
63 52 1 1931
0 12 78  1
1 44 85  1
2 94 90  1
3 34 98  1
4 5 76  1
5 27 95  1
6 43 96  1
7 23 76  1
8 10 83  1
9 22 77  1
10 4 72  1
11 82 47  1
12 26 98  1
13 85 4  1
14 26 91  1
15 36 93  1
16 53 80  1
17 47 67  1
18 10 84  1
19 11 44  1
20 44 83  1
21 27 74  1
22 5 84  1
23 97 59  1
24 45 87  1
25 19 90  1
26 12 93  1
27 44 92  1
28 8 100  1
29 22 78  1
30 31 74  1
31 3 84  1
32 32 86  1
33 37 75  1
34 12 99  1
35 24 85  1
36 78 21  1
37 75 21  1
38 4 97  1
39 7 94  1
40 17 82  1
41 67 39  1
42 8 69  1
43 1 76  1
44 26 92  1
45 3 79  1
46 23 83  1
47 7 66  1
48 48 76  1
49 14 73  1
50 100 8  1
51 24 99  1
52 31 3  1
53 38 75  1
54 39 66  1
55 53 57  1
56 25 67  1
57 23 86  1
58 39 7  1
59 45 29  1
