60 5 1
100 100 1 10000
75 71 1 4390
77 67 1 4190
75 58 1 3220
98 63 1 5408
0 23 2  1
1 7 32  1
2 10 12  1
3 66 37  1
4 25 83  1
5 49 21  1
6 18 42  1
7 50 88  1
8 38 11  1
9 52 71  1
10 91 33  1
11 72 39  1
12 14 8  1
13 19 34  1
14 78 36  1
15 31 7  1
16 50 16  1
17 46 8  1
18 11 50  1
19 14 37  1
20 99 37  1
21 35 44  1
22 15 26  1
23 9 28  1
24 9 19  1
25 35 41  1
26 31 14  1
27 15 32  1
28 31 12  1
29 48 50  1
30 9 14  1
31 33 98  1
32 15 18  1
33 22 80  1
34 48 25  1
35 13 23  1
36 10 35  1
37 7 3  1
38 100 48  1
39 53 61  1
40 17 13  1
41 4 47  1
42 12 32  1
43 57 60  1
44 85 53  1
45 13 3  1
46 36 28  1
47 22 23  1
48 65 55  1
49 34 21  1
50 22 36  1
51 49 46  1
52 7 19  1
53 16 50  1
54 79 6  1
55 37 31  1
56 11 45  1
57 72 40  1
58 29 37  1
59 37 28  1
