100 5 1
100 100 1 10000
51 97 1 3936
52 63 1 1931
91 66 1 5207
90 74 1 5992
0 3 9  1
1 13 11  1
2 31 20  1
3 29 31  1
4 28 17  1
5 24 33  1
6 23 4  1
7 11 8  1
8 19 30  1
9 19 31  1
10 31 18  1
11 16 11  1
12 17 7  1
13 18 12  1
14 16 12  1
15 17 3  1
16 7 27  1
17 17 33  1
18 19 18  1
19 33 25  1
20 20 3  1
21 23 18  1
22 26 8  1
23 26 28  1
24 29 3  1
25 21 11  1
26 33 2  1
27 2 7  1
28 19 33  1
29 8 31  1
30 13 31  1
31 18 5  1
32 19 9  1
33 25 4  1
34 19 32  1
35 33 7  1
36 4 32  1
37 22 8  1
38 13 25  1
39 20 9  1
40 28 3  1
41 31 27  1
42 4 6  1
43 35 18  1
44 16 13  1
45 24 22  1
46 9 18  1
47 3 19  1
48 12 23  1
49 21 2  1
50 26 10  1
51 1 8  1
52 34 5  1
53 17 20  1
54 27 13  1
55 15 28  1
56 10 15  1
57 21 3  1
58 32 1  1
59 5 29  1
60 17 12  1
61 17 28  1
62 2 27  1
63 14 5  1
64 4 5  1
65 1 11  1
66 14 19  1
67 27 1  1
68 2 14  1
69 16 16  1
70 18 17  1
71 5 1  1
72 19 34  1
73 11 18  1
74 10 8  1
75 25 35  1
76 6 3  1
77 17 34  1
78 33 22  1
79 2 7  1
80 26 10  1
81 8 27  1
82 1 31  1
83 3 6  1
84 20 18  1
85 2 5  1
86 16 21  1
87 34 28  1
88 5 33  1
89 31 21  1
90 15 22  1
91 10 11  1
92 14 5  1
93 33 1  1
94 17 8  1
95 33 9  1
96 18 35  1
97 26 24  1
98 20 32  1
99 5 18  1
