40 5 1
100 100 1 10000
63 87 1 4577
82 66 1 4494
52 51 1 1182
52 51 1 1182
0 70 40  1
1 21 4  1
2 62 52  1
3 15 73  1
4 35 89  1
5 11 56  1
6 65 62  1
7 54 30  1
8 65 16  1
9 22 7  1
10 79 27  1
11 26 31  1
12 84 8  1
13 10 80  1
14 92 3  1
15 53 65  1
16 47 89  1
17 64 30  1
18 27 78  1
19 90 53  1
20 42 13  1
21 7 46  1
22 38 74  1
23 26 52  1
24 92 70  1
25 93 50  1
26 16 47  1
27 84 50  1
28 53 82  1
29 11 98  1
30 81 86  1
31 19 70  1
32 12 4  1
33 85 78  1
34 91 13  1
35 20 66  1
36 94 25  1
37 68 13  1
38 33 84  1
39 9 29  1
