100 5 1
40 40 1 1600
25 28 1 520
33 29 1 828
36 21 1 587
36 32 1 1062
0 19 16  1
1 1 8  1
2 26 6  1
3 31 6  1
4 2 16  1
5 4 21  1
6 10 16  1
7 5 9  1
8 19 20  1
9 26 10  1
10 10 22  1
11 2 5  1
12 9 24  1
13 17 19  1
14 21 8  1
15 29 23  1
16 26 1  1
17 8 32  1
18 17 6  1
19 2 2  1
20 31 4  1
21 6 9  1
22 16 23  1
23 22 32  1
24 32 31  1
25 31 28  1
26 14 9  1
27 25 3  1
28 13 18  1
29 9 5  1
30 21 29  1
31 32 28  1
32 6 21  1
33 18 5  1
34 19 22  1
35 4 21  1
36 17 35  1
37 7 35  1
38 5 7  1
39 19 15  1
40 33 33  1
41 8 11  1
42 22 14  1
43 25 16  1
44 13 35  1
45 28 33  1
46 20 18  1
47 20 9  1
48 35 2  1
49 16 5  1
50 28 2  1
51 10 25  1
52 15 11  1
53 4 15  1
54 22 33  1
55 15 2  1
56 17 12  1
57 35 25  1
58 18 12  1
59 32 29  1
60 16 1  1
61 23 7  1
62 15 30  1
63 34 33  1
64 30 21  1
65 34 16  1
66 18 13  1
67 4 20  1
68 20 22  1
69 5 14  1
70 14 4  1
71 8 12  1
72 29 34  1
73 27 7  1
74 33 21  1
75 20 3  1
76 7 29  1
77 26 15  1
78 13 27  1
79 24 2  1
80 20 29  1
81 8 35  1
82 8 28  1
83 16 27  1
84 5 28  1
85 29 4  1
86 15 10  1
87 4 6  1
88 17 35  1
89 15 12  1
90 5 3  1
91 8 15  1
92 18 34  1
93 9 20  1
94 35 15  1
95 22 5  1
96 14 21  1
97 29 35  1
98 29 31  1
99 21 7  1
