80 5 1
100 100 1 10000
89 93 1 7932
87 76 1 5934
51 79 1 2834
74 53 1 2706
0 36 17  1
1 26 18  1
2 54 63  1
3 64 72  1
4 26 38  1
5 32 29  1
6 50 40  1
7 76 88  1
8 28 20  1
9 49 1  1
10 8 27  1
11 49 17  1
12 41 13  1
13 27 90  1
14 27 27  1
15 34 6  1
16 16 78  1
17 18 31  1
18 57 87  1
19 30 8  1
20 3 90  1
21 20 38  1
22 1 10  1
23 38 21  1
24 50 63  1
25 34 7  1
26 5 45  1
27 8 46  1
28 11 4  1
29 9 38  1
30 70 91  1
31 39 32  1
32 33 6  1
33 98 30  1
34 48 99  1
35 32 30  1
36 66 69  1
37 45 34  1
38 37 78  1
39 86 90  1
40 11 44  1
41 6 49  1
42 88 99  1
43 3 12  1
44 18 31  1
45 28 27  1
46 1 42  1
47 31 45  1
48 37 30  1
49 12 16  1
50 25 46  1
51 79 39  1
52 77 40  1
53 7 16  1
54 11 12  1
55 22 46  1
56 57 61  1
57 14 28  1
58 9 40  1
59 35 14  1
60 12 45  1
61 33 2  1
62 18 85  1
63 72 44  1
64 27 94  1
65 14 38  1
66 39 30  1
67 46 35  1
68 3 47  1
69 6 35  1
70 21 43  1
71 93 88  1
72 42 16  1
73 9 44  1
74 15 17  1
75 67 3  1
76 42 97  1
77 25 15  1
78 21 67  1
79 25 30  1
