60 5 1
10 10 1 100
6 6 1 23
8 6 1 37
9 5 1 34
9 7 1 55
0 1 5  1
1 2 6  1
2 6 3  1
3 3 2  1
4 4 1  1
5 5 3  1
6 4 4  1
7 6 2  1
8 3 9  1
9 7 2  1
10 8 8  1
11 3 1  1
12 10 5  1
13 1 10  1
14 3 8  1
15 3 4  1
16 5 8  1
17 3 1  1
18 7 9  1
19 9 1  1
20 5 9  1
21 2 9  1
22 4 10  1
23 6 3  1
24 7 5  1
25 10 4  1
26 9 3  1
27 3 6  1
28 6 4  1
29 2 8  1
30 10 3  1
31 2 10  1
32 5 9  1
33 7 6  1
34 10 1  1
35 9 5  1
36 5 4  1
37 8 7  1
38 4 7  1
39 3 8  1
40 6 10  1
41 9 4  1
42 2 7  1
43 5 7  1
44 5 7  1
45 1 2  1
46 5 1  1
47 2 6  1
48 1 2  1
49 5 10  1
50 9 10  1
51 1 9  1
52 5 4  1
53 6 10  1
54 3 10  1
55 7 5  1
56 4 5  1
57 4 7  1
58 9 10  1
59 3 6  1
