40 5 1
30 30 1 900
29 27 1 759
21 20 1 324
17 21 1 248
25 20 1 420
0 7 2  1
1 2 8  1
2 9 3  1
3 5 9  1
4 8 2  1
5 10 10  1
6 8 6  1
7 9 6  1
8 7 8  1
9 6 5  1
10 6 1  1
11 9 7  1
12 10 3  1
13 9 7  1
14 7 6  1
15 10 3  1
16 7 3  1
17 10 5  1
18 5 3  1
19 1 10  1
20 9 6  1
21 6 3  1
22 10 7  1
23 4 7  1
24 2 4  1
25 5 5  1
26 4 8  1
27 4 6  1
28 5 4  1
29 9 10  1
30 2 8  1
31 1 3  1
32 1 3  1
33 5 1  1
34 3 2  1
35 7 6  1
36 4 4  1
37 10 3  1
38 10 10  1
39 8 8  1
