80 5 1
300 300 1 90000
202 219 1 35085
152 164 1 11913
274 270 1 70776
271 221 1 53869
0 85 59  1
1 31 25  1
2 46 85  1
3 16 96  1
4 65 46  1
5 47 59  1
6 53 88  1
7 4 24  1
8 55 88  1
9 96 36  1
10 49 57  1
11 69 73  1
12 45 40  1
13 99 46  1
14 88 15  1
15 100 100  1
16 56 92  1
17 13 12  1
18 60 16  1
19 18 92  1
20 44 64  1
21 26 87  1
22 87 49  1
23 81 73  1
24 98 14  1
25 61 62  1
26 24 38  1
27 76 97  1
28 41 30  1
29 72 58  1
30 60 36  1
31 26 54  1
32 27 34  1
33 50 31  1
34 18 34  1
35 87 66  1
36 45 82  1
37 15 70  1
38 53 54  1
39 47 88  1
40 19 62  1
41 25 98  1
42 54 50  1
43 28 9  1
44 2 97  1
45 67 69  1
46 43 13  1
47 86 52  1
48 86 42  1
49 63 72  1
50 75 64  1
51 10 72  1
52 90 87  1
53 71 30  1
54 41 58  1
55 22 58  1
56 72 53  1
57 77 99  1
58 61 85  1
59 78 32  1
60 19 97  1
61 5 67  1
62 91 66  1
63 67 50  1
64 55 6  1
65 10 57  1
66 21 59  1
67 10 100  1
68 34 3  1
69 80 23  1
70 72 50  1
71 64 5  1
72 46 44  1
73 39 56  1
74 100 63  1
75 17 20  1
76 13 18  1
77 42 76  1
78 94 53  1
79 92 35  1
