40 5 1
100 100 1 10000
77 59 1 3451
67 76 1 4110
54 96 1 4220
53 90 1 3724
0 4 98  1
1 4 30  1
2 66 86  1
3 46 87  1
4 32 88  1
5 46 79  1
6 44 82  1
7 15 52  1
8 81 78  1
9 98 82  1
10 54 21  1
11 72 82  1
12 8 89  1
13 49 96  1
14 19 93  1
15 73 1  1
16 100 77  1
17 22 9  1
18 95 20  1
19 7 64  1
20 81 31  1
21 72 44  1
22 70 57  1
23 95 59  1
24 5 74  1
25 88 55  1
26 66 93  1
27 94 9  1
28 62 60  1
29 92 33  1
30 39 51  1
31 92 70  1
32 74 78  1
33 40 98  1
34 78 86  1
35 12 30  1
36 96 52  1
37 20 8  1
38 5 87  1
39 8 11  1
