100 5 1
100 100 1 10000
98 90 1 8584
98 97 1 9407
68 64 1 3222
67 57 1 2582
0 22 66  1
1 37 71  1
2 58 52  1
3 6 86  1
4 23 70  1
5 28 85  1
6 75 14  1
7 2 70  1
8 35 82  1
9 30 73  1
10 82 87  1
11 11 97  1
12 8 67  1
13 44 69  1
14 12 81  1
15 31 97  1
16 44 44  1
17 79 12  1
18 68 19  1
19 13 70  1
20 41 97  1
21 71 30  1
22 7 84  1
23 6 86  1
24 50 72  1
25 7 9  1
26 21 98  1
27 11 16  1
28 20 90  1
29 18 100  1
30 98 28  1
31 28 74  1
32 3 23  1
33 40 67  1
34 35 80  1
35 6 80  1
36 46 80  1
37 25 77  1
38 35 26  1
39 46 94  1
40 2 88  1
41 21 95  1
42 46 42  1
43 48 81  1
44 19 69  1
45 28 87  1
46 19 79  1
47 11 77  1
48 98 88  1
49 47 86  1
50 4 72  1
51 86 71  1
52 38 89  1
53 28 94  1
54 50 73  1
55 81 39  1
56 40 94  1
57 21 75  1
58 8 82  1
59 21 17  1
60 4 73  1
61 25 99  1
62 28 100  1
63 32 70  1
64 30 94  1
65 41 44  1
66 9 90  1
67 3 72  1
68 66 83  1
69 78 2  1
70 2 89  1
71 37 23  1
72 16 91  1
73 71 21  1
74 7 96  1
75 32 99  1
76 26 67  1
77 9 67  1
78 23 76  1
79 38 90  1
80 48 86  1
81 21 97  1
82 1 99  1
83 7 89  1
84 32 79  1
85 45 100  1
86 91 93  1
87 37 44  1
88 84 20  1
89 31 76  1
90 42 100  1
91 29 15  1
92 35 88  1
93 29 95  1
94 5 77  1
95 32 99  1
96 3 69  1
97 92 33  1
98 79 97  1
99 97 94  1
