60 5 1
100 100 1 10000
64 99 1 5603
72 93 1 6035
57 64 1 2377
56 61 1 2099
0 90 38  1
1 82 24  1
2 75 18  1
3 98 88  1
4 97 27  1
5 99 4  1
6 85 14  1
7 85 24  1
8 76 28  1
9 35 46  1
10 69 20  1
11 79 21  1
12 99 41  1
13 88 49  1
14 96 39  1
15 82 30  1
16 95 15  1
17 95 14  1
18 96 19  1
19 93 50  1
20 99 1  1
21 75 40  1
22 69 11  1
23 66 82  1
24 76 49  1
25 47 85  1
26 79 64  1
27 69 27  1
28 97 8  1
29 94 28  1
30 75 30  1
31 69 32  1
32 90 29  1
33 99 39  1
34 11 7  1
35 18 100  1
36 88 61  1
37 76 12  1
38 79 45  1
39 95 28  1
40 67 6  1
41 46 47  1
42 39 45  1
43 84 19  1
44 85 12  1
45 91 44  1
46 70 56  1
47 82 21  1
48 77 30  1
49 93 2  1
50 14 31  1
51 89 35  1
52 76 9  1
53 68 22  1
54 79 16  1
55 68 11  1
56 84 50  1
57 87 3  1
58 86 62  1
59 86 98  1
