60 5 1
100 100 1 10000
94 51 1 3752
64 61 1 2684
90 93 1 8044
89 83 1 6864
0 12 78  1
1 96 29  1
2 94 90  1
3 89 47  1
4 69 16  1
5 84 42  1
6 96 44  1
7 81 16  1
8 72 26  1
9 81 18  1
10 68 10  1
11 82 47  1
12 83 47  1
13 85 4  1
14 83 37  1
15 91 40  1
16 53 80  1
17 98 3  1
18 10 84  1
19 11 44  1
20 96 25  1
21 84 13  1
22 69 27  1
23 97 59  1
24 97 32  1
25 78 35  1
26 74 39  1
27 44 92  1
28 8 100  1
29 81 18  1
30 87 13  1
31 68 27  1
32 88 29  1
33 37 75  1
34 12 99  1
35 82 28  1
36 78 21  1
37 75 21  1
38 68 46  1
39 7 94  1
40 77 24  1
41 67 39  1
42 70 5  1
43 66 15  1
44 84 39  1
45 3 79  1
46 81 25  1
47 70 1  1
48 99 15  1
49 75 11  1
50 100 8  1
51 24 99  1
52 31 3  1
53 91 15  1
54 92 2  1
55 53 57  1
56 83 3  1
57 81 30  1
58 39 7  1
59 45 29  1
