100 5 1
100 100 1 10000
73 68 1 3956
64 85 1 4528
51 55 1 1366
50 53 1 1179
0 99 46  1
1 78 8  1
2 46 9  1
3 99 41  1
4 80 25  1
5 88 3  1
6 83 44  1
7 79 42  1
8 7 15  1
9 71 9  1
10 66 90  1
11 66 4  1
12 68 18  1
13 97 26  1
14 79 48  1
15 96 27  1
16 74 32  1
17 97 6  1
18 89 18  1
19 100 12  1
20 89 7  1
21 6 98  1
22 60 99  1
23 76 9  1
24 16 96  1
25 85 49  1
26 99 43  1
27 94 67  1
28 72 43  1
29 74 14  1
30 48 98  1
31 34 38  1
32 76 4  1
33 71 40  1
34 10 75  1
35 90 20  1
36 88 26  1
37 77 27  1
38 88 42  1
39 100 13  1
40 11 10  1
41 90 27  1
42 77 32  1
43 82 18  1
44 66 6  1
45 77 38  1
46 75 33  1
47 73 35  1
48 68 13  1
49 71 11  1
50 80 46  1
51 72 14  1
52 77 32  1
53 13 97  1
54 94 21  1
55 20 68  1
56 95 13  1
57 86 41  1
58 81 7  1
59 94 6  1
60 30 5  1
61 70 49  1
62 76 5  1
63 83 19  1
64 85 9  1
65 97 18  1
66 20 76  1
67 79 45  1
68 93 25  1
69 98 49  1
70 91 37  1
71 27 87  1
72 73 2  1
73 72 42  1
74 75 20  1
75 97 30  1
76 97 41  1
77 83 96  1
78 4 15  1
79 83 40  1
80 90 91  1
81 79 12  1
82 69 21  1
83 77 12  1
84 99 4  1
85 17 40  1
86 78 39  1
87 70 95  1
88 77 28  1
89 83 29  1
90 43 19  1
91 90 41  1
92 98 13  1
93 47 86  1
94 86 10  1
95 73 48  1
96 93 10  1
97 79 93  1
98 27 75  1
99 100 16  1
