80 5 1
100 100 1 10000
75 93 1 6370
86 54 1 3572
67 67 1 3386
91 67 1 5316
0 80 65  1
1 73 93  1
2 99 33  1
3 73 79  1
4 94 51  1
5 77 94  1
6 18 25  1
7 84 87  1
8 70 100  1
9 94 57  1
10 50 28  1
11 7 6  1
12 57 59  1
13 22 32  1
14 94 93  1
15 91 86  1
16 7 31  1
17 61 68  1
18 99 70  1
19 86 79  1
20 68 63  1
21 63 67  1
22 65 58  1
23 94 83  1
24 91 57  1
25 76 77  1
26 94 59  1
27 62 99  1
28 75 63  1
29 1 99  1
30 84 71  1
31 95 26  1
32 71 82  1
33 88 82  1
34 36 97  1
35 85 65  1
36 79 61  1
37 86 76  1
38 100 80  1
39 89 66  1
40 99 3  1
41 96 83  1
42 75 77  1
43 5 85  1
44 79 55  1
45 17 2  1
46 61 86  1
47 82 52  1
48 72 69  1
49 100 81  1
50 72 7  1
51 80 38  1
52 27 46  1
53 95 73  1
54 70 88  1
55 22 90  1
56 92 84  1
57 51 76  1
58 92 82  1
59 84 95  1
60 70 83  1
61 69 91  1
62 76 87  1
63 57 65  1
64 59 95  1
65 100 18  1
66 21 5  1
67 94 98  1
68 60 67  1
69 91 55  1
70 78 83  1
71 41 95  1
72 73 51  1
73 94 55  1
74 97 73  1
75 100 48  1
76 98 98  1
77 9 78  1
78 76 75  1
79 70 65  1
