40 5 1
100 100 1 10000
64 55 1 2224
54 70 1 2536
97 96 1 9174
71 79 1 4730
0 43 5  1
1 39 9  1
2 42 2  1
3 79 27  1
4 19 2  1
5 5 22  1
6 23 6  1
7 43 46  1
8 6 12  1
9 33 98  1
10 17 21  1
11 84 27  1
12 6 33  1
13 23 34  1
14 81 48  1
15 22 19  1
16 17 16  1
17 24 32  1
18 39 37  1
19 29 23  1
20 39 10  1
21 37 42  1
22 18 37  1
23 98 89  1
24 24 17  1
25 61 63  1
26 8 99  1
27 29 16  1
28 20 34  1
29 49 47  1
30 10 23  1
31 21 5  1
32 77 63  1
33 47 42  1
34 81 8  1
35 25 6  1
36 47 69  1
37 7 48  1
38 48 69  1
39 41 19  1
