40 5 1
100 100 1 10000
79 57 1 3403
70 65 1 3460
96 63 1 5257
94 66 1 5444
0 72 36  1
1 55 98  1
2 53 66  1
3 95 60  1
4 50 74  1
5 13 84  1
6 1 72  1
7 57 95  1
8 53 74  1
9 81 66  1
10 72 16  1
11 82 91  1
12 19 90  1
13 61 68  1
14 80 83  1
15 68 99  1
16 95 58  1
17 4 88  1
18 13 74  1
19 66 68  1
20 88 44  1
21 56 57  1
22 56 52  1
23 75 100  1
24 33 94  1
25 72 95  1
26 61 55  1
27 98 43  1
28 96 49  1
29 100 43  1
30 30 79  1
31 86 47  1
32 67 68  1
33 87 53  1
34 58 96  1
35 73 63  1
36 2 100  1
37 88 75  1
38 99 83  1
39 30 41  1
