60 5 1
100 100 1 10000
77 81 1 5484
51 63 1 1855
96 55 1 4336
95 94 1 8716
0 4 16  1
1 6 19  1
2 21 9  1
3 8 4  1
4 11 2  1
5 15 10  1
6 14 12  1
7 18 5  1
8 11 31  1
9 23 5  1
10 27 28  1
11 9 2  1
12 33 17  1
13 3 35  1
14 9 27  1
15 10 14  1
16 16 26  1
17 11 2  1
18 25 30  1
19 32 2  1
20 15 31  1
21 6 31  1
22 14 33  1
23 21 10  1
24 25 16  1
25 33 13  1
26 29 8  1
27 11 21  1
28 19 13  1
29 5 26  1
30 33 11  1
31 7 32  1
32 17 29  1
33 23 20  1
34 33 1  1
35 31 16  1
36 15 13  1
37 25 24  1
38 13 22  1
39 8 26  1
40 20 32  1
41 31 13  1
42 4 24  1
43 16 25  1
44 17 24  1
45 2 6  1
46 15 2  1
47 4 19  1
48 2 7  1
49 15 33  1
50 29 34  1
51 4 29  1
52 18 14  1
53 20 33  1
54 8 34  1
55 22 15  1
56 14 17  1
57 14 25  1
58 29 35  1
59 10 20  1
