60 5 1
300 300 1 90000
230 160 1 26160
180 193 1 23688
168 220 1 26352
166 277 1 37178
0 79 42  1
1 21 73  1
2 40 45  1
3 94 78  1
4 70 28  1
5 92 85  1
6 14 70  1
7 26 39  1
8 49 81  1
9 40 18  1
10 87 5  1
11 12 32  1
12 72 21  1
13 54 27  1
14 81 40  1
15 10 81  1
16 27 6  1
17 56 3  1
18 53 96  1
19 6 40  1
20 37 22  1
21 2 67  1
22 91 29  1
23 24 98  1
24 58 94  1
25 81 75  1
26 16 28  1
27 19 77  1
28 77 76  1
29 14 15  1
30 85 16  1
31 79 34  1
32 18 58  1
33 58 10  1
34 87 47  1
35 28 56  1
36 37 61  1
37 1 16  1
38 44 10  1
39 21 67  1
40 21 40  1
41 66 20  1
42 11 29  1
43 46 21  1
44 93 86  1
45 7 47  1
46 78 57  1
47 26 8  1
48 9 20  1
49 15 50  1
50 65 86  1
51 17 50  1
52 58 98  1
53 10 19  1
54 30 35  1
55 7 2  1
56 61 8  1
57 50 76  1
58 61 62  1
59 18 53  1
