40 5 1
100 100 1 10000
92 87 1 7604
83 71 1 5071
52 64 1 1993
77 77 1 5114
0 34 27  1
1 18 19  1
2 4 11  1
3 35 34  1
4 26 26  1
5 7 7  1
6 21 7  1
7 19 35  1
8 29 5  1
9 27 17  1
10 31 11  1
11 2 5  1
12 17 30  1
13 27 24  1
14 28 7  1
15 27 9  1
16 9 4  1
17 4 11  1
18 21 26  1
19 9 21  1
20 35 17  1
21 35 9  1
22 30 6  1
23 15 25  1
24 33 30  1
25 35 27  1
26 15 1  1
27 16 18  1
28 24 15  1
29 34 13  1
30 19 7  1
31 33 6  1
32 3 27  1
33 6 34  1
34 27 33  1
35 26 9  1
36 12 28  1
37 5 27  1
38 34 27  1
39 3 23  1
