60 5 1
100 100 1 10000
74 74 1 4571
96 61 1 5027
91 62 1 4770
89 96 1 8252
0 12 78  1
1 44 29  1
2 45 40  1
3 34 47  1
4 5 16  1
5 77 92  1
6 43 44  1
7 23 16  1
8 10 26  1
9 22 18  1
10 4 10  1
11 24 47  1
12 26 47  1
13 29 4  1
14 26 37  1
15 86 89  1
16 4 30  1
17 47 3  1
18 10 84  1
19 11 44  1
20 44 25  1
21 84 13  1
22 5 27  1
23 47 10  1
24 97 32  1
25 68 85  1
26 12 39  1
27 44 92  1
28 8 100  1
29 22 18  1
30 31 13  1
31 3 27  1
32 32 29  1
33 37 75  1
34 12 99  1
35 82 28  1
36 19 21  1
37 14 21  1
38 4 46  1
39 7 94  1
40 17 24  1
41 2 39  1
42 8 5  1
43 66 15  1
44 26 39  1
45 3 79  1
46 23 25  1
47 7 1  1
48 48 15  1
49 14 11  1
50 50 8  1
51 24 99  1
52 31 3  1
53 91 15  1
54 89 51  1
55 4 8  1
56 25 3  1
57 81 30  1
58 39 7  1
59 45 29  1
