100 5 1
100 100 1 10000
62 92 1 4844
92 98 1 8819
76 70 1 4384
75 55 1 2950
0 76 88  1
1 23 22  1
2 9 91  1
3 57 82  1
4 23 19  1
5 94 56  1
6 94 83  1
7 78 21  1
8 35 27  1
9 87 89  1
10 90 29  1
11 32 4  1
12 36 1  1
13 57 43  1
14 84 86  1
15 40 19  1
16 80 63  1
17 93 75  1
18 1 43  1
19 59 89  1
20 57 69  1
21 17 72  1
22 94 21  1
23 77 70  1
24 89 8  1
25 84 58  1
26 53 76  1
27 17 49  1
28 31 1  1
29 85 87  1
30 100 96  1
31 33 50  1
32 72 5  1
33 40 49  1
34 91 5  1
35 16 29  1
36 35 8  1
37 5 66  1
38 15 58  1
39 86 73  1
40 75 33  1
41 70 93  1
42 93 43  1
43 100 5  1
44 81 34  1
45 56 20  1
46 82 83  1
47 47 81  1
48 75 2  1
49 19 67  1
50 70 34  1
51 49 90  1
52 12 57  1
53 48 92  1
54 79 83  1
55 61 53  1
56 83 57  1
57 66 83  1
58 66 55  1
59 73 27  1
60 8 89  1
61 27 62  1
62 19 3  1
63 5 100  1
64 43 75  1
65 20 85  1
66 59 17  1
67 15 94  1
68 78 72  1
69 69 40  1
70 43 19  1
71 91 66  1
72 34 69  1
73 27 50  1
74 60 65  1
75 55 3  1
76 67 87  1
77 85 71  1
78 32 44  1
79 63 29  1
80 66 82  1
81 65 90  1
82 14 77  1
83 3 98  1
84 54 42  1
85 22 31  1
86 96 21  1
87 98 100  1
88 85 91  1
89 44 50  1
90 98 64  1
91 4 57  1
92 48 84  1
93 55 34  1
94 78 29  1
95 8 24  1
96 67 9  1
97 9 6  1
98 24 70  1
99 34 91  1
