100 5 1
100 100 1 10000
93 87 1 7709
81 94 1 7136
78 69 1 4458
77 55 1 3082
0 24 21  1
1 3 4  1
2 26 12  1
3 12 41  1
4 5 70  1
5 24 69  1
6 62 54  1
7 40 48  1
8 48 5  1
9 8 19  1
10 12 9  1
11 29 18  1
12 3 15  1
13 3 96  1
14 22 24  1
15 30 49  1
16 19 36  1
17 10 31  1
18 44 66  1
19 42 41  1
20 47 20  1
21 28 86  1
22 28 40  1
23 77 46  1
24 87 64  1
25 8 40  1
26 82 41  1
27 2 73  1
28 38 80  1
29 50 12  1
30 31 67  1
31 100 89  1
32 1 92  1
33 52 95  1
34 100 27  1
35 9 29  1
36 75 68  1
37 18 40  1
38 30 13  1
39 30 30  1
40 12 10  1
41 45 47  1
42 22 72  1
43 62 92  1
44 10 13  1
45 33 16  1
46 26 19  1
47 7 17  1
48 20 28  1
49 33 46  1
50 41 40  1
51 13 3  1
52 41 4  1
53 97 38  1
54 78 22  1
55 80 50  1
56 24 43  1
57 19 41  1
58 7 16  1
59 10 72  1
60 19 42  1
61 4 7  1
62 8 22  1
63 100 31  1
64 25 4  1
65 50 33  1
66 20 39  1
67 3 14  1
68 43 27  1
69 9 22  1
70 44 18  1
71 17 8  1
72 23 12  1
73 29 81  1
74 29 71  1
75 43 14  1
76 14 8  1
77 10 34  1
78 26 11  1
79 31 32  1
80 77 16  1
81 4 8  1
82 35 25  1
83 30 11  1
84 87 36  1
85 9 43  1
86 6 50  1
87 41 2  1
88 8 17  1
89 26 40  1
90 92 37  1
91 13 5  1
92 46 10  1
93 4 48  1
94 32 36  1
95 48 19  1
96 45 15  1
97 44 18  1
98 37 47  1
99 43 97  1
