80 5 1
100 100 1 10000
62 73 1 3431
74 75 1 4660
91 51 1 3569
65 73 1 3694
0 49 67  1
1 33 95  1
2 44 76  1
3 73 90  1
4 41 71  1
5 41 93  1
6 41 27  1
7 36 94  1
8 45 83  1
9 10 47  1
10 66 50  1
11 73 5  1
12 10 4  1
13 41 76  1
14 81 35  1
15 48 86  1
16 37 96  1
17 33 98  1
18 5 31  1
19 46 77  1
20 26 98  1
21 37 93  1
22 49 93  1
23 55 64  1
24 26 10  1
25 3 96  1
26 6 71  1
27 28 83  1
28 92 36  1
29 30 72  1
30 23 40  1
31 11 98  1
32 73 23  1
33 19 91  1
34 3 88  1
35 6 86  1
36 47 80  1
37 20 84  1
38 44 92  1
39 12 83  1
40 44 88  1
41 33 27  1
42 47 68  1
43 31 88  1
44 3 68  1
45 7 93  1
46 11 88  1
47 11 100  1
48 23 92  1
49 42 75  1
50 38 80  1
51 2 86  1
52 5 89  1
53 40 100  1
54 25 81  1
55 5 81  1
56 49 41  1
57 49 98  1
58 25 36  1
59 79 25  1
60 4 72  1
61 20 7  1
62 90 11  1
63 47 94  1
64 21 93  1
65 2 84  1
66 71 47  1
67 35 77  1
68 50 88  1
69 46 72  1
70 43 97  1
71 35 69  1
72 40 90  1
73 51 53  1
74 40 68  1
75 47 69  1
76 42 66  1
77 19 72  1
78 47 83  1
79 20 77  1
