100 5 1
100 100 1 10000
81 66 1 4415
69 65 1 3382
52 78 1 2867
75 60 1 3400
0 90 17  1
1 76 68  1
2 68 14  1
3 76 22  1
4 83 38  1
5 87 29  1
6 100 40  1
7 83 39  1
8 77 69  1
9 99 1  1
10 57 77  1
11 100 17  1
12 94 13  1
13 27 90  1
14 84 27  1
15 83 56  1
16 16 78  1
17 78 31  1
18 71 38  1
19 86 8  1
20 3 90  1
21 79 38  1
22 66 10  1
23 92 21  1
24 66 14  1
25 89 7  1
26 68 45  1
27 70 46  1
28 73 4  1
29 72 38  1
30 80 41  1
31 89 82  1
32 88 6  1
33 98 30  1
34 48 99  1
35 87 30  1
36 77 19  1
37 95 83  1
38 37 78  1
39 91 40  1
40 73 44  1
41 69 49  1
42 92 49  1
43 67 12  1
44 78 31  1
45 28 27  1
46 66 42  1
47 87 45  1
48 91 30  1
49 73 16  1
50 83 46  1
51 79 39  1
52 77 40  1
53 7 16  1
54 73 12  1
55 71 96  1
56 71 12  1
57 64 78  1
58 71 40  1
59 84 63  1
60 73 45  1
61 33 2  1
62 18 85  1
63 72 44  1
64 27 94  1
65 75 38  1
66 92 30  1
67 97 35  1
68 52 97  1
69 55 85  1
70 80 43  1
71 96 38  1
72 92 65  1
73 72 44  1
74 76 17  1
75 67 3  1
76 42 97  1
77 83 15  1
78 21 67  1
79 82 30  1
80 68 38  1
81 2 47  1
82 92 1  1
83 70 18  1
84 84 41  1
85 94 41  1
86 78 10  1
87 67 17  1
88 74 7  1
89 94 47  1
90 71 31  1
91 71 29  1
92 71 34  1
93 68 14  1
94 73 14  1
95 84 2  1
96 77 22  1
97 84 43  1
98 83 8  1
99 69 37  1
