80 5 1
100 100 1 10000
50 99 1 3940
96 82 1 7446
57 69 1 2719
81 82 1 5970
0 14 29  1
1 19 22  1
2 34 11  1
3 8 4  1
4 7 20  1
5 5 22  1
6 20 15  1
7 15 21  1
8 31 35  1
9 18 29  1
10 7 24  1
11 6 15  1
12 34 10  1
13 19 28  1
14 1 32  1
15 1 27  1
16 15 35  1
17 15 16  1
18 22 12  1
19 31 9  1
20 14 2  1
21 27 34  1
22 31 20  1
23 33 25  1
24 17 23  1
25 16 33  1
26 1 15  1
27 27 14  1
28 20 13  1
29 23 8  1
30 21 7  1
31 9 30  1
32 30 2  1
33 35 2  1
34 17 14  1
35 22 33  1
36 33 34  1
37 10 35  1
38 33 32  1
39 15 33  1
40 23 23  1
41 29 32  1
42 18 34  1
43 20 13  1
44 9 35  1
45 4 2  1
46 2 5  1
47 9 4  1
48 11 8  1
49 3 34  1
50 28 11  1
51 2 15  1
52 24 31  1
53 32 20  1
54 12 24  1
55 29 29  1
56 21 30  1
57 7 35  1
58 19 29  1
59 29 8  1
60 22 14  1
61 28 32  1
62 21 23  1
63 21 29  1
64 22 1  1
65 33 4  1
66 4 12  1
67 35 8  1
68 30 23  1
69 7 31  1
70 33 16  1
71 11 9  1
72 30 18  1
73 16 27  1
74 12 32  1
75 2 6  1
76 18 4  1
77 32 22  1
78 29 32  1
79 5 19  1
