100 5 1
100 100 1 10000
77 64 1 3913
74 66 1 3860
60 61 1 2392
59 77 1 3451
0 53 93  1
1 22 84  1
2 71 74  1
3 22 30  1
4 66 59  1
5 74 59  1
6 89 98  1
7 80 68  1
8 40 92  1
9 88 53  1
10 68 83  1
11 50 18  1
12 75 79  1
13 64 60  1
14 59 79  1
15 81 80  1
16 81 32  1
17 51 78  1
18 62 87  1
19 25 4  1
20 32 97  1
21 50 57  1
22 77 56  1
23 80 89  1
24 67 21  1
25 61 98  1
26 53 88  1
27 97 86  1
28 84 58  1
29 35 1  1
30 92 81  1
31 75 94  1
32 85 8  1
33 68 65  1
34 42 91  1
35 65 64  1
36 33 18  1
37 15 42  1
38 3 3  1
39 66 96  1
40 1 94  1
41 72 79  1
42 83 31  1
43 80 90  1
44 79 74  1
45 41 29  1
46 60 70  1
47 69 45  1
48 20 20  1
49 72 89  1
50 56 72  1
51 42 74  1
52 71 77  1
53 15 12  1
54 76 35  1
55 90 90  1
56 85 96  1
57 69 97  1
58 84 59  1
59 50 80  1
60 11 27  1
61 85 92  1
62 65 97  1
63 72 82  1
64 98 69  1
65 62 100  1
66 58 95  1
67 55 96  1
68 98 23  1
69 51 69  1
70 13 68  1
71 50 71  1
72 8 92  1
73 52 50  1
74 86 26  1
75 57 57  1
76 79 65  1
77 65 93  1
78 57 58  1
79 75 56  1
80 63 54  1
81 39 99  1
82 47 4  1
83 55 66  1
84 58 55  1
85 25 14  1
86 99 59  1
87 98 88  1
88 76 18  1
89 81 41  1
90 61 78  1
91 50 72  1
92 85 92  1
93 82 80  1
94 86 57  1
95 76 17  1
96 65 77  1
97 52 82  1
98 72 100  1
99 93 74  1
