40 5 1
300 300 1 90000
290 185 1 46380
254 196 1 41740
285 183 1 44586
282 216 1 55094
0 16 18  1
1 72 51  1
2 12 95  1
3 24 7  1
4 32 75  1
5 91 21  1
6 89 1  1
7 48 4  1
8 25 52  1
9 9 1  1
10 20 40  1
11 16 90  1
12 85 7  1
13 48 81  1
14 62 33  1
15 16 19  1
16 32 28  1
17 65 82  1
18 4 37  1
19 71 81  1
20 23 37  1
21 47 60  1
22 67 40  1
23 37 98  1
24 46 90  1
25 18 4  1
26 7 64  1
27 1 25  1
28 25 75  1
29 32 37  1
30 12 66  1
31 88 51  1
32 14 15  1
33 79 13  1
34 6 33  1
35 51 99  1
36 2 65  1
37 81 21  1
38 44 89  1
39 80 24  1
