100 5 1
100 100 1 10000
75 91 1 6190
71 91 1 5753
85 77 1 5853
59 71 1 3026
0 53 93  1
1 22 84  1
2 80 25  1
3 22 30  1
4 66 59  1
5 82 10  1
6 89 98  1
7 86 18  1
8 40 92  1
9 88 53  1
10 78 33  1
11 50 18  1
12 83 30  1
13 75 10  1
14 72 29  1
15 81 80  1
16 81 32  1
17 67 28  1
18 74 37  1
19 25 4  1
20 32 97  1
21 66 7  1
22 85 7  1
23 86 39  1
24 67 21  1
25 74 48  1
26 53 88  1
27 97 86  1
28 89 9  1
29 35 1  1
30 95 32  1
31 83 44  1
32 85 8  1
33 68 65  1
34 42 91  1
35 76 15  1
36 33 18  1
37 15 42  1
38 3 3  1
39 66 96  1
40 1 94  1
41 81 29  1
42 83 31  1
43 86 40  1
44 86 24  1
45 41 29  1
46 73 21  1
47 69 45  1
48 20 20  1
49 72 89  1
50 70 22  1
51 42 74  1
52 80 27  1
53 15 12  1
54 76 35  1
55 94 40  1
56 90 46  1
57 79 47  1
58 89 10  1
59 66 31  1
60 11 27  1
61 90 43  1
62 76 47  1
63 81 33  1
64 99 19  1
65 74 50  1
66 71 45  1
67 69 46  1
68 98 23  1
69 66 20  1
70 13 68  1
71 66 21  1
72 8 92  1
73 52 50  1
74 86 26  1
75 70 8  1
76 86 16  1
77 76 43  1
78 71 9  1
79 83 7  1
80 75 5  1
81 39 99  1
82 47 4  1
83 69 17  1
84 71 6  1
85 25 14  1
86 99 10  1
87 99 39  1
88 76 18  1
89 81 41  1
90 73 28  1
91 66 22  1
92 90 42  1
93 88 31  1
94 86 57  1
95 76 17  1
96 76 27  1
97 67 32  1
98 81 50  1
99 93 74  1
