40 5 1
100 100 1 10000
51 81 1 2957
76 77 1 5022
88 89 1 7398
87 63 1 4577
0 22 71  1
1 29 74  1
2 6 76  1
3 21 75  1
4 17 83  1
5 15 96  1
6 7 92  1
7 74 2  1
8 24 4  1
9 12 38  1
10 20 81  1
11 76 2  1
12 43 97  1
13 21 96  1
14 44 79  1
15 30 14  1
16 23 98  1
17 42 73  1
18 30 84  1
19 6 91  1
20 15 10  1
21 24 41  1
22 28 98  1
23 45 81  1
24 18 90  1
25 18 87  1
26 37 85  1
27 44 19  1
28 34 81  1
29 24 89  1
30 8 80  1
31 6 84  1
32 10 80  1
33 41 48  1
34 41 83  1
35 29 98  1
36 49 87  1
37 20 82  1
38 35 94  1
39 14 28  1
