60 5 1
100 100 1 10000
77 75 1 4930
91 60 1 4552
57 78 1 3335
80 79 1 5584
0 62 50  1
1 83 74  1
2 66 66  1
3 7 98  1
4 73 58  1
5 58 71  1
6 83 79  1
7 39 100  1
8 45 85  1
9 97 81  1
10 11 68  1
11 82 65  1
12 79 58  1
13 46 67  1
14 50 91  1
15 87 92  1
16 75 50  1
17 56 85  1
18 51 89  1
19 53 81  1
20 82 54  1
21 79 80  1
22 65 99  1
23 83 81  1
24 50 70  1
25 63 86  1
26 93 21  1
27 73 93  1
28 81 98  1
29 10 4  1
30 76 53  1
31 74 67  1
32 24 37  1
33 67 83  1
34 74 99  1
35 88 52  1
36 28 38  1
37 87 74  1
38 84 55  1
39 63 100  1
40 96 1  1
41 68 77  1
42 6 82  1
43 1 8  1
44 70 74  1
45 60 92  1
46 89 53  1
47 99 78  1
48 59 60  1
49 15 78  1
50 83 95  1
51 58 60  1
52 73 8  1
53 81 55  1
54 90 98  1
55 81 53  1
56 72 66  1
57 58 54  1
58 57 63  1
59 64 59  1
