40 5 1
100 100 1 10000
59 82 1 3805
72 70 1 4048
96 52 1 3990
70 67 1 3627
0 95 5  1
1 92 9  1
2 94 2  1
3 79 27  1
4 78 2  1
5 69 22  1
6 82 6  1
7 95 46  1
8 70 12  1
9 33 98  1
10 77 21  1
11 84 27  1
12 55 83  1
13 81 34  1
14 81 48  1
15 22 19  1
16 77 16  1
17 82 32  1
18 89 86  1
19 29 23  1
20 93 10  1
21 87 92  1
22 67 87  1
23 99 39  1
24 82 17  1
25 74 14  1
26 8 99  1
27 85 16  1
28 79 34  1
29 99 97  1
30 72 23  1
31 80 5  1
32 84 14  1
33 98 42  1
34 81 8  1
35 83 6  1
36 47 69  1
37 56 98  1
38 48 69  1
39 94 19  1
