40 5 1
100 100 1 10000
68 84 1 4854
90 92 1 7936
79 69 1 4541
77 64 1 3913
0 20 73  1
1 31 84  1
2 37 77  1
3 55 78  1
4 31 84  1
5 33 71  1
6 4 93  1
7 13 76  1
8 53 54  1
9 98 2  1
10 33 82  1
11 82 65  1
12 39 97  1
13 21 70  1
14 23 79  1
15 74 26  1
16 35 47  1
17 8 82  1
18 75 76  1
19 55 99  1
20 93 59  1
21 6 67  1
22 89 95  1
23 10 89  1
24 13 34  1
25 17 95  1
26 15 83  1
27 26 86  1
28 44 80  1
29 92 44  1
30 2 78  1
31 3 91  1
32 87 68  1
33 22 71  1
34 1 81  1
35 43 70  1
36 94 29  1
37 66 83  1
38 11 92  1
39 96 37  1
