80 5 1
40 40 1 1600
20 21 1 184
23 29 1 480
35 35 1 1150
35 39 1 1318
0 2 34  1
1 2 11  1
2 24 30  1
3 16 31  1
4 11 31  1
5 16 28  1
6 16 29  1
7 6 18  1
8 29 28  1
9 35 29  1
10 19 8  1
11 26 29  1
12 3 31  1
13 18 34  1
14 7 33  1
15 26 1  1
16 35 27  1
17 8 4  1
18 34 7  1
19 3 23  1
20 29 11  1
21 26 16  1
22 25 20  1
23 34 21  1
24 2 26  1
25 31 20  1
26 23 33  1
27 33 4  1
28 22 21  1
29 33 12  1
30 14 18  1
31 33 25  1
32 26 28  1
33 14 35  1
34 28 30  1
35 4 11  1
36 34 18  1
37 7 3  1
38 2 31  1
39 3 4  1
40 6 13  1
41 20 18  1
42 27 27  1
43 25 24  1
44 21 7  1
45 35 17  1
46 28 3  1
47 8 33  1
48 28 8  1
49 16 19  1
50 14 26  1
51 6 2  1
52 23 2  1
53 4 21  1
54 3 33  1
55 15 22  1
56 14 19  1
57 19 31  1
58 27 9  1
59 9 18  1
60 20 31  1
61 23 33  1
62 23 19  1
63 6 33  1
64 3 24  1
65 22 23  1
66 11 2  1
67 3 17  1
68 5 28  1
69 1 8  1
70 23 12  1
71 8 35  1
72 10 16  1
73 27 9  1
74 30 10  1
75 4 26  1
76 15 8  1
77 2 21  1
78 17 4  1
79 24 10  1
