4
35
93
40	31
1	1	22	3	
2	4	6	9	14	8	14	4	9	4	
3	4	6	10	7	5	20	3	12	3	
4	4	8	10	5	9	7	8	17	3	
5	4	6	10	11	6	8	4	28	2	
6	3	7	14	5	13	6	11	
7	2	16	7	11	4	
8	1	4	14	
9	2	17	4	27	3	
10	2	5	5	28	3	
11	3	5	10	8	6	11	5	
12	3	15	6	6	4	25	2	
13	1	4	5	
14	1	5	11	
15	3	5	11	18	4	11	4	
16	2	10	8	20	2	
17	1	9	8	
18	2	10	3	8	3	
19	4	6	10	5	5	27	3	25	3	
20	4	7	11	8	7	6	6	21	3	
21	1	7	9	
22	3	8	11	10	4	21	3	
23	3	6	14	13	6	31	4	
24	3	7	14	10	7	29	2	
25	4	7	12	6	12	8	11	22	4	
26	3	6	4	5	4	15	3	
27	4	5	12	6	11	7	9	9	7	
28	1	18	4	
29	4	7	8	7	8	15	6	12	4	
30	4	5	14	7	10	8	7	14	6	
31	4	6	9	20	3	14	3	16	2	
32	3	11	7	4	6	21	3	
33	1	6	11	
34	2	7	6	13	5	
35	2	8	6	13	3	
