2
199
307
40	35
1	2	7	18	5	10	
2	2	19	6	23	3	
3	1	7	13	
4	2	18	8	18	3	
5	1	20	4	
6	1	14	6	
7	2	16	3	24	2	
8	2	18	8	9	6	
9	2	29	4	33	3	
10	2	16	4	28	3	
11	2	16	6	20	3	
12	2	7	18	14	5	
13	1	7	16	
14	1	21	4	
15	1	6	10	
16	2	8	14	6	9	
17	2	5	10	34	3	
18	1	9	9	
19	2	17	10	21	3	
20	2	8	14	33	3	
21	1	16	10	
22	2	5	17	31	4	
23	2	7	12	19	4	
24	2	5	13	17	2	
25	1	14	8	
26	1	21	3	
27	1	30	3	
28	1	35	2	
29	2	16	7	16	7	
30	2	13	4	29	3	
31	1	14	4	
32	1	26	3	
33	2	5	13	19	5	
34	1	5	17	
35	2	16	7	34	2	
36	2	13	6	24	3	
37	2	20	8	10	6	
38	2	5	16	5	15	
39	1	16	8	
40	1	6	9	
41	1	8	9	
42	2	23	4	19	3	
43	1	8	6	
44	1	9	9	
45	1	8	9	
46	2	12	7	20	2	
47	1	15	9	
48	1	4	12	
49	1	11	7	
50	1	19	2	
51	2	4	9	8	5	
52	1	13	8	
53	1	14	5	
54	2	6	16	7	10	
55	2	15	6	20	2	
56	2	19	10	13	5	
57	2	19	6	21	3	
58	1	16	7	
59	2	7	8	13	6	
60	1	16	4	
61	1	16	5	
62	1	28	2	
63	1	5	15	
64	1	28	3	
65	2	6	17	13	7	
66	1	12	5	
67	2	13	7	20	4	
68	1	8	8	
69	1	10	8	
70	1	24	3	
71	1	17	4	
72	2	11	9	35	3	
73	1	14	9	
74	2	6	17	23	3	
75	2	8	17	19	2	
76	1	5	9	
77	2	7	17	21	4	
78	2	6	13	28	3	
79	1	20	3	
80	2	5	13	15	9	
81	1	18	4	
82	1	24	3	
83	2	17	9	25	4	
84	2	7	17	19	7	
85	1	7	9	
86	1	8	13	
87	2	18	4	16	3	
88	2	7	13	25	3	
89	2	8	8	17	2	
90	2	33	3	30	3	
91	1	18	6	
92	2	4	18	15	6	
93	1	16	10	
94	1	6	10	
95	2	5	8	12	6	
96	2	5	12	5	10	
97	1	18	10	
98	2	7	9	19	8	
99	1	8	10	
100	1	7	14	
101	1	12	8	
102	2	5	13	20	9	
103	2	30	3	19	2	
104	2	12	6	19	4	
105	2	6	17	23	2	
106	2	7	11	19	9	
107	2	5	12	7	9	
108	2	8	17	7	13	
109	2	13	8	18	2	
110	1	8	7	
111	1	24	3	
112	1	8	14	
113	2	6	16	9	5	
114	1	15	8	
115	2	11	6	19	2	
116	2	5	10	15	9	
117	2	9	8	8	5	
118	1	12	7	
119	2	14	7	18	2	
120	2	27	3	25	3	
121	2	9	10	11	9	
122	2	12	8	25	3	
123	2	11	4	8	4	
124	1	25	4	
125	2	15	8	25	2	
126	2	18	9	24	3	
127	2	6	13	9	4	
128	1	32	3	
129	1	8	10	
130	1	6	16	
131	2	19	6	27	3	
132	2	7	13	14	9	
133	1	5	10	
134	2	14	5	20	4	
135	1	15	7	
136	1	6	9	
137	1	28	4	
138	1	7	17	
139	2	6	10	16	4	
140	1	22	3	
141	2	8	11	7	11	
142	1	24	4	
143	2	5	15	13	4	
144	2	6	13	19	7	
145	2	8	17	18	10	
146	2	4	12	12	5	
147	2	18	9	25	3	
148	1	6	9	
149	1	10	5	
150	1	5	14	
151	2	4	9	19	7	
152	1	7	12	
153	2	8	17	8	4	
154	1	5	9	
155	2	7	10	19	5	
156	2	19	4	18	4	
157	2	5	11	20	7	
158	1	30	2	
159	1	30	3	
160	2	17	6	8	5	
161	1	5	9	
162	1	26	3	
163	2	6	16	22	3	
164	1	19	3	
165	2	4	15	6	11	
166	2	14	8	33	2	
167	2	8	13	32	3	
168	2	9	6	9	6	
169	2	24	4	20	4	
170	1	29	3	
171	1	29	2	
172	1	24	3	
173	2	6	9	16	3	
174	1	13	10	
175	2	6	14	20	2	
176	2	11	9	5	8	
177	2	11	6	21	4	
178	2	5	15	12	10	
179	1	7	13	
180	1	20	9	
181	2	13	6	10	6	
182	2	5	12	11	9	
183	1	14	8	
184	1	18	2	
185	2	5	17	12	7	
186	1	22	3	
187	2	17	9	21	4	
188	2	6	14	6	12	
189	1	6	10	
190	2	7	10	31	4	
191	2	14	7	17	5	
192	2	28	4	28	3	
193	2	6	9	22	3	
194	1	6	11	
195	1	18	6	
196	1	6	15	
197	2	4	15	5	10	
198	2	7	13	20	4	
199	2	13	7	21	3	
