2
71
104
40	36
1	2	16	8	15	8	
2	1	6	10	
3	1	6	17	
4	2	10	9	18	3	
5	2	6	18	27	4	
6	2	7	16	16	10	
7	2	17	5	34	3	
8	2	8	13	10	8	
9	1	32	3	
10	1	9	9	
11	2	8	13	36	4	
12	1	6	12	
13	1	5	11	
14	2	14	9	30	2	
15	1	10	7	
16	2	7	14	24	2	
17	1	16	4	
18	2	7	12	6	11	
19	1	24	3	
20	2	18	7	10	5	
21	1	17	10	
22	2	7	10	29	2	
23	2	4	15	10	7	
24	2	14	9	18	5	
25	2	11	7	18	5	
26	1	14	10	
27	2	7	12	18	4	
28	1	34	2	
29	1	6	15	
30	2	20	8	15	5	
31	2	15	9	34	3	
32	1	20	3	
33	2	7	16	7	13	
34	2	5	13	15	7	
35	1	14	6	
36	1	12	6	
37	1	15	10	
38	1	32	4	
39	2	5	15	9	6	
40	2	16	6	22	3	
41	1	6	9	
42	1	29	3	
43	1	28	3	
44	1	33	2	
45	1	8	17	
46	2	9	7	26	4	
47	2	29	3	25	3	
48	1	4	12	
49	1	7	17	
50	1	5	11	
51	1	18	3	
52	1	10	10	
53	1	7	15	
54	1	16	8	
55	1	7	9	
56	2	23	4	20	3	
57	1	11	6	
58	1	14	10	
59	1	13	9	
60	1	9	5	
61	2	14	10	35	4	
62	2	4	14	13	5	
63	2	14	9	16	8	
64	2	12	9	25	3	
65	1	12	6	
66	2	5	15	5	9	
67	2	7	14	23	3	
68	1	7	12	
69	2	7	16	18	8	
70	1	8	8	
71	2	8	6	25	4	
