4
75
198
40	31
1	2	7	11	11	6	
2	3	15	7	6	5	13	3	
3	3	15	4	6	4	15	3	
4	1	6	9	
5	3	4	12	15	8	14	2	
6	2	5	7	8	4	
7	3	5	9	27	4	22	3	
8	3	8	11	12	5	14	3	
9	3	4	11	4	10	26	3	
10	3	8	13	12	6	13	3	
11	4	6	14	8	8	28	3	16	3	
12	1	6	6	
13	4	6	8	26	4	31	3	8	3	
14	3	11	6	26	3	15	3	
15	3	5	11	16	6	19	4	
16	2	4	6	14	4	
17	4	8	12	4	7	19	4	16	3	
18	2	5	4	12	3	
19	4	6	12	7	11	16	4	24	3	
20	2	21	4	15	4	
21	1	7	4	
22	2	22	4	12	3	
23	1	4	9	
24	4	6	11	6	10	9	6	7	3	
25	4	25	4	18	4	5	4	19	3	
26	4	8	7	5	5	29	3	20	3	
27	4	4	14	5	10	12	4	6	3	
28	2	8	12	21	4	
29	2	13	7	4	3	
30	4	4	11	16	7	15	4	12	4	
31	3	25	4	23	3	16	3	
32	1	7	5	
33	3	14	6	8	6	13	4	
34	4	6	12	6	10	14	4	15	3	
35	4	7	14	7	6	10	4	18	3	
36	1	4	7	
37	4	4	12	5	6	13	3	27	2	
38	1	25	3	
39	4	6	8	14	6	8	5	18	2	
40	1	12	7	
41	2	6	8	14	6	
42	1	14	6	
43	2	26	2	13	2	
44	2	13	6	18	3	
45	4	8	7	4	6	23	2	7	2	
46	1	12	4	
47	2	21	3	11	3	
48	4	15	3	13	3	8	3	7	2	
49	3	8	14	4	13	13	4	
50	3	4	7	6	6	14	3	
51	3	8	7	5	6	30	4	
52	1	13	3	
53	4	5	10	6	9	9	5	22	3	
54	2	16	6	7	4	
55	4	6	10	6	7	5	7	21	3	
56	2	4	11	12	3	
57	1	14	3	
58	4	4	9	13	6	15	5	29	4	
59	2	4	4	7	3	
60	2	4	11	7	5	
61	3	5	6	20	4	16	2	
62	3	7	11	20	3	11	2	
63	4	6	13	6	10	30	3	20	2	
64	3	7	13	6	6	21	3	
65	1	14	6	
66	3	20	4	5	4	28	3	
67	3	6	12	14	5	8	2	
68	3	5	9	16	3	4	3	
69	3	4	13	5	10	27	3	
70	3	13	8	6	8	11	4	
71	1	7	8	
72	1	18	2	
73	3	8	6	9	3	18	2	
74	2	26	3	11	2	
75	4	12	7	25	4	26	3	19	2	
