2
240
370
40	36
1	2	5	18	32	3	
2	1	11	6	
3	2	13	8	10	7	
4	1	13	5	
5	1	8	5	
6	2	10	9	15	5	
7	1	31	4	
8	2	10	5	22	4	
9	2	17	8	17	8	
10	1	15	7	
11	1	5	17	
12	2	10	9	24	2	
13	2	5	15	14	7	
14	1	6	13	
15	1	12	9	
16	1	26	3	
17	2	8	13	29	4	
18	1	18	8	
19	1	15	8	
20	1	11	5	
21	2	8	9	34	3	
22	1	27	2	
23	1	4	10	
24	2	13	8	33	3	
25	2	4	15	18	5	
26	1	4	15	
27	2	7	18	10	6	
28	2	19	4	20	2	
29	2	5	17	8	6	
30	1	5	15	
31	1	8	17	
32	2	5	10	20	8	
33	2	6	16	13	9	
34	2	7	16	32	3	
35	2	7	10	5	9	
36	2	18	7	18	6	
37	2	15	6	26	2	
38	2	32	3	32	3	
39	2	4	17	32	2	
40	1	8	15	
41	1	17	3	
42	1	21	2	
43	2	14	8	13	4	
44	1	20	9	
45	2	8	18	17	8	
46	1	35	3	
47	1	30	3	
48	2	7	14	28	2	
49	1	9	7	
50	2	5	16	28	4	
51	2	19	7	18	5	
52	1	32	3	
53	2	9	10	19	3	
54	2	12	8	34	3	
55	2	5	16	15	8	
56	2	17	3	26	2	
57	1	13	7	
58	2	13	9	6	8	
59	2	7	13	15	9	
60	1	27	3	
61	2	15	8	12	5	
62	1	17	6	
63	1	19	10	
64	1	34	2	
65	1	15	5	
66	1	16	9	
67	2	18	7	35	3	
68	2	7	15	22	3	
69	2	16	7	22	3	
70	2	5	15	17	6	
71	2	5	10	34	3	
72	2	5	14	11	10	
73	2	6	9	16	7	
74	2	13	8	11	5	
75	1	19	6	
76	1	4	11	
77	1	8	17	
78	1	5	12	
79	2	35	3	17	3	
80	2	12	5	32	4	
81	2	12	6	29	2	
82	2	8	12	20	3	
83	1	4	18	
84	1	28	4	
85	1	10	7	
86	2	7	14	31	2	
87	2	15	5	21	3	
88	1	6	13	
89	2	32	4	18	3	
90	1	20	3	
91	2	7	16	33	3	
92	1	7	9	
93	1	31	4	
94	2	34	2	16	2	
95	1	5	17	
96	1	17	7	
97	1	27	2	
98	1	10	6	
99	2	7	17	4	14	
100	2	22	3	24	2	
101	2	6	15	15	5	
102	1	36	4	
103	2	6	11	10	9	
104	1	18	4	
105	1	14	6	
106	1	21	3	
107	2	4	16	18	5	
108	1	7	12	
109	1	4	18	
110	1	8	11	
111	2	11	9	35	2	
112	1	16	5	
113	2	6	14	7	9	
114	1	32	2	
115	2	5	14	25	3	
116	2	21	4	27	3	
117	1	18	10	
118	1	14	6	
119	1	35	3	
120	2	12	8	14	7	
121	1	21	2	
122	2	14	4	21	2	
123	2	17	9	17	4	
124	2	10	5	13	4	
125	2	5	10	10	8	
126	2	14	5	10	5	
127	2	7	15	6	10	
128	2	7	12	17	3	
129	2	19	8	23	4	
130	1	32	3	
131	1	10	4	
132	1	24	2	
133	2	8	9	16	7	
134	2	18	6	11	6	
135	1	4	16	
136	2	5	9	16	4	
137	1	18	5	
138	2	13	8	30	3	
139	2	17	6	30	3	
140	2	6	13	7	8	
141	2	5	16	29	3	
142	1	18	7	
143	1	31	4	
144	1	12	6	
145	2	8	6	11	5	
146	1	6	12	
147	1	30	2	
148	1	16	3	
149	2	4	14	26	4	
150	2	18	5	25	3	
151	1	19	7	
152	2	8	11	10	8	
153	2	7	13	7	10	
154	1	18	9	
155	1	22	3	
156	2	5	11	19	3	
157	1	19	3	
158	1	8	7	
159	1	35	3	
160	1	7	10	
161	1	6	11	
162	2	14	6	24	2	
163	2	8	5	25	3	
164	2	17	7	22	3	
165	2	5	12	28	4	
166	1	11	7	
167	2	8	15	24	2	
168	2	5	16	14	7	
169	1	33	3	
170	1	14	4	
171	2	5	13	26	2	
172	2	7	11	20	9	
173	2	10	10	20	5	
174	2	30	3	34	2	
175	1	30	2	
176	2	9	7	32	3	
177	1	25	4	
178	2	16	10	25	2	
179	2	6	16	4	9	
180	1	19	8	
181	2	17	4	18	2	
182	2	7	18	8	14	
183	2	32	3	23	3	
184	1	10	10	
185	1	14	4	
186	1	14	9	
187	1	6	16	
188	1	10	7	
189	1	16	4	
190	2	5	18	25	3	
191	2	5	13	11	6	
192	1	6	11	
193	1	16	5	
194	1	14	8	
195	1	24	2	
196	1	7	17	
197	2	9	9	14	6	
198	2	29	4	22	3	
199	2	6	17	23	3	
200	1	13	6	
201	1	7	11	
202	1	20	8	
203	2	8	12	17	2	
204	2	7	17	5	12	
205	2	5	13	19	6	
206	2	15	8	29	2	
207	2	10	7	18	2	
208	1	34	3	
209	2	7	12	6	9	
210	2	7	18	4	11	
211	1	28	3	
212	2	7	13	5	13	
213	1	18	5	
214	2	35	3	20	2	
215	2	15	9	18	4	
216	2	6	10	31	2	
217	2	7	16	9	5	
218	1	5	13	
219	1	13	9	
220	2	18	9	18	3	
221	2	13	7	19	4	
222	1	14	7	
223	2	4	16	6	15	
224	1	28	2	
225	1	15	5	
226	1	11	7	
227	2	5	14	33	3	
228	1	6	17	
229	2	15	9	31	3	
230	2	5	15	19	3	
231	2	7	11	19	9	
232	2	7	12	27	3	
233	1	17	6	
234	2	7	11	22	2	
235	2	15	6	26	3	
236	2	12	6	30	4	
237	2	20	4	28	3	
238	2	14	6	14	6	
239	2	8	13	5	13	
240	2	22	4	26	2	
