4
252
634
40	32
1	2	6	5	23	2	
2	1	22	3	
3	1	22	3	
4	3	8	4	22	3	13	3	
5	4	5	8	8	7	25	3	24	2	
6	3	8	14	10	5	13	3	
7	3	15	6	25	3	17	3	
8	4	5	9	11	6	23	4	20	3	
9	4	6	10	26	4	16	4	12	4	
10	2	9	5	28	3	
11	4	7	13	6	12	4	5	27	2	
12	2	7	7	8	6	
13	3	14	7	18	3	12	2	
14	4	4	12	5	7	11	4	19	3	
15	3	11	6	31	3	24	3	
16	1	13	7	
17	1	5	9	
18	2	7	6	15	2	
19	2	5	13	5	5	
20	4	10	6	5	4	15	3	14	3	
21	3	17	3	13	3	5	3	
22	1	26	2	
23	4	4	11	8	4	26	3	21	3	
24	2	7	5	15	2	
25	1	16	2	
26	4	10	7	10	7	14	3	21	2	
27	4	6	5	21	4	12	3	13	2	
28	3	8	13	8	11	29	4	
29	1	17	2	
30	3	8	13	5	8	22	2	
31	4	5	11	6	6	10	5	27	2	
32	3	7	10	5	8	14	4	
33	4	6	14	13	7	13	4	15	3	
34	3	6	7	25	4	13	3	
35	1	8	11	
36	2	7	5	9	3	
37	1	16	3	
38	1	6	8	
39	4	5	9	5	9	24	3	20	3	
40	2	6	10	14	3	
41	2	15	5	31	3	
42	4	12	8	6	7	5	7	17	2	
43	1	5	5	
44	2	5	14	14	4	
45	4	9	7	8	6	10	5	7	3	
46	2	5	8	27	4	
47	3	6	14	7	10	14	2	
48	2	5	5	11	2	
49	2	31	4	26	4	
50	4	7	6	25	4	19	4	16	3	
51	3	7	9	6	9	5	3	
52	1	16	3	
53	1	15	4	
54	2	5	6	15	2	
55	2	7	11	11	2	
56	4	5	5	22	3	13	3	14	2	
57	1	18	4	
58	2	5	5	14	3	
59	2	13	5	17	3	
60	3	25	3	7	3	17	2	
61	2	7	12	5	4	
62	3	5	11	6	8	31	2	
63	4	8	11	6	11	7	8	26	3	
64	3	12	5	12	4	22	3	
65	1	25	2	
66	4	16	7	9	4	26	3	24	2	
67	1	6	10	
68	2	6	5	13	2	
69	1	5	4	
70	1	7	2	
71	2	16	3	26	2	
72	3	15	4	9	4	16	3	
73	1	17	2	
74	2	7	10	23	3	
75	2	7	8	25	3	
76	3	6	4	14	3	14	2	
77	1	24	3	
78	2	15	4	20	3	
79	1	13	2	
80	1	6	12	
81	4	6	13	6	9	18	3	19	2	
82	3	4	10	5	9	7	5	
83	1	6	5	
84	3	8	10	7	5	18	3	
85	1	12	3	
86	1	6	5	
87	3	5	13	8	9	31	3	
88	1	27	4	
89	2	12	7	21	2	
90	2	7	5	11	2	
91	1	6	10	
92	4	16	7	6	7	6	6	15	4	
93	4	5	13	5	7	7	5	13	3	
94	3	7	10	4	4	27	3	
95	4	7	7	5	7	18	4	30	3	
96	4	5	11	18	3	6	3	13	2	
97	4	15	5	7	4	14	3	26	2	
98	3	15	7	13	6	7	4	
99	4	6	10	6	7	6	5	27	3	
100	1	21	4	
101	2	7	12	5	3	
102	1	17	3	
103	2	6	10	8	7	
104	1	6	9	
105	1	26	3	
106	1	4	13	
107	4	7	6	7	6	13	4	12	3	
108	3	6	9	7	5	32	2	
109	1	13	2	
110	1	17	2	
111	2	5	11	15	4	
112	4	6	14	6	13	7	3	26	2	
113	4	5	9	15	3	14	3	15	2	
114	1	12	4	
115	2	10	6	8	5	
116	3	7	12	9	7	9	2	
117	3	7	12	26	4	12	3	
118	2	19	4	21	3	
119	4	6	8	8	5	31	4	21	2	
120	2	5	4	7	3	
121	4	5	9	8	5	29	4	27	2	
122	2	10	6	7	4	
123	2	15	3	12	3	
124	4	8	13	5	7	6	5	28	3	
125	4	8	13	7	11	9	7	7	6	
126	2	5	6	26	3	
127	1	7	4	
128	4	6	9	14	5	7	5	5	5	
129	2	7	11	23	3	
130	1	6	12	
131	3	5	11	5	9	6	5	
132	2	12	7	14	4	
133	1	8	13	
134	4	12	8	5	6	8	5	21	3	
135	4	7	14	4	13	8	5	30	4	
136	4	7	9	31	3	24	3	10	3	
137	3	8	6	15	5	13	4	
138	1	6	7	
139	1	6	7	
140	3	6	7	10	6	13	2	
141	3	4	14	5	4	14	2	
142	1	7	6	
143	2	16	3	15	2	
144	1	27	2	
145	2	23	3	19	3	
146	4	5	10	28	4	8	4	20	3	
147	2	4	4	16	2	
148	1	8	4	
149	3	7	6	12	5	27	2	
150	3	7	4	24	3	19	3	
151	3	4	10	8	8	15	4	
152	1	10	3	
153	2	10	7	8	7	
154	4	7	12	16	4	13	3	6	3	
155	3	5	11	8	6	6	4	
156	4	6	13	6	11	14	8	21	2	
157	1	6	7	
158	3	7	10	6	7	29	3	
159	2	8	13	7	8	
160	2	5	13	24	4	
161	3	4	13	8	11	16	3	
162	4	6	13	7	10	5	7	14	3	
163	2	15	7	5	7	
164	3	7	13	7	11	27	4	
165	3	6	10	5	5	32	4	
166	1	13	3	
167	3	6	12	5	5	13	2	
168	4	5	6	10	4	30	3	19	3	
169	4	4	5	18	4	15	4	14	3	
170	3	6	11	6	5	16	3	
171	1	8	10	
172	3	13	5	8	4	14	2	
173	3	6	8	7	5	23	3	
174	2	7	14	20	4	
175	4	6	13	14	5	32	3	26	2	
176	4	6	6	6	6	15	4	18	3	
177	4	4	12	4	11	26	4	21	3	
178	3	5	13	8	5	26	4	
179	2	7	7	7	4	
180	4	8	8	7	6	7	5	20	2	
181	1	8	2	
182	3	30	4	8	4	16	3	
183	3	6	5	6	5	13	3	
184	4	6	12	4	10	30	4	6	4	
185	3	30	4	23	4	14	4	
186	3	4	12	16	4	14	3	
187	4	7	9	12	5	12	3	9	3	
188	3	7	5	25	4	16	3	
189	2	29	3	16	2	
190	4	7	9	6	7	28	3	13	2	
191	2	18	3	26	2	
192	3	19	4	17	4	31	3	
193	1	13	6	
194	2	7	7	31	2	
195	2	7	6	7	4	
196	1	16	4	
197	2	23	3	16	3	
198	4	7	6	26	3	20	3	12	3	
199	2	5	13	16	3	
200	2	8	12	25	2	
201	4	7	11	12	5	14	3	25	2	
202	4	6	8	28	4	26	4	4	4	
203	3	11	7	18	3	18	3	
204	3	16	8	6	6	6	4	
205	2	5	6	31	3	
206	1	5	6	
207	3	7	9	22	2	16	2	
208	2	5	12	22	3	
209	1	7	4	
210	4	13	4	23	3	21	3	20	3	
211	4	7	12	7	11	5	10	8	8	
212	2	5	8	18	3	
213	1	9	6	
214	3	5	11	10	7	12	4	
215	4	11	7	6	5	16	4	11	4	
216	4	5	11	6	5	29	3	26	2	
217	4	7	12	6	7	26	4	28	3	
218	4	5	13	5	7	4	6	22	3	
219	1	6	13	
220	2	6	13	18	3	
221	4	25	4	22	3	14	3	25	2	
222	3	8	12	15	8	15	5	
223	3	5	8	12	5	5	5	
224	2	29	3	18	3	
225	4	6	13	13	4	12	3	8	3	
226	1	27	4	
227	4	6	13	6	12	5	11	15	6	
228	1	19	2	
229	1	7	13	
230	3	7	12	8	4	9	2	
231	2	6	9	26	3	
232	2	6	3	22	2	
233	2	7	10	12	8	
234	2	26	3	16	3	
235	1	30	3	
236	4	9	8	5	7	19	3	22	2	
237	2	7	8	32	3	
238	1	8	11	
239	4	5	14	6	11	5	9	6	4	
240	4	4	13	20	4	26	3	18	2	
241	4	7	13	5	10	6	6	24	3	
242	4	5	11	23	4	17	4	16	2	
243	2	6	6	9	4	
244	4	6	10	6	6	10	5	5	2	
245	1	7	5	
246	3	8	9	13	5	16	3	
247	1	13	5	
248	3	15	4	14	3	18	2	
249	3	5	11	7	7	14	3	
250	1	25	2	
251	2	5	13	8	6	
252	2	31	3	14	2	
