4
71
178
40	32
1	2	10	7	5	5	
2	3	6	7	15	4	13	3	
3	4	6	13	7	6	21	4	14	4	
4	3	5	12	7	8	15	4	
5	4	7	11	7	5	26	3	13	3	
6	1	14	7	
7	1	6	9	
8	2	13	6	11	3	
9	2	29	4	22	2	
10	2	5	5	14	2	
11	1	9	4	
12	2	7	13	32	3	
13	2	6	4	32	3	
14	1	5	8	
15	3	30	4	8	4	23	2	
16	3	8	5	4	5	14	3	
17	4	5	7	14	3	14	3	21	2	
18	3	6	14	8	9	5	8	
19	3	5	11	11	6	12	4	
20	3	5	7	12	5	15	4	
21	2	4	10	14	4	
22	2	10	5	9	4	
23	3	6	10	14	4	9	4	
24	1	29	4	
25	1	8	5	
26	3	7	14	5	13	20	4	
27	3	6	7	29	3	28	2	
28	1	11	3	
29	3	6	11	7	10	10	3	
30	4	8	6	5	6	16	5	17	3	
31	4	7	5	22	4	21	3	6	3	
32	3	7	9	28	4	15	2	
33	1	11	6	
34	1	7	9	
35	2	4	8	4	2	
36	4	5	13	8	8	5	6	15	5	
37	2	15	6	23	3	
38	1	13	8	
39	4	24	4	5	4	16	3	7	2	
40	1	29	3	
41	3	32	3	24	3	18	3	
42	4	8	12	18	4	21	3	12	3	
43	3	15	8	12	5	23	3	
44	4	5	9	7	7	6	7	12	5	
45	2	14	4	16	2	
46	1	6	9	
47	3	13	4	23	3	7	3	
48	4	5	7	14	6	27	4	13	4	
49	1	7	12	
50	4	14	5	23	3	31	2	13	2	
51	4	5	12	5	9	5	6	28	3	
52	1	5	6	
53	2	30	3	9	3	
54	4	6	10	6	8	30	2	29	2	
55	3	5	5	18	4	23	2	
56	4	4	9	12	8	20	3	17	3	
57	2	6	8	18	3	
58	4	6	8	31	3	10	3	9	2	
59	1	27	3	
60	4	5	8	5	5	5	5	8	4	
61	4	8	10	13	7	26	3	31	2	
62	1	13	6	
63	2	31	2	19	2	
64	1	16	8	
65	3	9	6	22	4	14	4	
66	1	13	4	
67	3	5	10	7	7	32	4	
68	3	10	7	9	6	14	3	
69	4	6	8	9	7	8	6	6	6	
70	2	7	8	29	4	
71	1	8	7	
