3
240
490
40	32
1	3	6	12	10	7	26	4	
2	2	14	8	6	8	
3	1	12	6	
4	2	8	9	10	6	
5	3	15	8	14	7	27	4	
6	3	8	13	7	8	10	6	
7	1	15	2	
8	3	10	7	29	3	26	3	
9	1	11	6	
10	3	8	8	6	6	20	2	
11	2	5	11	22	2	
12	3	6	11	9	5	24	3	
13	1	14	8	
14	1	28	3	
15	2	4	14	4	14	
16	2	8	7	10	6	
17	3	8	10	12	6	21	3	
18	3	7	13	10	7	12	6	
19	2	7	11	14	6	
20	2	12	8	6	7	
21	2	8	8	15	5	
22	1	20	2	
23	2	7	8	14	3	
24	1	5	12	
25	2	12	5	30	2	
26	1	7	13	
27	2	9	6	10	4	
28	2	12	5	21	2	
29	2	7	16	23	3	
30	1	8	11	
31	1	28	4	
32	2	7	11	8	10	
33	3	8	7	8	5	25	4	
34	3	5	14	8	12	31	4	
35	3	14	6	8	5	23	3	
36	2	16	8	12	6	
37	1	11	8	
38	2	9	7	28	2	
39	2	13	6	12	6	
40	3	15	7	14	3	13	2	
41	1	25	2	
42	3	7	7	15	3	22	2	
43	3	11	5	19	4	10	4	
44	2	6	16	4	12	
45	2	6	9	24	3	
46	2	20	3	26	2	
47	2	15	5	30	3	
48	3	8	15	14	6	21	3	
49	3	8	5	14	3	15	2	
50	1	22	4	
51	3	10	6	27	4	13	4	
52	3	5	12	17	3	27	2	
53	2	4	13	7	7	
54	1	15	7	
55	2	7	6	16	5	
56	2	10	8	16	7	
57	2	25	4	14	3	
58	1	18	3	
59	2	7	11	13	6	
60	2	5	14	5	9	
61	3	7	14	5	10	15	7	
62	2	10	5	16	3	
63	2	7	12	14	3	
64	2	14	6	6	6	
65	2	6	8	11	5	
66	2	10	6	15	3	
67	3	22	3	14	3	20	2	
68	3	6	8	16	7	11	7	
69	3	8	12	7	9	15	6	
70	3	14	5	18	3	13	2	
71	3	15	6	18	4	22	3	
72	1	5	7	
73	3	6	12	5	7	11	4	
74	1	12	5	
75	3	14	6	18	3	13	3	
76	2	13	5	12	5	
77	2	31	4	17	3	
78	1	14	6	
79	2	5	12	24	4	
80	1	7	15	
81	2	9	8	20	3	
82	1	20	3	
83	3	11	4	16	3	13	3	
84	1	9	7	
85	1	28	2	
86	2	5	13	8	7	
87	3	9	5	16	4	14	4	
88	2	10	6	17	4	
89	2	15	6	14	6	
90	1	31	4	
91	2	7	10	5	9	
92	1	5	8	
93	2	8	6	20	3	
94	2	6	13	22	3	
95	3	8	13	12	7	14	4	
96	1	8	12	
97	1	17	3	
98	2	8	12	13	6	
99	3	16	8	9	6	23	2	
100	3	7	10	7	9	14	5	
101	3	7	14	16	6	31	3	
102	1	6	10	
103	1	20	3	
104	3	4	11	7	8	25	4	
105	3	15	5	27	3	27	3	
106	3	8	10	7	8	15	6	
107	3	7	7	10	5	22	2	
108	1	13	2	
109	1	8	10	
110	1	4	12	
111	2	6	10	8	6	
112	1	8	9	
113	3	11	5	31	4	17	3	
114	2	15	3	23	2	
115	3	7	14	8	9	9	6	
116	2	6	10	14	2	
117	3	8	15	31	4	13	4	
118	1	12	3	
119	2	24	4	14	3	
120	1	18	3	
121	2	7	13	7	9	
122	1	8	12	
123	1	21	2	
124	1	12	6	
125	3	5	16	6	8	6	8	
126	2	5	7	11	5	
127	3	5	15	20	3	15	3	
128	1	6	13	
129	2	8	15	10	4	
130	3	16	5	10	5	10	5	
131	3	7	14	6	14	7	12	
132	2	8	11	4	11	
133	1	14	8	
134	2	7	10	15	4	
135	2	26	4	16	3	
136	2	6	13	4	10	
137	1	30	4	
138	2	5	9	8	6	
139	1	5	16	
140	2	4	13	5	10	
141	2	5	7	29	2	
142	3	15	7	13	7	15	6	
143	3	7	14	14	8	28	3	
144	2	4	12	25	2	
145	3	8	8	10	7	23	3	
146	1	16	6	
147	1	12	4	
148	2	8	15	14	4	
149	2	14	7	23	3	
150	1	6	12	
151	1	22	3	
152	3	7	14	4	8	30	4	
153	1	15	3	
154	3	9	6	8	6	8	6	
155	1	5	13	
156	2	7	13	16	2	
157	1	10	5	
158	3	8	8	15	7	12	4	
159	1	7	8	
160	1	6	15	
161	2	7	14	13	6	
162	1	11	8	
163	3	15	8	6	6	30	2	
164	3	7	14	9	7	11	4	
165	2	4	11	14	3	
166	3	8	15	13	5	15	4	
167	1	4	9	
168	2	7	10	9	4	
169	2	27	4	13	3	
170	3	7	8	29	4	31	2	
171	2	16	6	14	5	
172	2	11	6	8	6	
173	3	7	15	15	5	29	3	
174	1	4	15	
175	3	7	16	6	12	5	10	
176	2	5	14	10	5	
177	1	7	12	
178	1	15	5	
179	3	14	5	12	5	21	4	
180	2	10	7	8	7	
181	2	6	8	11	7	
182	1	14	7	
183	3	7	14	10	5	15	3	
184	2	6	12	30	4	
185	1	6	13	
186	2	7	11	8	6	
187	2	8	15	13	3	
188	2	13	7	16	4	
189	3	5	15	5	11	26	3	
190	2	7	16	19	3	
191	2	9	5	14	4	
192	3	9	8	20	3	17	3	
193	3	10	6	11	5	12	3	
194	2	15	7	14	4	
195	1	9	7	
196	1	10	8	
197	1	14	3	
198	2	15	8	17	3	
199	2	15	8	13	5	
200	1	17	3	
201	3	16	7	8	6	23	4	
202	1	12	5	
203	3	11	5	31	4	13	4	
204	3	4	15	5	10	20	3	
205	3	13	5	22	4	26	3	
206	1	5	7	
207	1	5	16	
208	2	32	3	16	3	
209	2	10	8	13	6	
210	3	7	15	8	10	29	3	
211	3	20	4	21	3	16	2	
212	3	5	13	6	7	30	3	
213	3	6	10	29	3	26	2	
214	2	6	14	25	2	
215	3	6	13	4	9	8	7	
216	3	4	12	13	5	25	2	
217	1	16	2	
218	2	6	9	7	8	
219	3	12	7	4	6	19	4	
220	2	6	8	9	5	
221	3	6	12	14	7	18	3	
222	2	6	6	18	4	
223	3	4	9	15	4	14	2	
224	2	26	4	23	3	
225	3	12	6	15	4	22	2	
226	1	12	5	
227	3	14	7	9	5	15	2	
228	3	7	13	7	10	6	8	
229	2	15	4	15	4	
230	3	6	6	22	4	27	2	
231	2	18	4	26	2	
232	3	7	11	25	4	20	3	
233	2	24	3	21	3	
234	1	7	8	
235	2	8	14	31	2	
236	3	6	10	5	10	5	9	
237	2	8	7	13	6	
238	1	15	6	
239	2	16	7	23	3	
240	1	9	8	
