3
44
87
40	30
1	2	6	11	11	5	
2	3	14	6	27	4	15	3	
3	2	16	5	22	4	
4	3	7	12	12	5	29	4	
5	2	8	16	5	10	
6	2	10	5	24	3	
7	1	6	6	
8	2	7	14	20	4	
9	2	5	8	14	4	
10	2	6	11	5	10	
11	2	13	8	10	8	
12	2	26	3	26	2	
13	3	10	7	27	3	19	3	
14	3	5	13	12	4	30	3	
15	3	7	7	6	6	19	3	
16	3	16	8	12	5	28	2	
17	1	5	7	
18	1	8	16	
19	3	13	6	8	10	7	6	
20	1	8	10	
21	3	15	5	19	3	17	3	
22	3	4	9	10	5	28	3	
23	1	15	6	
24	1	15	5	
25	3	7	9	19	2	19	2	
26	3	14	6	7	6	25	3	
27	2	7	11	10	5	
28	1	8	8	
29	1	25	3	
30	1	7	15	
31	2	7	10	27	3	
32	3	14	7	20	3	28	2	
33	1	9	8	
34	3	14	8	6	8	26	3	
35	1	4	11	
36	1	6	10	
37	2	5	15	6	7	
38	3	23	3	20	3	25	2	
39	1	7	13	
40	1	7	9	
41	2	7	13	11	5	
42	1	14	4	
43	3	4	14	12	7	15	6	
44	1	8	7	
