2
75
124
40	36
1	1	22	3	
2	2	12	10	9	6	
3	2	32	4	32	3	
4	2	7	12	26	3	
5	2	7	15	28	4	
6	2	29	3	31	2	
7	1	18	6	
8	2	18	7	30	4	
9	1	7	15	
10	1	28	2	
11	1	17	2	
12	2	7	16	33	3	
13	2	12	9	10	9	
14	1	34	2	
15	2	6	9	32	3	
16	2	19	7	35	4	
17	1	19	4	
18	1	25	4	
19	2	11	9	11	9	
20	2	7	13	28	3	
21	1	36	3	
22	2	6	18	13	9	
23	2	6	15	5	8	
24	2	34	3	26	3	
25	1	7	12	
26	2	5	8	33	3	
27	2	7	11	17	10	
28	2	19	9	29	2	
29	2	6	16	29	3	
30	2	7	15	16	6	
31	1	17	4	
32	2	17	3	25	2	
33	2	9	8	17	3	
34	2	7	10	18	4	
35	1	5	17	
36	2	5	18	17	9	
37	2	32	3	21	2	
38	2	7	14	9	5	
39	2	7	15	18	7	
40	2	27	4	27	4	
41	2	35	3	29	2	
42	1	15	9	
43	2	7	13	11	8	
44	2	6	10	25	4	
45	1	5	12	
46	1	21	2	
47	2	7	13	11	6	
48	2	19	7	19	6	
49	2	16	10	22	3	
50	2	12	7	28	3	
51	2	6	13	19	2	
52	2	5	9	28	3	
53	2	29	3	28	2	
54	2	12	4	9	4	
55	2	35	4	16	4	
56	2	6	17	17	8	
57	2	6	14	16	9	
58	2	17	3	16	3	
59	1	8	14	
60	2	5	14	4	11	
61	1	5	17	
62	1	32	4	
63	2	6	11	27	3	
64	2	5	18	17	3	
65	1	19	7	
66	1	11	6	
67	1	12	10	
68	1	19	9	
69	1	32	2	
70	2	6	11	14	7	
71	2	15	7	13	6	
72	2	27	3	28	2	
73	1	17	5	
74	1	4	18	
75	1	7	12	
