3
75
154
40	32
1	2	5	15	23	3	
2	1	7	9	
3	1	15	6	
4	3	8	10	8	7	23	2	
5	1	5	11	
6	2	22	3	13	2	
7	2	6	12	12	5	
8	2	8	7	5	6	
9	2	10	7	26	3	
10	3	14	5	10	5	27	3	
11	3	7	12	14	8	14	4	
12	1	9	7	
13	2	15	7	12	3	
14	1	15	4	
15	1	15	4	
16	1	6	11	
17	3	5	15	7	14	15	6	
18	1	29	3	
19	1	5	11	
20	3	5	15	12	7	15	5	
21	3	7	7	25	3	21	2	
22	3	4	12	13	6	12	3	
23	2	31	4	25	4	
24	3	8	8	28	3	22	3	
25	2	5	8	5	7	
26	1	12	6	
27	3	13	6	8	5	16	3	
28	3	5	10	28	3	24	3	
29	3	13	8	12	7	29	4	
30	3	5	11	27	3	27	3	
31	2	5	7	27	3	
32	2	9	5	19	3	
33	2	13	3	20	2	
34	2	7	12	5	10	
35	3	4	9	13	7	20	3	
36	3	4	7	13	6	12	4	
37	3	5	9	13	5	16	3	
38	1	8	4	
39	2	12	6	12	4	
40	1	10	5	
41	3	8	14	13	7	18	2	
42	1	6	11	
43	1	29	2	
44	2	4	10	12	5	
45	1	26	3	
46	2	7	15	15	5	
47	3	7	8	4	7	28	3	
48	3	24	4	15	4	32	3	
49	1	18	3	
50	1	5	16	
51	3	6	16	5	13	12	5	
52	1	7	11	
53	2	6	8	23	3	
54	3	6	13	23	3	13	3	
55	2	8	6	16	5	
56	1	8	8	
57	2	9	7	26	2	
58	3	4	12	13	8	32	3	
59	1	30	2	
60	2	7	15	15	8	
61	3	5	13	16	4	31	3	
62	2	7	16	8	7	
63	3	6	15	5	12	16	4	
64	1	5	9	
65	3	6	9	6	6	10	5	
66	2	14	4	24	3	
67	1	7	11	
68	3	11	8	13	6	23	3	
69	3	5	14	5	7	19	4	
70	3	6	13	5	8	21	3	
71	1	19	3	
72	3	12	6	30	3	20	3	
73	1	7	9	
74	3	16	8	5	8	16	6	
75	1	24	4	
