4
134
342
40	32
1	1	7	6	
2	2	6	5	20	3	
3	4	5	8	4	8	15	4	29	3	
4	1	7	11	
5	2	11	5	6	4	
6	3	21	3	8	3	21	2	
7	4	10	8	4	8	23	3	19	3	
8	2	7	8	8	3	
9	2	9	5	6	3	
10	1	21	3	
11	4	14	7	4	6	13	3	25	2	
12	3	32	3	26	2	15	2	
13	3	7	11	6	11	7	8	
14	3	12	4	26	3	15	3	
15	3	5	7	8	5	15	4	
16	1	17	2	
17	3	14	4	20	3	23	2	
18	4	5	12	4	9	10	7	17	3	
19	3	9	5	29	4	6	2	
20	2	5	7	8	5	
21	4	16	7	14	4	15	3	14	2	
22	2	5	8	15	7	
23	1	9	7	
24	1	6	7	
25	4	11	6	29	2	25	2	4	2	
26	2	5	4	25	3	
27	2	8	5	7	5	
28	3	6	12	14	8	6	5	
29	2	7	9	21	3	
30	1	6	5	
31	1	4	3	
32	4	28	4	18	4	14	4	14	3	
33	2	12	4	26	3	
34	4	7	14	6	9	16	4	8	3	
35	1	30	3	
36	1	22	3	
37	3	4	6	10	5	4	4	
38	4	6	13	5	8	5	6	24	2	
39	4	5	11	5	9	4	6	22	3	
40	2	15	5	28	3	
41	4	7	5	18	3	8	3	14	2	
42	1	4	12	
43	1	29	4	
44	2	8	10	8	10	
45	4	7	9	5	8	22	4	24	2	
46	2	15	3	5	3	
47	3	7	13	4	12	4	12	
48	4	8	10	9	7	30	4	21	3	
49	2	5	6	13	2	
50	2	13	3	10	2	
51	4	12	6	31	3	15	3	23	2	
52	2	5	7	24	2	
53	4	11	7	5	7	5	6	7	2	
54	2	6	11	13	2	
55	4	7	5	15	4	19	3	15	2	
56	2	7	9	29	3	
57	1	6	8	
58	4	4	13	9	8	5	7	22	3	
59	4	7	12	13	5	6	5	18	3	
60	2	8	7	5	6	
61	4	4	11	13	6	10	4	15	3	
62	4	7	10	16	4	13	3	27	2	
63	2	10	7	8	7	
64	1	21	3	
65	1	7	14	
66	3	13	5	22	3	20	2	
67	2	6	5	22	3	
68	1	8	3	
69	3	12	4	7	4	4	4	
70	2	5	4	18	3	
71	3	19	3	18	3	14	3	
72	3	8	9	22	3	31	2	
73	2	5	4	23	3	
74	2	9	8	7	4	
75	3	13	6	4	6	19	4	
76	3	4	7	27	3	17	3	
77	2	7	4	26	3	
78	4	7	14	5	13	7	11	4	9	
79	2	6	11	7	6	
80	3	4	7	31	4	27	3	
81	2	15	5	7	3	
82	2	30	2	16	2	
83	3	8	14	26	3	6	2	
84	4	5	11	9	5	25	4	10	3	
85	1	13	4	
86	2	14	6	28	3	
87	2	15	8	8	5	
88	2	14	4	16	3	
89	4	7	12	7	9	5	4	12	3	
90	3	16	8	7	8	15	2	
91	4	5	9	6	6	17	4	15	2	
92	2	13	7	16	3	
93	2	4	6	13	4	
94	2	6	4	24	3	
95	3	6	12	6	6	6	5	
96	2	4	12	7	5	
97	4	6	8	6	7	8	5	19	3	
98	4	4	14	15	8	19	3	16	3	
99	4	5	11	6	10	6	7	16	4	
100	2	12	7	26	3	
101	4	7	9	7	8	23	4	13	4	
102	3	7	11	7	6	26	2	
103	3	7	13	26	4	29	3	
104	4	8	8	9	6	15	5	28	2	
105	4	6	12	7	11	5	5	13	3	
106	3	16	7	24	4	18	2	
107	3	7	12	5	10	12	2	
108	1	22	3	
109	1	13	4	
110	2	6	13	18	3	
111	4	8	11	5	8	14	7	8	6	
112	3	7	6	14	5	17	3	
113	1	15	3	
114	2	5	6	13	3	
115	3	7	6	7	6	14	3	
116	3	4	13	12	7	17	4	
117	2	7	8	22	3	
118	1	12	2	
119	2	14	5	21	2	
120	4	10	8	21	4	7	4	12	3	
121	3	28	4	13	4	13	4	
122	2	18	4	24	3	
123	2	4	13	20	2	
124	2	23	3	12	3	
125	2	6	10	5	6	
126	4	7	10	7	8	32	4	7	3	
127	1	5	12	
128	2	6	11	6	5	
129	2	9	6	14	3	
130	1	25	3	
131	1	15	3	
132	2	7	7	8	4	
133	4	14	5	14	5	5	4	31	3	
134	4	7	14	12	8	5	7	14	2	
