   1   5.009559937628   0.334000027387   0.334000000000
   2   0.334000024647   5.542237251621   0.334000000000
   3   8.765652972273   0.405002279340   0.405000000000
   4   0.405090027727   9.594975865240   0.405000000000
   5   4.414567978986   5.199881027014   0.405000000000
   6   7.847504065322   0.472000034831   0.472000000000
   7   1.347557592725   9.527999665824   0.472000000000
   8   0.731935183542   8.537746327779   0.694000000000
   9   3.092568051939   2.620654864920   0.694000000000
  10   8.447742946646   1.505314360730   0.723000000000
  11   4.509155348681   2.654856137555   0.723000000000
  12   5.378712941919   9.114999869044   0.885000000000
  13   3.661227820299   4.093701855285   0.885000000000
  14   3.806550446391   1.039000076673   1.039000000000
  15   3.090904084206   5.931229374098   1.039000000000
  16   8.061742918161   3.296188022760   1.109000000000
  17   1.109000081839   6.759457124394   1.109000000000
  18   7.884653226766   5.735713108725   1.286000000000
  19   5.830964179211   4.167768233883   1.286000000000
  20   1.389943002275   4.181991367362   1.388000000000
  21   5.357282695725   6.799479256680   1.388000000000
  22   1.397000103091   1.397000103091   1.397000000000
  23   6.297542002845   1.516403750085   1.397000000000
  24   7.677742889824   8.506999889824   1.493000000000
  25   3.036822501625   8.506999889824   1.493000000000
