   1   2.545271171267   0.390000032034   0.390000000000
   2  30.688002642222   9.578641515981   0.390000000000
   3   6.113600469055   2.650823457095   0.390000000000
   4  42.986315872423   0.415065808118   0.390000000000
   5  56.650851735399   5.506530293893   0.390000000000
   6  15.762560295592   9.544147248386   0.390000000000
   7  23.918431406629   4.867516202086   0.390000000000
   8  24.036662511155   0.451143113169   0.390000000000
   9   6.228842622163   6.873596311622   0.390000000000
  10  56.634095633986   9.556983109462   0.390000000000
  11  19.171972406827   2.057882064153   0.497000000000
  12  33.503918787584   0.499790292280   0.497000000000
  13  52.368111259419   9.502999959177   0.497000000000
  14   0.497000040822   8.074791527364   0.497000000000
  15   5.952444597034   0.509911541433   0.497000000000
  16  16.457318518569   2.440654677304   0.497000000000
  17  19.905308420904   8.371318252128   0.497000000000
  18   0.498234444314   6.963409315384   0.497000000000
  19  43.362324162065   9.502999959178   0.497000000000
  20  34.053933358602   9.502999959178   0.497000000000
  21  38.127651459870   3.619295425745   0.593000000000
  22   5.858762173642   9.395403080567   0.593000000000
  23  26.939716788666   9.405348009424   0.593000000000
  24  25.301961702947   9.353489396191   0.593000000000
  25  34.590687859530   0.596565668408   0.593000000000
  26  38.756086901628   9.351433060126   0.593000000000
  27   0.608343919649   5.875793637577   0.593000000000
  28  20.359732183214   9.406999951292   0.593000000000
  29  38.552302931364   0.593000048708   0.593000000000
  30  11.245543013618   2.269542093543   0.593000000000
  31  33.272011690588   6.384422423900   0.715000000000
  32  19.057434107269   9.284999941271   0.715000000000
  33  34.102255629040   1.836589962822   0.715000000000
  34  48.823003938214   7.028352424721   0.715000000000
  35  19.546947974615   0.715000058728   0.715000000000
  36  56.361749941272   2.244744539168   0.715000000000
  37  28.914643361443   2.091695545319   0.715000000000
  38   8.799627080758   5.927738281069   0.715000000000
  39  43.087769979768   4.868480135209   0.715000000000
  40  29.695256094513   3.289837480524   0.715000000000
  41  29.374379352518   0.726000059632   0.726000000000
  42  53.899818650148   4.321474335940   0.726000000000
  43  36.913615599108   4.347260681079   0.726000000000
  44  10.231109096556   9.187139509196   0.726000000000
  45  11.714011892112   9.186614118838   0.726000000000
  46   0.737059258292   9.273999940368   0.726000000000
  47   4.032360973199   4.351455281603   0.726000000000
  48  56.261943877591   0.773653836063   0.726000000000
  49  13.844664560501   0.754698221751   0.726000000000
  50  20.326325657318   5.397476057758   0.726000000000
  51  15.542781255260   0.975000080084   0.975000000000
  52  27.646143575431   0.975000080084   0.975000000000
  53  44.244512190091   0.988361252130   0.975000000000
  54  47.417376045196   3.155118172961   0.975000000000
  55  44.341934287751   6.001760119585   0.975000000000
  56  51.263478829575   0.997736379680   0.975000000000
  57  10.196532742650   0.975000080084   0.975000000000
  58  38.706935019060   5.076366104177   0.975000000000
  59  26.199613917256   8.021923731806   0.975000000000
  60  12.146532902819   0.975000080084   0.975000000000
  61  17.210279387029   8.806999902010   1.193000000000
  62  46.477566328795   1.193000097990   1.193000000000
  63  55.883749902010   4.091899259408   1.193000000000
  64  48.863566524776   1.193000097990   1.193000000000
  65  17.699793254375   1.193000097990   1.193000000000
  66  18.893971497803   6.986596321162   1.193000000000
  67  25.489131576316   1.193000097990   1.193000000000
  68  47.865042305991   8.764194939313   1.193000000000
  69  16.475107847637   6.537083660628   1.193000000000
  70   1.193000097991   1.212953466948   1.193000000000
  71  45.123369450939   8.439999871865   1.560000000000
  72  44.893749302793   3.444784695414   1.560000000000
  73   7.729955965119   1.560000128135   1.560000000000
  74  10.964494494691   6.861938518613   1.560000000000
  75   1.560000128135   3.941381809955   1.560000000000
  76  34.078985998389   4.111471140932   1.560000000000
  77  32.293853515431   8.438402081688   1.560000000000
  78   9.809742029856   3.885702500334   1.560000000000
  79  50.607065970545   8.439999871865   1.560000000000
  80  46.872917696490   5.856691424231   1.560000000000
  81  18.147102314037   4.107878660433   1.756000000000
  82  53.939566851688   1.756000144234   1.756000000000
  83  28.983556613202   8.243999855766   1.756000000000
  84   4.126170291826   1.841232173063   1.756000000000
  85  36.573161098097   1.858227107481   1.756000000000
  86   7.909722767344   8.236343078906   1.756000000000
  87  31.014804560936   5.379008092945   1.756000000000
  88  31.632569963984   1.756000144234   1.756000000000
  89  14.028214870144   8.220334665373   1.756000000000
  90   6.605587949870   4.739666456285   1.756000000000
  91  26.795436161431   4.621575828862   2.476000000000
  92  36.258517764791   7.508372663671   2.476000000000
  93  22.783174562311   7.523999796626   2.476000000000
  94  50.638464110351   4.404121673411   2.476000000000
  95  40.975745310462   2.476000203374   2.476000000000
  96  54.586734438017   7.523999796626   2.476000000000
  97  13.844657079040   3.979293214677   2.476000000000
  98  22.108252375410   2.618208517938   2.476000000000
  99  41.210195976578   7.451884476027   2.476000000000
 100   3.418533699937   7.523999796627   2.476000000000
