   1  95.026779101640   9.186999914295   0.813000000000
   2  90.463858243317   9.186999914295   0.813000000000
   3  95.806209914295   7.759987592796   0.813000000000
   4  84.752096964196   0.813000085705   0.813000000000
   5  11.988208239931   4.397672365612   0.813000000000
   6  31.668426616579   5.470698934513   0.813000000000
   7  36.456700733525   0.813000085705   0.813000000000
   8  88.477000620274   4.830631151289   0.813000000000
   9  21.894738825336   5.145793514717   0.813000000000
  10  16.622249160401   9.182002597143   0.813000000000
  11   7.807989349100   0.829520523237   0.826000000000
  12   0.876040404551   9.139585002737   0.826000000000
  13  95.766319955636   2.798351447769   0.826000000000
  14  95.736065795842   0.927322673787   0.826000000000
  15  27.901298037835   4.620739852382   0.826000000000
  16  14.947709799014   9.084874167776   0.826000000000
  17  10.109684387138   0.894214519221   0.826000000000
  18  64.914633140824   4.762811440941   0.826000000000
  19  38.149363953267   0.851037402753   0.826000000000
  20  78.733423511682   9.173999912924   0.826000000000
  21   4.950009473002   8.941185467557   0.985000000000
  22  54.891602671427   9.014999896163   0.985000000000
  23  52.921602463752   9.014999896163   0.985000000000
  24  50.189682714166   1.005805889768   0.985000000000
  25   0.985000103837   4.677282171361   0.985000000000
  26  80.537430353730   9.014999896163   0.985000000000
  27  32.400359430858   0.985000103837   0.985000000000
  28  40.954411633848   9.014999896163   0.985000000000
  29  86.541851325934   0.985000103837   0.985000000000
  30  71.173838673603   8.993757482195   0.985000000000
  31  13.974166381915   4.539927070691   1.113000000000
  32   2.818577976121   8.809821769053   1.113000000000
  33  43.046386342945   8.856107654311   1.113000000000
  34  47.497933076114   8.886999882669   1.113000000000
  35  34.554208483049   1.113000117331   1.113000000000
  36  45.272352445528   8.843780656935   1.113000000000
  37  30.306267521565   1.113000117331   1.113000000000
  38  62.079203899486   1.113000117331   1.113000000000
  39  24.581230390390   1.114472479359   1.113000000000
  40   1.131605532663   7.197870545831   1.113000000000
  41  82.621164800098   1.623881832958   1.467000000000
  42  68.336960251175   1.467000154649   1.467000000000
  43  18.818819106821   8.532999845351   1.467000000000
  44  81.979821209756   4.486928499376   1.467000000000
  45  52.632258222466   1.467000154649   1.467000000000
  46  76.534263836515   8.524733533334   1.467000000000
  47  30.085836994193   3.829415539382   1.467000000000
  48  75.493489773101   1.467000154649   1.467000000000
  49  73.600275172078   8.532999845351   1.467000000000
  50  25.524578145905   8.532999845351   1.467000000000
  51  40.505681174639   1.649487468835   1.638000000000
  52  47.617251863699   1.651918575183   1.638000000000
  53  61.056240475562   8.361999827325   1.638000000000
  54  59.385806512647   1.673011824513   1.638000000000
  55   5.474500260257   1.638000172675   1.638000000000
  56  68.610898260215   8.361999827325   1.638000000000
  57  33.172427694458   3.491799068040   1.638000000000
  58  92.745318672478   8.291265256736   1.638000000000
  59  19.469007934195   5.496837543786   1.638000000000
  60  58.014865495751   4.648360373999   1.638000000000
  61  57.584111079675   8.159999806030   1.840000000000
  62  50.328802376540   3.839834424385   1.840000000000
  63  55.913777695305   1.876733305795   1.840000000000
  64  38.261903225601   8.159999806030   1.840000000000
  65  16.159719062668   6.566928061068   1.840000000000
  66  27.444156110891   1.840000193970   1.840000000000
  67  12.692994410600   1.840000193970   1.840000000000
  68  94.779209806030   5.313831166567   1.840000000000
  69  91.100235769925   5.226923762367   1.840000000000
  70  71.300368576738   6.156725248744   1.840000000000
  71  67.739127317719   4.834349422408   1.924000000000
  72   1.924000202825   1.924000202825   1.924000000000
  73   7.760672257146   8.075999797175   1.924000000000
  74  79.199319329363   6.427983036869   1.924000000000
  75  64.986632327469   1.990628102745   1.924000000000
  76  89.295133294469   1.924000202825   1.924000000000
  77  93.143133700119   1.924000202825   1.924000000000
  78  22.171679450545   8.025073335365   1.924000000000
  79  44.059887135134   1.936305183151   1.924000000000
  80  50.308592964883   7.736538264755   1.924000000000
  81  71.915225012138   2.182000230023   2.182000000000
  82  83.469508424414   7.817999769977   2.182000000000
  83  64.833569367889   7.792623400159   2.182000000000
  84  75.210050702699   5.114447236950   2.182000000000
  85  21.463512368798   2.182000230023   2.182000000000
  86  85.597235036563   4.007844985820   2.182000000000
  87  87.833062565919   7.755587676328   2.182000000000
  88  24.882721937647   4.940893998462   2.182000000000
  89  61.834776153615   4.622175596881   2.182000000000
  90  79.040167522410   2.325068188021   2.182000000000
  91  34.063426869056   7.604999747523   2.395000000000
  92   8.820773605418   3.889121477436   2.395000000000
  93  46.449733843674   5.539262592545   2.395000000000
  94  41.660658524478   5.633403043631   2.395000000000
  95  29.273426364101   7.604999747523   2.395000000000
  96  12.053913909572   7.604999747523   2.395000000000
  97   4.246180055623   5.565599530615   2.395000000000
  98  54.125674158970   5.715732462445   2.395000000000
  99  16.891470767145   2.395000252477   2.395000000000
 100  37.180641201391   3.938248294850   2.395000000000
