   1  12.728618789418   9.512804725174   0.414000000000
   2  41.637950041842   3.663805696824   0.414000000000
   3  23.054077857723   5.353616599133   0.414000000000
   4  54.047809715654   0.444959413105   0.414000000000
   5  45.222199144382   3.639440764014   0.414000000000
   6   7.719590008606   0.445037122453   0.414000000000
   7  50.153507421610   5.341209264399   0.414000000000
   8  57.277130524120   9.569910949787   0.414000000000
   9  53.954384603271   9.585643376348   0.414000000000
  10  15.723313797772   3.760007837834   0.414000000000
  11  22.853832649961   2.830536256161   0.643000000000
  12  53.938892642690   3.392963712113   0.643000000000
  13  37.008733615267   6.074428126149   0.643000000000
  14  57.275362184429   6.670111942872   0.643000000000
  15   9.421177610726   4.060830297721   0.643000000000
  16  53.970720626166   6.720543314013   0.643000000000
  17  27.365455558081   6.059984296191   0.643000000000
  18  33.874989010543   0.854780197456   0.643000000000
  19  24.061439601378   6.312397453424   0.643000000000
  20  57.339659738462   3.303466347408   0.643000000000
  21  43.132310611007   3.682914817988   0.873000000000
  22   5.374750290345   4.157706014972   0.873000000000
  23  25.878833653885   6.356989363096   0.873000000000
  24  49.926124452390   0.909473456504   0.873000000000
  25   6.433416683183   9.126999867848   0.873000000000
  26  22.291983830821   9.126999867849   0.873000000000
  27  50.424584008995   6.687677721075   0.873000000000
  28   3.631860212290   0.873901001322   0.873000000000
  29   0.873000132151   6.108485991523   0.873000000000
  30  19.754116032558   3.442650519858   0.873000000000
  31  31.891886516010   1.240000187706   1.240000000000
  32   3.489054278198   2.982537825216   1.240000000000
  33  17.648225537316   3.615842822724   1.240000000000
  34  46.874845742105   3.572537466046   1.240000000000
  35  11.303807721289   4.023494788237   1.240000000000
  36   1.240000187706   4.027601249174   1.240000000000
  37  18.413702309916   1.240000187707   1.240000000000
  38   7.538261160331   4.078598648783   1.240000000000
  39  29.792575230729   5.995001280564   1.240000000000
  40  39.785666841481   3.743946942650   1.240000000000
  41   8.526015384737   8.745999810174   1.254000000000
  42  20.194197801482   8.723644455204   1.254000000000
  43  38.905904235974   6.077758453795   1.254000000000
  44  21.688405108281   4.327329072345   1.254000000000
  45  13.802136154137   3.931667978705   1.254000000000
  46  47.793770538761   1.254000189825   1.254000000000
  47  23.908889103916   1.254000189826   1.254000000000
  48   4.369139368633   8.614272319996   1.254000000000
  49  35.861996968635   1.277702971785   1.254000000000
  50  35.114636826406   5.969511759881   1.254000000000
  51  38.575118165904   1.393649730290   1.359000000000
  52  32.464598637344   6.048962721855   1.359000000000
  53  29.295611869378   1.359000205720   1.359000000000
  54  26.519779002741   1.359000205720   1.359000000000
  55  11.136905283562   8.640999794280   1.359000000000
  56  22.147515725283   6.899679847119   1.359000000000
  57   1.398914802245   1.397739927773   1.359000000000
  58  49.311881168582   8.637500930049   1.359000000000
  59  30.821425659299   3.608315327058   1.359000000000
  60  12.536952334098   6.311322886879   1.359000000000
  61  40.259349517927   8.488999771271   1.511000000000
  62  33.975598866074   8.488999771271   1.511000000000
  63  12.424242627775   1.511000228729   1.511000000000
  64  30.953598408615   8.488999771271   1.511000000000
  65  17.428344639439   8.488999771271   1.511000000000
  66  14.406344181980   8.488999771271   1.511000000000
  67   9.618105841834   6.205809709389   1.511000000000
  68  46.398599912793   8.488999771271   1.511000000000
  69  48.136873461095   6.016977959847   1.511000000000
  70  21.151322128116   1.511000228729   1.511000000000
  71   6.551421829301   6.697864100512   1.559000000000
  72  41.535069957107   1.559000235996   1.559000000000
  73  41.710764920684   5.775793579906   1.559000000000
  74  36.989620575594   3.872510743570   1.559000000000
  75  27.907695436059   3.925790916312   1.559000000000
  76  15.905682425684   5.808249322711   1.559000000000
  77  24.625228277551   8.440999764005   1.559000000000
  78  43.328974715360   8.440999764005   1.559000000000
  79   1.561480554423   8.440999764005   1.559000000000
  80  49.665307732162   3.354076362108   1.559000000000
  81   6.027030815082   1.634000247349   1.634000000000
  82  52.350163316174   5.082313203410   1.634000000000
  83  19.304287466558   5.964744137640   1.634000000000
  84  15.566836936615   1.634000247349   1.634000000000
  85   9.291422925663   1.787529989492   1.634000000000
  86  52.355398854424   1.634000247349   1.634000000000
  87  27.814760421958   8.292215401830   1.634000000000
  88  37.117474192000   8.348830477682   1.634000000000
  89  44.901744694127   5.662214655270   1.634000000000
  90  24.721434941513   4.133146040510   1.634000000000
  91  58.908339751440   1.642000248560   1.642000000000
  92  58.908339751440   4.964932446256   1.642000000000
  93  33.827474640957   3.375281228975   1.642000000000
  94  55.627679334438   1.790076220251   1.642000000000
  95  55.603649165500   8.357999751440   1.642000000000
  96  58.899725005419   8.291481464083   1.642000000000
  97  44.734994190591   1.642000248560   1.642000000000
  98  55.626153457132   5.074076362879   1.642000000000
  99  52.304810386284   8.357999751440   1.642000000000
 100   3.460832593030   5.864400079233   1.642000000000
