   1   4.462104004605   2.369930591478   0.660000000000
   2   0.660000084688   2.978645101248   0.660000000000
   3  45.850579915312   8.020136473549   0.660000000000
   4   9.772537674774   5.868278648735   0.660000000000
   5  45.831581435090   9.339999915312   0.660000000000
   6  11.241293849321   5.984605846151   0.665000000000
   7  41.483599222267   5.393509553107   0.665000000000
   8  10.706516742601   2.579209593065   0.665000000000
   9  28.813899053155   9.334999914670   0.665000000000
  10   0.665000085329   4.303635837269   0.665000000000
  11   7.743524157521   0.691000088666   0.691000000000
  12  35.534388730610   3.263476192078   0.691000000000
  13  39.652735185852   2.354460048947   0.691000000000
  14  21.429981367248   9.308999911334   0.691000000000
  15  27.458148164643   9.308999911334   0.691000000000
  16  11.967104314464   3.114075955946   0.699000000000
  17  10.210840289980   9.300999910308   0.699000000000
  18  27.919329609239   5.645413805251   0.699000000000
  19  12.193638994250   6.963816043227   0.699000000000
  20   9.391280892369   3.031657860205   0.699000000000
  21  13.720760480967   0.731000093798   0.731000000000
  22  27.133481448622   0.756309338607   0.731000000000
  23   8.710719921907   6.766846707508   0.731000000000
  24  14.162923735829   9.236640802483   0.731000000000
  25  26.646613206299   6.297405739610   0.731000000000
  26  25.375527317682   3.463355609580   0.840000000000
  27  23.140134865164   0.840000107785   0.840000000000
  28  39.428296579221   0.840000107785   0.840000000000
  29  38.500090084195   6.907135964831   0.840000000000
  30  23.251576583233   7.285852212458   0.840000000000
  31  39.228103875504   5.284562722391   0.879000000000
  32  20.290606461065   6.362191944099   0.879000000000
  33  21.558014535582   7.580486475723   0.879000000000
  34  45.626541466422   3.907628699888   0.879000000000
  35  15.126062784312   3.647765009014   0.879000000000
  36  31.520999656427   0.895000114842   0.895000000000
  37  23.002807052073   9.104999885158   0.895000000000
  38  38.637230083013   3.572715371789   0.895000000000
  39   6.211075356005   9.104999885158   0.895000000000
  40  26.722601871141   4.572716316613   0.895000000000
  41  34.585830773426   6.684879113349   1.022000000000
  42   3.456018421701   1.022000131138   1.022000000000
  43  13.590866596012   2.524362380329   1.022000000000
  44  27.022973670037   2.595619816922   1.022000000000
  45   7.765450520640   2.449346359279   1.022000000000
  46  10.375078013858   7.515537562599   1.094000000000
  47  13.941462814423   7.375917732448   1.094000000000
  48  40.603839653754   3.870320498641   1.094000000000
  49   4.079676883354   5.717548755359   1.094000000000
  50  10.626868958213   4.336405661943   1.094000000000
  51  22.162137530678   5.654114629802   1.122000000000
  52  42.702569899591   6.700215452436   1.122000000000
  53  40.462097629675   6.859764754581   1.122000000000
  54  28.658946269433   3.981379837160   1.122000000000
  55   1.122000143970   8.877999856030   1.122000000000
  56  41.635983451271   8.832999850256   1.167000000000
  57  39.301983151783   8.832999850256   1.167000000000
  58  12.212580512503   8.832999850256   1.167000000000
  59   9.539516592858   1.167000149744   1.167000000000
  60  11.873516892345   1.167000149744   1.167000000000
  61  34.049018234363   4.441818846580   1.205000000000
  62  28.133444947209   7.537336518363   1.205000000000
  63   1.236549732088   1.205000154620   1.205000000000
  64  29.929789288124   5.930710084060   1.205000000000
  65   5.918525293210   1.205000154620   1.205000000000
  66  21.093205194838   1.247000160009   1.247000000000
  67  17.252484254109   3.730748586299   1.247000000000
  68  32.364262375126   6.223364029197   1.247000000000
  69  15.713511057064   5.693297718175   1.247000000000
  70   8.302134120006   4.653962660452   1.247000000000
  71  44.047446827880   8.655320690748   1.251000000000
  72  18.173728996345   6.126117880158   1.251000000000
  73  25.190344873605   1.251000160522   1.251000000000
  74   8.340600493152   8.748999839478   1.251000000000
  75  33.582160239888   8.737436969910   1.251000000000
  76  45.132579823182   6.112803011986   1.378000000000
  77  18.473072665840   1.406788453789   1.378000000000
  78   5.780707418445   3.923870777878   1.378000000000
  79  24.668616359119   5.565688161572   1.378000000000
  80  15.717075767518   1.411152590040   1.378000000000
  81  13.105510576211   4.960483706847   1.462000000000
  82  29.233214407940   1.462000187597   1.462000000000
  83  43.153423714945   4.076005729704   1.462000000000
  84   2.702117131847   3.555397319519   1.462000000000
  85  19.420701049207   8.535564204166   1.462000000000
  86   6.476196207189   6.720694239644   1.504000000000
  87   1.544682685989   6.286240369048   1.504000000000
  88  41.676282632751   1.504000192986   1.504000000000
  89  23.048449185838   3.182206577382   1.504000000000
  90  30.814059303407   8.495999807014   1.504000000000
  91  31.413243306991   3.570688253687   1.571000000000
  92  25.374342724024   8.428999798417   1.571000000000
  93  44.874787357753   1.572926330254   1.571000000000
  94  16.389573307228   8.428999798417   1.571000000000
  95  20.063939554454   3.922699444855   1.571000000000
  96  36.569072264703   8.399999794696   1.600000000000
  97  37.109676002316   1.600000205304   1.600000000000
  98  36.750376176921   5.205139622589   1.600000000000
  99  33.909712979460   1.615468891332   1.600000000000
 100   3.817751000641   8.399999794696   1.600000000000
