   1  74.601640171903   6.414786275681   0.745000000000
   2  70.753658619486   5.135904732689   0.745000000000
   3  21.063929049081   0.745000060504   0.745000000000
   4  53.703365236330   5.072775001688   0.745000000000
   5  79.113009939496   4.977425955161   0.745000000000
   6  58.594286111559   5.623539463222   0.754000000000
   7  28.873701372717   0.754000061235   0.754000000000
   8  73.709314655125   5.210312723841   0.754000000000
   9   4.945881531684   4.191385905564   0.754000000000
  10  72.243128158351   4.857663427729   0.754000000000
  11  25.386492123585   9.230999937547   0.769000000000
  12  61.987337186094   9.230999937547   0.769000000000
  13  48.007645565956   5.213569279337   0.769000000000
  14   8.274946665991   5.010103285361   0.769000000000
  15  63.849959921643   4.512672970166   0.769000000000
  16  27.296211200939   9.228999937384   0.771000000000
  17  16.064094881415   4.347660769844   0.771000000000
  18  37.403103672449   0.785454983365   0.771000000000
  19  35.857844297869   0.790566420356   0.771000000000
  20  68.187517350832   3.314370147022   0.771000000000
  21  74.686854264089   9.174855779635   0.805000000000
  22   3.684306229916   5.117559901215   0.805000000000
  23  42.236664663893   0.853859657215   0.805000000000
  24  60.347915495988   9.138412570535   0.805000000000
  25  37.355251352428   6.401642371329   0.805000000000
  26   7.243645304748   9.067732867296   0.852000000000
  27  44.024441980554   0.886852273113   0.852000000000
  28  21.166834823485   2.360149933415   0.852000000000
  29   5.082490277304   9.086980871058   0.852000000000
  30  75.461171120014   4.998090570313   0.852000000000
  31  65.301386920150   1.100000089335   1.100000000000
  32  68.893857714881   8.899999910665   1.100000000000
  33  59.234498348731   1.100000089335   1.100000000000
  34  51.889546304010   5.410541834965   1.100000000000
  35  13.344938593773   1.100000089335   1.100000000000
  36  74.069566354264   3.381456448018   1.110000000000
  37  27.378973952445   5.336729579448   1.110000000000
  38   3.353295279262   3.222796419276   1.110000000000
  39  42.715346718584   6.428404795413   1.110000000000
  40   4.037848948402   1.110624113735   1.110000000000
  41  74.118988755565   1.136000092259   1.136000000000
  42  46.375283658444   8.863999907741   1.136000000000
  43  49.866990484767   1.185006686627   1.136000000000
  44   9.957555255364   4.116876592734   1.136000000000
  45  25.133062691121   5.356715214919   1.136000000000
  46  22.992410473433   1.248000101355   1.248000000000
  47  19.145441443605   1.284865740839   1.248000000000
  48  16.695887174124   8.751999898645   1.248000000000
  49  26.337376423506   7.452205764809   1.248000000000
  50  67.644718073001   1.248000101355   1.248000000000
  51  63.970044587231   8.721999896209   1.278000000000
  52  43.970625568168   8.651829185437   1.278000000000
  53  66.527832521913   8.624619836396   1.278000000000
  54   1.278000103791   4.404191721838   1.278000000000
  55  15.821072480511   6.382321378627   1.278000000000
  56  29.417389498326   3.936518146959   1.363000000000
  57  19.304353601965   8.636999889306   1.363000000000
  58  33.798820110070   1.363000110694   1.363000000000
  59  59.149351161016   3.580602234911   1.363000000000
  60  65.071457457012   6.321630794759   1.363000000000
  61  10.812514349654   1.541772244239   1.467000000000
  62  49.815583411667   3.897872673682   1.467000000000
  63  41.228198573649   8.532999880860   1.467000000000
  64   1.467000119140   1.467000119140   1.467000000000
  65  30.971396582574   1.483737416570   1.467000000000
  66  13.973182415232   8.514999879398   1.485000000000
  67  22.903034336997   3.979538517605   1.485000000000
  68  65.932264013878   3.606834782327   1.485000000000
  69  38.271376834396   8.505896038426   1.485000000000
  70  56.678329132638   1.485000120602   1.485000000000
  71  56.213904809079   4.728757419819   1.789000000000
  72  16.150576004161   1.789000145291   1.789000000000
  73  39.761443823460   1.789000145291   1.789000000000
  74  32.544137280017   4.334706448423   1.789000000000
  75  45.589099450345   6.046635752967   1.789000000000
  76  57.831061627413   8.131999848293   1.868000000000
  77   6.123051404751   6.534280740297   1.868000000000
  78  39.893505173870   5.476724314890   1.868000000000
  79  43.024968834774   3.439168522390   1.868000000000
  80  68.285898551004   5.994933459465   1.868000000000
  81  36.368268773463   3.672753453606   2.092000000000
  82  53.877401735746   7.907999830101   2.092000000000
  83  13.181027700125   4.287789115274   2.092000000000
  84  46.748776023280   2.092000169899   2.092000000000
  85  62.267942634440   2.093519802500   2.092000000000
  86  53.064181636805   2.199000178589   2.199000000000
  87  70.957935509728   2.199000178589   2.199000000000
  88  72.004420617569   7.800999821411   2.199000000000
  89  61.466620782908   6.309034869604   2.199000000000
  90  26.303179700198   2.207488536426   2.199000000000
  91   2.224000180619   7.775999819381   2.224000000000
  92  49.554254819286   7.775999819381   2.224000000000
  93   7.181475155259   2.224000180619   2.224000000000
  94  22.781697517791   7.756857638900   2.224000000000
  95  34.628790755671   7.767899606025   2.224000000000
  96  10.219559859812   7.627999807361   2.372000000000
  97  77.472842621164   7.627999807361   2.372000000000
  98  30.000882934846   7.627999807361   2.372000000000
  99  19.158669887276   4.904841864627   2.372000000000
 100  77.402031513542   2.372000192639   2.372000000000
