   1  21.536089161363   0.342000048455   0.342000000000
   2  27.261916218468   9.657999951545   0.342000000000
   3  30.927132209530   0.360000051005   0.360000000000
   4  29.960285885401   9.635866038554   0.360000000000
   5  21.514573426796   9.613634765777   0.377000000000
   6  11.249372162315   0.378853884958   0.377000000000
   7  33.768052255638   0.418000059223   0.418000000000
   8  24.630896745174   9.581999940777   0.418000000000
   9   2.099478471595   8.363798084656   0.433000000000
  10  18.423262086968   6.264982241832   0.433000000000
  11  31.298193187729   6.280409494539   0.465000000000
  12  10.304311775520   7.730289528823   0.465000000000
  13   6.398945642964   6.563477631709   0.488000000000
  14  17.566655519505   4.138354531467   0.488000000000
  15  12.532590808829   3.616657461514   0.490000000000
  16   0.490365689363   9.507519585455   0.490000000000
  17  19.734234150527   3.075709572199   0.515000000000
  18  23.243642887683   3.195624508710   0.515000000000
  19  24.812450627073   7.213842356153   0.527000000000
  20  30.645984945200   2.709592319040   0.527000000000
  21  15.344561364601   9.360999909465   0.639000000000
  22   8.302140964412   4.362203944699   0.639000000000
  23   0.649000091952   6.559348711288   0.649000000000
  24  27.776568383514   0.649000091952   0.649000000000
  25   1.625004316965   9.343999907056   0.656000000000
  26  19.377758220218   6.789251702756   0.656000000000
  27  32.555749980699   6.334202678105   0.658000000000
  28   6.497733530832   7.708625044107   0.658000000000
  29  18.307619718068   9.320999903798   0.679000000000
  30   0.680186786915   0.679366833298   0.679000000000
  31  24.757461255453   0.683000096769   0.683000000000
  32  35.985655903231   5.499789387293   0.683000000000
  33  14.482666830662   0.705030584101   0.687000000000
  34  25.868381869957   6.612645639921   0.687000000000
  35  14.672469437214   2.163091860370   0.723000000000
  36  33.598997983770   7.262408038021   0.723000000000
  37  18.227478305907   0.744000105412   0.744000000000
  38   3.835472879686   0.744000105411   0.744000000000
  39   7.972216124886   0.782000110795   0.782000000000
  40  35.886655889205   9.217999889204   0.782000000000
  41  16.803586586177   9.165987046313   0.833000000000
  42  27.343529789889   6.987461241892   0.833000000000
  43   0.853000120855   8.047430909111   0.853000000000
  44  26.284024932589   0.853000120855   0.853000000000
  45   3.624910270212   5.169411231301   0.873000000000
  46   2.223626504812   0.873000123689   0.873000000000
  47  33.804012374546   3.356701347976   0.899000000000
  48  13.922374937443   3.612268962598   0.899000000000
  49  13.792907230895   9.057798396207   0.942000000000
  50   5.634746876668   9.057999866535   0.942000000000
  51   9.468800423863   9.039705578251   0.958000000000
  52  12.729368034824   5.091408943213   0.958000000000
  53   7.542596197609   9.033999863135   0.966000000000
  54  35.632394696239   3.889072686517   0.966000000000
  55   1.028000145649   2.350930985840   1.028000000000
  56  34.093450683105   8.971999854351   1.028000000000
  57  17.904310936457   7.646795045771   1.043000000000
  58  27.489466452359   2.316464422113   1.043000000000
  59  11.237742282720   6.490365268729   1.087000000000
  60  14.746801308752   5.426056773451   1.087000000000
  61   8.063381301673   2.650778027644   1.089000000000
  62  13.332419800094   7.079689831203   1.089000000000
  63  29.229718308558   3.612776425966   1.127000000000
  64   3.574034086559   8.872999840324   1.127000000000
  65  18.136641184396   2.619802231636   1.134000000000
  66   2.541499749966   6.860432897729   1.134000000000
  67  16.966979131021   5.657261370197   1.145000000000
  68   4.817783947743   6.971665638893   1.145000000000
  69  34.124149857563   5.398759672960   1.168000000000
  70  35.500655834515   7.286119956983   1.168000000000
  71  16.005772288394   3.534766860417   1.185000000000
  72  16.314799928482   1.185000167894   1.185000000000
  73   9.903978288671   1.193000169027   1.193000000000
  74  15.587921630811   7.545235406049   1.193000000000
  75  11.640933969997   8.770999825872   1.229000000000
  76  21.184503669821   6.251760412410   1.229000000000
  77  29.582275149280   1.256000177953   1.256000000000
  78  19.195088388928   4.762648734264   1.256000000000
  79  26.022830087604   8.625316409723   1.271000000000
  80  25.142095943243   2.643914820570   1.271000000000
  81  28.589313860203   8.711999817513   1.288000000000
  82  21.458782066289   3.601774594231   1.288000000000
  83  20.157498050666   8.592923483028   1.309000000000
  84  20.200268703702   1.312250262208   1.309000000000
  85   1.343905239537   4.696755906685   1.339000000000
  86  22.859051514161   1.379078837072   1.339000000000
  87   5.877690691381   1.435146780707   1.412000000000
  88  29.424187500251   6.144318359294   1.412000000000
  89   3.426177838888   2.876069500423   1.427000000000
  90  35.241655797819   1.528188586029   1.427000000000
  91  26.911676821953   4.743640951941   1.452000000000
  92  31.699796775130   4.405324180930   1.452000000000
  93  32.286077015288   1.560099607839   1.453000000000
  94  12.550380394958   1.668820274372   1.453000000000
  95  10.478638951326   3.909891095809   1.584000000000
  96  23.041483881713   8.364719412226   1.584000000000
  97  31.502932221175   8.367999768774   1.632000000000
  98   6.033950211795   4.475133883956   1.632000000000
  99   8.520061614737   6.624733735481   1.634000000000
 100  23.868296131884   5.254750210231   1.634000000000
