   1  12.491830051313   1.260000013939   1.260000000000
   2  27.774241095971   5.680210339800   1.263000000000
   3  18.316572930281   8.675999985353   1.324000000000
   4  31.972651985054   8.648999985054   1.351000000000
   5  24.573020207336   1.382000015289   1.382000000000
   6   8.677109341089   4.735279821103   1.407000000000
   7   1.477396142653   8.522994738926   1.477000000000
   8  31.775651982875   1.548000017125   1.548000000000
   9   1.572564318233   1.572081533036   1.572000000000
  10  18.483765939601   5.719724001683   1.637000000000
  11  28.982983102399   8.336084386191   1.655000000000
  12   9.581118765828   1.681000018597   1.681000000000
  13  25.630156309663   8.301999981215   1.698000000000
  14  11.969510057542   4.356252917411   1.880000000000
  15   1.958000021661   5.093089175135   1.958000000000
  16  24.665994890167   4.751586757852   1.981000000000
  17  10.212626537520   7.912999976912   2.087000000000
  18  31.193224533359   5.253171099805   2.130000000000
  19  28.072237301333   2.215000024504   2.215000000000
  20  21.746210849983   7.778999975429   2.221000000000
  21  14.753637022792   7.602999973482   2.397000000000
  22  20.903779238319   2.437364897127   2.436000000000
  23  16.010818581273   2.457000027182   2.457000000000
  24   5.511571817280   2.463000027248   2.463000000000
  25   5.666238030437   7.523999972608   2.476000000000
