   1   7.873600836762   8.710999996072   1.289000000000
   2  93.266376075893   1.289000010000   1.289000000000
   3  10.451600844619   8.710999996072   1.289000000000
   4  86.725039878966   1.289000003928   1.289000000000
   5  81.024966545733   4.101446693377   1.289000000000
   6  76.527031083753   8.710999996072   1.289000000000
   7  70.259805772661   1.289000003928   1.289000000000
   8  39.104116433051   3.715045393795   1.289000000000
   9  61.853166999657   1.289000003928   1.289000000000
  10  47.260651597997   8.710999996072   1.289000000000
  11   4.376395820283   4.392095738034   1.323000000000
  12  93.132363499992   8.676999995968   1.323000000000
  13  14.115306531902   5.715513827736   1.323000000000
  14  77.285064593419   1.323000004032   1.323000000000
  15  31.157803457059   3.754197632215   1.323000000000
  16  33.799329550432   3.600392753530   1.323000000000
  17  34.938778868371   8.676999995968   1.323000000000
  18  66.290138374280   3.960980944043   1.323000000000
  19  41.764930682770   8.676999995968   1.323000000000
  20  59.241388287443   1.323000004032   1.323000000000
  21   1.329000004050   8.670999995950   1.329000000000
  22   8.622035445645   1.329000004050   1.329000000000
  23  19.087512892246   5.599080120690   1.329000000000
  24  83.595962383408   8.670999995950   1.329000000000
  25  19.944228441820   8.670999995950   1.329000000000
  26  25.977053689141   1.337640357845   1.329000000000
  27  72.797673379593   5.928562582829   1.329000000000
  28  35.168814893720   1.329000136281   1.329000000000
  29  34.885469164371   6.019773827669   1.329000000000
  30  43.466358554268   1.329000004050   1.329000000000
  31 103.819480995873   1.354000004126   1.354000000000
  32  97.859833473482   5.022565505784   1.354000000000
  33  11.499497476591   6.284611385135   1.354000000000
  34  32.343290863065   1.354000004127   1.354000000000
  35  36.464600596935   3.850711135498   1.354000000000
  36  37.851694061882   1.354475100170   1.354000000000
  37  62.950209419230   8.645999977376   1.354000000000
  38  56.259093783148   8.645999995874   1.354000000000
  39  56.808424379838   5.994302437659   1.354000000000
  40  53.551093774895   8.645999995873   1.354000000000
  41  99.781047958167   8.538999995547   1.461000000000
  42  90.351785853688   8.538999995547   1.461000000000
  43  13.196216673094   8.538999995547   1.461000000000
  44  78.280772045752   3.922850522160   1.461000000000
  45  28.614582071714   4.886752722428   1.461000000000
  46  73.782415255278   8.538999995547   1.461000000000
  47  67.515189944185   1.461000004453   1.461000000000
  48  64.593721455664   1.516730809398   1.461000000000
  49  40.679482875781   1.461000004453   1.461000000000
  50  49.121772901611   1.461000004453   1.461000000000
  51 100.623543295657   5.672049199146   1.485000000000
  52  89.489303933800   5.559702170580   1.485000000000
  53  15.759367849629   1.485000004526   1.485000000000
  54  16.567338189588   4.347155395977   1.485000000000
  55  21.710968929668   4.581202687998   1.485000000000
  56  80.089825808744   1.485000693470   1.485000000000
  57  44.533079565655   8.205602276159   1.485000000000
  58  46.214230568006   1.935461416161   1.485000000000
  59  58.935765780097   4.114318497337   1.485000000000
  60  50.253501318704   4.180946114736   1.485000000000
  61 103.499480994898   4.365043686185   1.674000000000
  62   1.674000005102   5.687883495670   1.674000000000
  63   5.638918945365   1.674000005102   1.674000000000
  64  86.571353760762   4.248011600828   1.674000000000
  65  83.539648450127   5.668528048389   1.674000000000
  66  22.946870876180   1.674000005102   1.674000000000
  67  75.799330046873   5.838749962659   1.674000000000
  68  28.961155453282   1.674011850945   1.674000000000
  69  70.632378198682   8.317140322520   1.674000000000
  70  52.249528656082   1.674000005102   1.674000000000
  71 103.187480993947   8.011721089117   1.986000000000
  72   1.988488099713   1.990130455817   1.986000000000
  73  96.468837415314   1.986000006053   1.986000000000
  74  96.374262953100   8.013999993947   1.986000000000
  75  83.525068619342   1.986000006053   1.986000000000
  76  23.192710189296   8.010249359703   1.986000000000
  77  25.181957454483   4.572273296070   1.986000000000
  78  27.164708430598   8.013999993947   1.986000000000
  79  50.361132059898   7.656179646085   1.986000000000
  80  53.545311184348   5.281777110797   1.986000000000
  81 100.510292997405   2.142673369539   2.046000000000
  82   4.626328059958   7.951102252410   2.046000000000
  83  89.972989395861   2.046000006236   2.046000000000
  84  86.893921762535   7.953999993764   2.046000000000
  85  16.650656577420   7.934108251210   2.046000000000
  86  19.245517598862   2.046000006236   2.046000000000
  87  69.704894346872   4.577510058242   2.046000000000
  88  59.587927823400   7.953999993765   2.046000000000
  89  46.936599138061   5.391780950723   2.046000000000
  90  55.950881933399   2.046000006236   2.046000000000
  91   8.009469104895   5.008540051343   2.362000000000
  92  93.288459730654   4.950844335550   2.362000000000
  93  12.081929896229   2.614539374844   2.362000000000
  94  80.016797848772   7.637999992801   2.362000000000
  95  73.749572537680   2.362000007199   2.362000000000
  96  31.472727257295   7.425716130441   2.362000000000
  97  66.532534739435   7.637999992801   2.362000000000
  98  38.351854775570   7.287705954209   2.362000000000
  99  62.712741152716   4.844979927028   2.362000000000
 100  42.555466658963   4.905836181192   2.362000000000
