   1  49.806181529129   2.673275168474   0.641000000000
   2  39.654668498685   9.354999325345   0.645000000000
   3   0.673791933939   5.628958359081   0.654000000000
   4   9.613104498574   0.691598930527   0.691000000000
   5  21.890446216247   0.711004196460   0.711000000000
   6   4.837207876256   9.284999252126   0.715000000000
   7  40.435708411993   0.740344653374   0.728000000000
   8  31.785639087213   0.758440284590   0.731000000000
   9   7.380184806212   2.370184695148   0.773000000000
  10  36.057829419089   6.746416590550   0.776000000000
  11  22.163224914076   2.176179671703   0.778000000000
  12  34.340336039268   6.199504879640   0.789000000000
  13  46.471742156624   9.183966301764   0.808000000000
  14  32.377290879059   9.182719743014   0.815000000000
  15  31.888047998457   2.402945665115   0.832000000000
  16   0.836000874437   9.163999125563   0.836000000000
  17  39.290781289114   4.875048966248   0.840000000000
  18   4.792727585291   7.672237484825   0.843000000000
  19  17.354331195734   0.847000885943   0.847000000000
  20   8.061075416988   0.873308428288   0.871000000000
  21  21.622436188935   9.122999082678   0.877000000000
  22  19.779940624075   5.970322120604   0.886000000000
  23  35.385791987923   2.994936837964   0.895000000000
  24  26.295645089121   9.101999060712   0.898000000000
  25  10.729293821587   7.136283041745   0.905000000000
  26  13.608949913988   9.089999048161   0.910000000000
  27  17.999090832934   6.264610817362   0.919000000000
  28  52.601129016781   5.940770614103   0.940000000000
  29  17.318984271667   2.634653336176   0.941000000000
  30  48.088137697004   5.950055811229   0.947000000000
  31   3.023041543903   3.090034710981   0.955000000000
  32  52.583128997954   0.958001002046   0.958000000000
  33  39.500110815589   6.715937524589   0.975000000000
  34  25.596213465627   4.231223378375   0.983000000000
  35   6.161105006089   1.035001082587   1.035000000000
  36   1.043001090954   7.296434054057   1.043000000000
  37   9.200997827015   2.435994177069   1.049000000000
  38  37.651102615633   5.832995933333   1.059000000000
  39  23.627690005615   1.061227179420   1.061000000000
  40  35.710733369516   4.933322972664   1.070000000000
  41  48.809936859737   4.065556278779   1.071000000000
  42  11.621638095986   8.914998865114   1.085000000000
  43  30.486436258370   8.905998855700   1.094000000000
  44  50.533767930218   1.096001146391   1.096000000000
  45  38.632638349241   1.102853399006   1.100000000000
  46  23.752673523084   3.229403297101   1.109000000000
  47   1.117001168357   3.902563521510   1.117000000000
  48   9.412980086040   8.875998824321   1.124000000000
  49  13.287730664620   3.850828286891   1.133000000000
  50  28.274390102314   8.639829383534   1.134000000000
  51  18.653811307516   4.259724115026   1.162000000000
  52  42.293646240912   1.169001222748   1.169000000000
  53  36.356165013306   1.171001224840   1.171000000000
  54   3.955541546037   1.175001229024   1.175000000000
  55   7.890896319314   4.283188080323   1.207000000000
  56  44.487024343465   8.790998735413   1.209000000000
  57  21.645610082277   6.943000244875   1.218000000000
  58  46.248199533916   7.108033981649   1.227000000000
  59   8.630380727812   6.630462346268   1.254000000000
  60  29.276932356246   6.466958009393   1.259000000000
  61   6.115106459763   6.017231696222   1.275000000000
  62  41.344827402947   5.411736017486   1.283000000000
  63  23.782140106731   5.631397560122   1.289000000000
  64  30.651245057176   4.318987291946   1.291000000000
  65   2.915174195967   8.696870878771   1.295000000000
  66  50.348139419442   5.948353032545   1.313000000000
  67  43.163829878857   3.555383377662   1.316000000000
  68  43.830728924223   6.247631810486   1.339000000000
  69  28.007294579937   4.155458843096   1.358000000000
  70  33.822736851419   1.364001426714   1.364000000000
  71  37.633853123571   3.387054198331   1.387000000000
  72   1.395001459139   1.395337972556   1.395000000000
  73   6.841066254517   8.595998531448   1.404000000000
  74  40.384872550536   2.898848869416   1.407000000000
  75  44.868637866308   1.418001483196   1.418000000000
  76  33.356419506074   4.113036815854   1.422000000000
  77   5.399208297817   3.389815559454   1.440000000000
  78  21.395701901673   4.274948719811   1.456000000000
  79  34.594743352991   8.495998426850   1.504000000000
  80  23.945217988145   8.461998391286   1.538000000000
  81  32.065534982427   6.787833181850   1.548000000000
  82  37.652337759941   8.445998374551   1.554000000000
  83  26.455939761989   6.635164697996   1.567000000000
  84  19.267407611126   8.418998346310   1.581000000000
  85  47.866047880816   1.584001656828   1.584000000000
  86  48.742977786972   8.411998338987   1.588000000000
  87  10.672751370099   4.634919404280   1.597000000000
  88  51.934941025188   8.395998322252   1.604000000000
  89  11.721549790962   1.605001678794   1.605000000000
  90  13.198127059179   6.606749798666   1.607000000000
  91  29.565797922239   1.619001693438   1.619000000000
  92  51.921128305516   3.472732376448   1.620000000000
  93  14.954674554924   1.628157570932   1.627000000000
  94  41.682786920295   8.311108740899   1.636000000000
  95  46.041230370744   4.245503458365   1.643000000000
  96  15.899323018472   4.794931305582   1.644000000000
  97   3.210796263701   5.705396588952   1.646000000000
  98  19.721558206987   1.654001730047   1.654000000000
  99  16.031760966808   8.232735716683   1.660000000000
 100  26.283192746505   1.673305451800   1.664000000000
