   1  25.010404970862   4.819473433741   1.568000000000
   2  22.364219673914   6.502387495635   1.568000000000
   3  22.248620807927   3.326349284116   1.568000000000
   4   4.805631198910   4.819374711754   1.568000000000
   5   8.024285888165   8.431999970862   1.568000000000
   6  19.604628128410   5.012706030527   1.568000000000
   7   7.904848959161   5.298275160752   1.568000000000
   8  13.378952524997   8.431999970862   1.568000000000
   9  10.701619206581   6.799093767921   1.568000000000
  10  16.474878491760   4.814808134126   1.568000000000
  11  10.580835009573   3.663162007634   1.568000000000
  12  13.354419235050   5.126626018019   1.568000000000
  13  24.952404969785   8.373999969784   1.626000000000
  14   1.626000030216   8.373999969784   1.626000000000
  15   1.626000030216   5.121999909353   1.626000000000
  16  24.952404969784   1.626000030216   1.626000000000
  17   1.626000030216   1.869999848921   1.626000000000
  18   4.857895023731   8.012947142711   1.626000000000
  19   4.868833433509   1.626000030216   1.626000000000
  20  19.776034378043   8.373999969784   1.626000000000
  21  19.544836646069   1.626000030216   1.626000000000
  22   8.120833493941   1.626000030216   1.626000000000
  23  16.544690778064   8.008045147540   1.626000000000
  24  16.292836585638   1.626000030216   1.626000000000
  25  13.040836525206   1.626000030216   1.626000000000
