   1   1.063285878478   9.641999878478   0.358000000000
   2   1.063285878478   0.358000121522   0.358000000000
   3   0.358000121522   8.516399462417   0.358000000000
   4   0.358000121522   1.483600537583   0.358000000000
   5   1.063285878478   8.101648715686   0.358000000000
   6   1.063285878478   1.898351284314   0.358000000000
   7   0.358000121522   6.976048299623   0.358000000000
   8   0.358000121522   3.023951700377   0.358000000000
   9   1.063285878478   6.561297552892   0.358000000000
  10   1.063285878478   3.438702447108   0.358000000000
  11   0.358000121522   5.435697136830   0.358000000000
  12   1.063285878478   5.020946390099   0.358000000000
  13   0.392000133063   9.307521433912   0.392000000000
  14   0.392000133063   0.692478566088   0.392000000000
  15   1.029285866937   8.850877906983   0.392000000000
  16   1.029285866937   1.149122093017   0.392000000000
  17   0.392000133063   7.767170271119   0.392000000000
  18   0.392000133063   2.232829728881   0.392000000000
  19   1.029285866937   7.310526744190   0.392000000000
  20   1.029285866937   2.689473255810   0.392000000000
  21   0.392000133063   6.226819108326   0.392000000000
  22   0.392000133063   3.773180891674   0.392000000000
  23   1.029285866937   5.770175581397   0.392000000000
  24   1.029285866937   4.229824418603   0.392000000000
  25   0.392000133063   4.686467945532   0.392000000000
