   1   3.358856754030   3.934457969387   1.253000000000
   2  12.374129899216   3.827074718422   1.261000000000
   3  37.265106732568   3.836642929388   1.271000000000
   4   8.442664417681   6.113313438553   1.276000000000
   5  32.358171210980   6.197508569758   1.279000000000
   6  24.611822823889   3.844234015763   1.282000000000
   7  16.274203498465   3.687902225304   1.287000000000
   8   9.708503197670   3.865191200094   1.304000000000
   9  28.346862987890   3.747292384526   1.307000000000
  10  18.879605956726   3.743718666920   1.319000000000
  11  11.115571979356   6.091873691937   1.330000000000
  12  21.900564035342   3.817440251766   1.333000000000
  13  23.283491923264   6.100217720589   1.336000000000
  14  29.516410572748   6.120786841251   1.339000000000
  15   1.345000143058   5.575794920244   1.345000000000
  16  31.054343539508   3.907692009398   1.356000000000
  17  17.503705368286   6.056508660394   1.368000000000
  18  17.593568053016   1.375708880649   1.373000000000
  19  20.321733187766   6.061728726196   1.411000000000
  20  39.420875849710   5.435554135808   1.413000000000
  21  29.792892567367   1.427000151779   1.427000000000
  22  23.331511307321   1.441000153268   1.441000000000
  23  20.434065172740   1.451000154332   1.451000000000
  24  11.051284544077   1.455000154757   1.455000000000
  25  18.879714488657   8.541999844924   1.458000000000
  26  30.931572742214   8.537999844498   1.462000000000
  27   9.742594819278   8.530999843754   1.469000000000
  28  21.843175232757   8.519999842584   1.480000000000
  29  35.827986733649   1.485000157948   1.485000000000
  30  26.514544341872   5.872438509942   1.499000000000
  31  27.964088232939   8.498999840350   1.501000000000
  32  15.892581766776   8.469999837266   1.530000000000
  33   4.029837211367   6.641542726197   1.536000000000
  34  24.924325418901   8.460999836308   1.539000000000
  35   4.803907725902   1.542000164010   1.542000000000
  36   1.543000164117   8.456999835883   1.543000000000
  37  14.377993611621   5.792724966615   1.546000000000
  38  12.778422429402   8.446999834819   1.553000000000
  39  32.783910195322   1.560000165925   1.560000000000
  40  34.113725415520   8.434999833543   1.565000000000
  41  36.672274189027   6.618169002591   1.573000000000
  42  39.255875832160   8.421999832160   1.578000000000
  43  34.438642079609   4.232136669271   1.583000000000
  44   7.931598580345   1.586000168691   1.586000000000
  45   6.171614793334   4.361811410720   1.592000000000
  46  26.402863135231   1.594000169542   1.594000000000
  47   6.654558233779   8.384999828225   1.615000000000
  48  14.228627368703   1.621000172413   1.621000000000
  49   1.629616397319   1.629426203801   1.628000000000
  50  39.188759349002   1.645102582054   1.645000000000
