   1  18.268302873143   7.432828591634   0.626000000000
   2  14.070419463863   9.350523841283   0.642000000000
   3   0.724521187823   0.706571615363   0.673000000000
   4   2.244942254464   0.701376667595   0.691000000000
   5   5.219710239628   5.851805654485   0.787000000000
   6  22.508897856667   9.170999920657   0.829000000000
   7  10.606761626581   9.167999920370   0.832000000000
   8  19.144720952271   2.761574538948   0.835000000000
   9   5.930299832084   9.156999919317   0.843000000000
  10   6.806815606573   6.253421038736   0.849000000000
  11  17.390384447127   3.008372452320   0.851000000000
  12  22.820579826541   5.377321620213   0.869000000000
  13   5.476694852935   7.496854115527   0.878000000000
  14  13.483911419336   3.312814506212   0.890000000000
  15  13.078297153609   5.190671422664   0.951000000000
  16   8.715293502219   3.158579875997   0.959000000000
  17  15.648226700786   9.036999907832   0.963000000000
  18  21.096393235775   6.030147767480   0.968000000000
  19  12.484856479156   9.024935019579   0.973000000000
  20  24.894808905535   0.987000094465   0.987000000000
  21  17.642033301472   8.967999901228   1.032000000000
  22   4.058533641922   8.960999900558   1.039000000000
  23  22.673749350684   7.295229768525   1.054000000000
  24  16.569506282195   7.102537284247   1.104000000000
  25  18.057201291225   1.125000107673   1.125000000000
  26   3.574002561584   6.842708245462   1.134000000000
  27  20.340948430981   1.159000110927   1.159000000000
  28  24.700277869755   6.196654167683   1.181000000000
  29  22.706704082353   1.216007325766   1.196000000000
  30   3.728478248553   4.433346027303   1.271000000000
  31   9.909619230116   1.273000121838   1.273000000000
  32   8.750334779756   5.392305253968   1.275000000000
  33  24.580808875483   8.676949722237   1.301000000000
  34  12.487420865616   1.305000124900   1.305000000000
  35   7.321959808605   1.315000125857   1.315000000000
  36   1.374000131504   5.638526153054   1.374000000000
  37  14.093654102791   7.286689624886   1.378000000000
  38   6.421792610064   3.946285267208   1.466000000000
  39  21.299854999013   3.603662769409   1.467000000000
  40  11.087644476405   3.774496270654   1.492000000000
  41   1.535127502622   8.503999856819   1.496000000000
  42   1.497000143276   2.770161884887   1.497000000000
  43  15.497936987111   4.709596333809   1.516000000000
  44  24.322808850790   3.467913873331   1.559000000000
  45  11.186965209175   6.845371904564   1.562000000000
  46  20.226478745903   8.428999849641   1.571000000000
  47  15.375597036961   1.598000152943   1.598000000000
  48   4.394036362411   1.620000155049   1.620000000000
  49  18.622282282726   5.189585277854   1.645000000000
  50   8.276460522403   8.287784633279   1.659000000000
