   1  26.372617351468   0.693166024524   0.657000000000
   2  24.957032591156   0.690963161000   0.657000000000
   3  20.574695137361   0.784001168540   0.784000000000
   4   0.784844202425   0.784004812044   0.784000000000
   5  29.348434692496   4.058757553179   0.821000000000
   6   9.374945630019   0.821001223688   0.821000000000
   7   2.828548409429   6.002759325733   0.902000000000
   8   0.927140437643   9.071102112137   0.902000000000
   9  23.799806431231   4.154839182111   0.955000000000
  10  21.893635827241   4.033907369205   0.955000000000
  11  27.531805666693   4.198228307102   0.990000000000
  12  29.161212556566   8.972999528590   0.990000000000
  13   1.074395832173   7.062174257925   1.073000000000
  14   1.073001599290   2.629859405120   1.073000000000
  15   2.658807857273   1.118001666362   1.118000000000
  16  18.702247954813   1.118001666362   1.118000000000
  17  20.224875537335   2.777255825000   1.134000000000
  18   7.459899487387   1.214237367677   1.134000000000
  19  11.275156985963   1.317493218825   1.143000000000
  20   1.143001703624   4.844756834782   1.143000000000
  21  13.696854718029   1.279001906330   1.279000000000
  22   5.048571897808   1.304157402419   1.279000000000
  23  16.283696025078   1.308001949554   1.308000000000
  24  17.862085072415   3.394186125364   1.308000000000
  25  14.935355766018   3.571897760619   1.327000000000
  26  22.715496907004   6.162776526541   1.327000000000
  27   5.071497070997   5.987097301997   1.341000000000
  28  26.816890327571   8.658998001260   1.341000000000
  29   6.348902773048   3.587914001235   1.349000000000
  30  12.255909413295   3.608389809313   1.349000000000
  31  25.654277864323   2.688739470974   1.409000000000
  32  13.650839204177   5.987624466396   1.409000000000
  33   7.825757752535   5.923099459996   1.414000000000
  34   9.349302183320   8.585997892454   1.414000000000
  35  12.185295126798   8.577997880530   1.422000000000
  36  24.055552940813   8.563041793853   1.422000000000
  37  21.138146012490   8.503997770235   1.496000000000
  38  15.102361009810   8.503997770235   1.496000000000
  39  10.740049954479   6.023010966154   1.502000000000
  40  16.562922289344   5.885832087601   1.502000000000
  41   6.428810199860   8.491997752349   1.508000000000
  42   3.492036512620   3.615994280092   1.508000000000
  43  18.120253511150   8.477997731482   1.522000000000
  44  28.657097731482   6.465728718903   1.522000000000
  45   3.346533716411   8.424997652487   1.575000000000
  46  25.607718231686   5.924690589060   1.575000000000
  47  22.825870631830   1.616002408624   1.616000000000
  48   9.301123833725   3.256886493214   1.616000000000
  49  19.764034258215   5.666708345507   1.649000000000
  50  28.530097542191   1.649002457810   1.649000000000
