   1   4.418877712706   6.481153268899   0.423000000000
   2   0.423000049890   6.799294784118   0.423000000000
   3   3.400466280767   9.520999943505   0.479000000000
   4  12.455609407541   3.842129519706   0.479000000000
   5  19.099002441509   3.675096909465   0.556000000000
   6   9.357533470602   2.764886563126   0.556000000000
   7  21.622226107598   9.385467930920   0.605000000000
   8  12.190584803836   2.791026177206   0.605000000000
   9  17.928275793144   3.903756251687   0.613000000000
  10  20.403655497139   9.386100900403   0.613000000000
  11  17.069622015521   4.974299976979   0.725000000000
  12  11.563167965654   9.274999914490   0.725000000000
  13   3.282765906225   6.729788106018   0.740000000000
  14  11.426297561802   7.816407442681   0.740000000000
  15  21.430457129531   5.666052788232   0.786000000000
  16   0.786000092704   3.294420346839   0.786000000000
  17   5.667609860075   0.797873794705   0.796000000000
  18  14.911749878009   7.113732787035   0.796000000000
  19   7.507221159645   9.107999894794   0.892000000000
  20   3.886441649757   4.943303659840   0.892000000000
  21  16.346274294789   3.385185508470   1.021000000000
  22  15.343089805530   5.234306221089   1.021000000000
  23   2.914862199029   3.224095991405   1.078000000000
  24  16.789485968471   6.755404567387   1.078000000000
  25   5.789605920930   5.701388069739   1.154000000000
  26   3.749444924133   1.154000136108   1.154000000000
  27  15.938825061177   8.832999862359   1.167000000000
  28  21.060783862359   1.167000137641   1.167000000000
  29   7.717989601072   7.035690389050   1.191000000000
  30  13.006387134465   1.191000140472   1.191000000000
  31   9.997222921357   6.274437583588   1.212000000000
  32  21.015168638641   7.663240344734   1.212000000000
  33  14.095406883854   3.360729555402   1.230000000000
  34  10.748667006353   3.925970607385   1.230000000000
  35  15.466119117262   1.270000149789   1.270000000000
  36   9.635920543988   8.729999850210   1.270000000000
  37  13.491644174277   8.715496148735   1.283000000000
  38  20.944783848677   3.614252763086   1.283000000000
  39  10.529107205456   1.305362293576   1.288000000000
  40   1.311123902926   1.288000151912   1.288000000000
  41   1.595454251917   5.360514760374   1.433000000000
  42  18.528234106707   8.566999830985   1.433000000000
  43   7.803158652169   1.470309359605   1.442000000000
  44   5.433104489271   3.129982944339   1.442000000000
  45   8.074887257189   4.385614588298   1.483000000000
  46  19.148687558535   5.717772651576   1.483000000000
  47   5.129520540150   8.372022839843   1.597000000000
  48   1.651222809496   8.402999811643   1.597000000000
  49  18.323439226902   1.646361346409   1.612000000000
  50  12.796964304922   5.905078589704   1.612000000000
