   1  36.082611131577   3.899701831537   1.252000000000
   2  31.249814249758   6.229656396470   1.252000000000
   3  26.824254152783   3.763629199073   1.252000000000
   4  17.886063529620   3.779852198326   1.252000000000
   5  21.464208581807   3.689324634622   1.252000000000
   6   3.440233438470   3.878000870639   1.314000000000
   7   8.024107503507   6.278357675106   1.314000000000
   8  30.338591329450   3.830900697358   1.314000000000
   9  12.381844294467   3.823070385840   1.314000000000
  10  13.574899996645   6.164651520804   1.314000000000
  11   1.330000011566   5.471001500130   1.330000000000
  12  38.063281015375   5.557181192297   1.330000000000
  13   9.143221998914   3.882878836178   1.330000000000
  14  24.211541651940   3.742893107546   1.330000000000
  15  16.817575661964   6.130396346522   1.330000000000
  16   6.614907594105   8.598999987817   1.401000000000
  17   9.433307412907   8.598999987817   1.401000000000
  18  25.616496405519   1.401000012183   1.401000000000
  19  25.573272014972   6.110180911789   1.401000000000
  20  22.806586898360   1.401000012183   1.401000000000
  21  29.919442750443   8.571999979428   1.428000000000
  22  12.262178590459   8.571999987582   1.428000000000
  23  13.716835694109   1.428000012418   1.428000000000
  24  16.601076595619   1.428000012418   1.428000000000
  25  22.714986333745   6.059547227582   1.428000000000
  26   4.811161301147   1.463969002932   1.442000000000
  27  10.817538781564   6.092097577040   1.442000000000
  28  27.034784705340   8.557999979226   1.442000000000
  29  24.127301436657   8.557999987460   1.442000000000
  30  15.158956144865   3.909368334286   1.442000000000
  31  34.720917756836   1.464000012731   1.464000000000
  32   7.744843876499   1.464000012731   1.464000000000
  33  31.792917731374   1.464000012731   1.464000000000
  34  18.238669346207   8.535999987269   1.464000000000
  35  21.221384688561   8.535999987269   1.464000000000
  36   6.267663178901   4.055568329678   1.519000000000
  37  32.865330629082   8.480999986791   1.519000000000
  38  10.733466650372   1.519000013209   1.519000000000
  39  28.490274304838   5.977901702508   1.519000000000
  40  15.207773292875   8.480999986791   1.519000000000
  41  37.832631986426   8.438999986426   1.561000000000
  42  35.307065703366   6.603680090769   1.561000000000
  43  28.574171869823   1.561000013575   1.561000000000
  44  19.624761592431   1.561000034926   1.561000000000
  45  19.730027017384   5.904179808045   1.561000000000
  46   1.606000013966   8.393999986034   1.606000000000
  47   1.606000013966   1.606000013966   1.606000000000
  48  37.787631986034   1.606000013965   1.606000000000
  49   4.312690297403   6.664615156397   1.606000000000
  50  33.238055976659   4.176595516352   1.606000000000
