   1  11.579764991519   0.671000008481   0.671000000000
   2  11.579612399221   9.328999987393   0.671000000000
   3   3.691698712886   9.328999991519   0.671000000000
   4   2.132574622618   3.569303778570   0.671000000000
   5   3.771585545772   6.309803952817   0.671000000000
   6   0.698000008822   0.698000008822   0.698000000000
   7   0.698000008822   9.301999991178   0.698000000000
   8  11.552764991178   4.000921532737   0.698000000000
   9   9.908881923558   6.678135748906   0.698000000000
  10   9.120682862164   7.830332906029   0.698000000000
  11  10.157446491220   0.809025858700   0.758000000000
  12   2.152763238183   0.758000009581   0.758000000000
  13  10.138065161186   3.656595459643   0.758000000000
  14   7.633891970472   7.824327177517   0.758000000000
  15   4.386963431477   5.020094253154   0.758000000000
  16   3.686657647677   0.776000009808   0.776000000000
  17   5.134884096907   9.223999990192   0.776000000000
  18   8.443257777726   6.521222020772   0.776000000000
  19   5.218585397541   6.309109755406   0.776000000000
  20   6.117940168921   5.044252033729   0.776000000000
  21   8.582466657821   0.817000010326   0.817000000000
  22   5.279129959558   0.817000010326   0.817000000000
  23   8.563437701921   3.690850783840   0.817000000000
  24   7.730462090881   5.096591762437   0.817000000000
  25   6.837901713455   6.465274355349   0.817000000000
  26   8.434204783036   9.181999989661   0.818000000000
  27   6.941415845604   0.818008610268   0.818000000000
  28   4.455109035324   2.236820294282   0.818000000000
  29   3.619726947957   3.643459137684   0.818000000000
  30   6.928549202548   3.671754653465   0.818000000000
  31   2.806390717022   2.206341192706   0.831000000000
  32   7.766087610658   2.248582812685   0.831000000000
  33   6.104094902970   2.243652354382   0.831000000000
  34   5.852142162265   7.785949249446   0.831000000000
  35   5.268317219508   3.680217610002   0.831000000000
  36  10.093337081686   9.098778846229   0.833000000000
  37   0.833000010529   7.776963578893   0.833000000000
  38   0.833293744747   4.330309747653   0.833000000000
  39   9.437825795177   2.227978683080   0.833000000000
  40   6.780363538592   9.166999989471   0.833000000000
  41   2.213488972411   8.824282224008   0.891000000000
  42   0.891000011262   6.053939471386   0.891000000000
  43   2.397051936940   7.051761781721   0.891000000000
  44   9.443699681362   5.155447525440   0.891000000000
  45   4.130704670282   7.829961022363   0.891000000000
  46  11.259764987474   2.314660074822   0.991000000000
  47  11.259438336817   7.696215480360   0.991000000000
  48   0.991000012526   2.361391745589   0.991000000000
  49  11.259764987474   5.664313269504   0.991000000000
  50   2.555929074623   5.176479897667   0.991000000000
