   1  10.380883270107   9.631999983972   0.368000000000
   2   2.127653919989   4.911653093300   0.368000000000
   3   4.924150369671   1.906809832287   0.368000000000
   4   4.926992198909   2.642804377915   0.368000000000
   5   7.639877095239   5.878170126723   0.368000000000
   6  11.812718614859   0.388955345170   0.381000000000
   7  11.812824983405   1.422786889826   0.381000000000
   8   2.921698530445   9.618999983405   0.381000000000
   9  11.812718614859   3.647606515452   0.381000000000
  10   8.069074042713   9.618999983405   0.381000000000
  11  11.800824982883   4.503271588535   0.393000000000
  12   3.695605535306   9.606999982883   0.393000000000
  13   9.712415758074   4.990762305331   0.393000000000
  14   8.163652557925   5.239536594848   0.393000000000
  15   4.687191089664   4.939688112217   0.393000000000
  16   0.446106385141   6.873594628571   0.446000000000
  17   0.446000019426   5.866348162194   0.446000000000
  18  10.360110293530   8.284915822605   0.446000000000
  19   3.318618151264   8.850678313059   0.446000000000
  20   6.809096059421   9.553999980574   0.446000000000
  21  11.386824964851   9.024787972362   0.807000000000
  22  11.386824964851   7.410787902063   0.807000000000
  23  11.386824964851   2.531781076977   0.807000000000
  24   5.337724462656   0.807000035149   0.807000000000
  25   6.041448761489   2.270498468225   0.807000000000
  26   0.892000038851   0.892000038851   0.892000000000
  27   9.235010626931   9.107999961148   0.892000000000
  28  11.301824961149   5.687427035319   0.892000000000
  29   8.818597031392   0.892000038851   0.892000000000
  30   7.034596953689   0.892000038851   0.892000000000
  31   0.899000039156   4.599929534840   0.899000000000
  32  10.593860909936   4.042292335176   0.899000000000
  33   2.446235848809   3.684033453976   0.899000000000
  34   6.783724758428   6.812136034031   0.899000000000
  35   4.893079703945   6.220858425843   0.899000000000
  36   7.566383779546   8.436406374782   0.904000000000
  37   3.328813288359   7.117451903539   0.904000000000
  38   3.343686927404   5.284812497056   0.904000000000
  39   8.791188736463   4.076677188910   0.904000000000
  40   4.248897066212   3.718987973756   0.904000000000
  41  10.623474945205   0.913000039766   0.913000000000
  42   0.913106385141   2.696914648747   0.913000000000
  43   1.765585145707   6.191273161816   0.913000000000
  44   9.667462872383   2.484938225916   0.913000000000
  45   7.822908567423   2.519143496740   0.913000000000
  46   1.449000063112   8.532694540153   1.449000000000
  47   3.165770574848   1.449000063112   1.449000000000
  48   5.202973377259   8.548318498861   1.449000000000
  49   9.224626302882   6.767022890947   1.449000000000
  50   6.473831085115   4.484675961012   1.449000000000
