   1  36.160443430974   9.367999896169   0.632000000000
   2   4.938993534191   0.667000109581   0.667000000000
   3   6.275990388096   0.670000110073   0.670000000000
   4  22.774767792744   7.964166921913   0.682000000000
   5  23.192375177443   9.290999883519   0.709000000000
   6   0.727000119438   7.636561785555   0.727000000000
   7  32.339924888303   5.247896552435   0.748000000000
   8   0.752000123545   9.247999876455   0.752000000000
   9  12.726940912674   9.233999874155   0.766000000000
  10  30.746903153920   9.207704267134   0.775000000000
  11  30.786800036519   4.945772015918   0.832000000000
  12  14.918393259587   0.841000138167   0.841000000000
  13  17.007549153270   9.145999859697   0.854000000000
  14  27.073881051289   6.524555653940   0.877000000000
  15  29.125142850095   0.894000146875   0.894000000000
  16  25.463710862639   5.784733381152   0.895000000000
  17  12.115297441788   2.753408477956   0.904000000000
  18   0.910000149503   0.910000149503   0.910000000000
  19  19.425276722931   0.922000151475   0.922000000000
  20  35.788647054702   3.606801574023   0.935000000000
  21  21.547521114317   9.045999843268   0.954000000000
  22  34.604309212454   9.041584325725   0.958000000000
  23  24.335914736174   0.962000158046   0.962000000000
  24   7.527938817868   6.809937428213   1.007000000000
  25  36.068104759065   7.699186860839   1.022000000000
  26  13.047949154689   1.040000170861   1.040000000000
  27  35.950851882845   5.635514850353   1.045000000000
  28  32.599354157537   8.950999827661   1.049000000000
  29   3.276416670036   3.759058340472   1.052000000000
  30  33.932621815390   4.354580034976   1.066000000000
  31  21.270928791489   7.034337042602   1.071000000000
  32  37.859509822896   6.603345017182   1.078000000000
  33  31.982349006195   3.447255126258   1.085000000000
  34  37.831509818297   8.890315772841   1.106000000000
  35  10.897311354219   8.793113445893   1.116000000000
  36  10.875024500814   1.135000186468   1.135000000000
  37  23.471957057975   6.265689887612   1.154000000000
  38  28.962841208362   5.754210995750   1.163000000000
  39  37.762509806961   4.352433720668   1.175000000000
  40  12.587196897129   7.240272957467   1.179000000000
  41   1.180000193861   2.990674158983   1.180000000000
  42  10.152081916937   3.497624804903   1.195000000000
  43  27.011056846919   4.369413329070   1.202000000000
  44  12.423662548575   4.850862276656   1.216000000000
  45   8.562342392742   8.780999799732   1.219000000000
  46  31.233452471692   1.243000204211   1.243000000000
  47  17.002898297167   7.041004651751   1.251000000000
  48  19.368878905105   3.106272537156   1.263000000000
  49  19.240590021399   5.862947073048   1.264000000000
  50  14.734927479702   5.860089955656   1.306000000000
  51   3.087090469186   1.378837402221   1.317000000000
  52  31.077062157107   7.103335099258   1.345000000000
  53   5.966454449443   8.617999772952   1.382000000000
  54  21.564174570551   4.588797493767   1.386000000000
  55  33.809359605337   6.819500404674   1.402000000000
  56   7.716515493438   4.406323119005   1.404000000000
  57  17.013849786765   4.377026724523   1.413000000000
  58   5.492545619142   2.674064013283   1.415000000000
  59  14.808965294178   8.581083310399   1.416000000000
  60  29.360685102792   3.198997025649   1.423000000000
  61  19.214248796393   8.556818733793   1.430000000000
  62  14.446069848377   3.104051906649   1.453000000000
  63  17.118529682404   1.507935260696   1.458000000000
  64   1.566108555210   5.609363074360   1.467000000000
  65   8.266642516145   1.548795684085   1.506000000000
  66  28.527619976612   8.457999746666   1.542000000000
  67  10.032735791122   6.257470882107   1.558000000000
  68  26.775354468963   1.598063738477   1.559000000000
  69  24.348355769038   3.580899217745   1.575000000000
  70  37.337509737138   1.600000262862   1.600000000000
  71  21.854414672267   1.611141586874   1.603000000000
  72   5.022138465265   5.774358116394   1.612000000000
  73   2.965602077385   8.370999732373   1.629000000000
  74  25.347255841828   8.355963982984   1.640000000000
  75  34.092868974470   1.648319836307   1.645000000000
