   1   4.356238122727   9.560999990000   0.439000000000
   2   5.005863636839   2.962606604437   0.439000000000
   3   7.513417862199   4.952080459400   0.439000000000
   4  45.274411162922   9.090235579330   0.439000000000
   5  41.230418263682   4.997178222510   0.439000000000
   6  45.165156803134   0.636000010000   0.439000000000
   7  20.448503536718   9.335166039396   0.439000000000
   8  23.360075943755   0.636002367966   0.439000000000
   9  31.189180531043   6.404874194962   0.439000000000
  10  27.816190355669   3.694014857987   0.439000000000
  11   0.638744178584   5.159706943414   0.636000000000
  12  50.969687518334   9.363999851176   0.636000000000
  13  35.464062663869   0.636006732714   0.636000000000
  14  10.507798109584   0.636000010000   0.636000000000
  15  10.532380832902   9.363999176939   0.636000000000
  16  11.804380855875   9.363959231214   0.636000000000
  17  41.113189087414   9.363999990000   0.636000000000
  18  40.169563662112   5.171000645097   0.636000000000
  19  15.467481167002   3.850237405668   0.636000000000
  20  23.365648442661   9.363942294448   0.636000000000
  21  50.461937904153   4.925614870683   1.688000000000
  22  49.505263305774   1.688000016920   1.688000000000
  23   5.259934095848   5.074385129317   1.688000000000
  24   6.216608694226   8.311999983080   1.688000000000
  25  16.459964056979   1.688000016920   1.688000000000
  26  17.479632849309   5.013088114248   1.688000000000
  27  18.196959039201   8.311999983080   1.688000000000
  28  30.247373552300   8.311999983080   1.688000000000
  29  28.523322889191   1.688000016920   1.688000000000
  30  29.497788558401   4.996460559705   1.688000000000
  31  53.434871977076   2.287000022924   2.287000000000
  32   2.287000022924   7.712999977076   2.287000000000
  33  47.628016665758   7.712999977076   2.287000000000
  34   8.093855334242   2.287000022924   2.287000000000
  35  45.945581466222   3.456980095362   2.287000000000
  36   9.775176113207   6.540779149494   2.287000000000
  37  41.523746660452   2.287000022924   2.287000000000
  38  20.389572728281   2.287000022924   2.287000000000
  39  21.802027709788   6.637453717039   2.287000000000
  40  24.863403636126   3.239004974295   2.287000000000
  41  53.399136044989   7.679969965280   2.320000000000
  42   2.322742661933   2.320000132175   2.320000000000
  43  43.068254689971   7.054957311544   2.320000000000
  44  12.653791722523   2.943833000425   2.320000000000
  45  14.239100992979   7.679999976745   2.320000000000
  46  38.470546337075   7.679999976745   2.320000000000
  47  37.022864388665   3.270111512539   2.320000000000
  48  33.929201975892   6.728269014361   2.320000000000
  49  32.481180935413   2.320000023255   2.320000000000
  50  26.289515506080   7.679999976745   2.320000000000
