   1  23.147114793965   9.520094359191   0.349000000000
   2  15.338835399302   0.480662247969   0.368000000000
   3  48.532598467118   0.513459753027   0.369000000000
   4  22.186463180174   0.525168699184   0.384000000000
   5  38.694199846645   9.500546526917   0.386000000000
   6  30.270064438273   0.481428536260   0.408000000000
   7  51.518192900819   9.506639255750   0.425000000000
   8  26.407745790748   0.537000035141   0.537000000000
   9  61.495662317450   9.436999963157   0.563000000000
  10  61.182847373313   6.103251495536   0.626000000000
  11  62.097360962062   5.095021913639   0.687000000000
  12   5.506594665996   2.413248992263   0.732000000000
  13  65.575819950527   5.053317240293   0.756000000000
  14   0.761000049800   6.514632420924   0.761000000000
  15   0.784000051305   4.969803526726   0.784000000000
  16  15.804837955734   3.780566991157   0.797000000000
  17  12.171354519257   4.825856567759   0.798000000000
  18  15.213286332069   9.189999946993   0.810000000000
  19   5.271951416874   0.850916900572   0.844000000000
  20  46.756957988678   9.057999938355   0.942000000000
  21  13.445066772962   9.034999936850   0.965000000000
  22  38.289695173841   1.090629804470   1.080000000000
  23  10.294818338770   1.102000072115   1.102000000000
  24  27.672767697361   8.880999926773   1.119000000000
  25  43.444822890143   1.149069951166   1.121000000000
  26  60.331056013859   1.186787453048   1.167000000000
  27  56.290916676943   8.799637294294   1.197000000000
  28  33.816139122799   8.771264091848   1.206000000000
  29   7.099724985606   8.764999919182   1.235000000000
  30  23.846054744188   5.763819351778   1.308000000000
  31  21.541664785926   4.523465847078   1.309000000000
  32  48.942052106465   4.552055219609   1.343000000000
  33   2.826016633744   6.009080149049   1.365000000000
  34  30.429700174668   4.558396152875   1.376000000000
  35   1.467761328824   8.578999907010   1.421000000000
  36   4.382675019594   8.499405383027   1.495000000000
  37  40.841848398237   1.506153103090   1.499000000000
  38  46.468998485194   6.004443205949   1.525000000000
  39  24.827730607850   8.448999898502   1.551000000000
  40  17.032514685609   1.569000102676   1.569000000000
  41   7.660511017578   1.584080398383   1.575000000000
  42  10.007656762362   3.789703215186   1.601000000000
  43  17.511465094659   8.364324977244   1.632000000000
  44  57.493788910995   1.665831496467   1.661000000000
  45  44.235724792015   8.312999889602   1.687000000000
  46  35.549253851621   1.727000113015   1.727000000000
  47  20.330439703479   1.733000113408   1.733000000000
  48  59.899000404548   4.071382998383   1.738000000000
  49  53.346555382461   8.252999885676   1.747000000000
  50  32.073323245106   1.749000114455   1.749000000000
  51  50.388572415519   1.782000116615   1.782000000000
  52  52.062693840463   4.947577494107   1.799000000000
  53  36.831755711963   8.170999880310   1.829000000000
  54  54.001240364302   1.831000119821   1.831000000000
  55  28.412091934542   1.954611520943   1.918000000000
  56  18.311506682439   4.882046394378   1.941000000000
  57  40.609860244378   8.051844187034   1.944000000000
  58  59.386705091209   8.024999870756   1.975000000000
  59  14.555158883521   6.271685662170   1.990000000000
  60  30.666252818890   7.997999868989   2.002000000000
  61  27.208978000484   5.741067374058   2.055000000000
  62  49.543758716585   7.912612715145   2.071000000000
  63  21.207401404347   7.907999863099   2.092000000000
  64  46.525149845630   2.094000137032   2.094000000000
  65  13.366874528879   2.141000140107   2.141000000000
  66  33.942272867553   5.333150159372   2.221000000000
  67  24.250564093203   2.257072452237   2.222000000000
  68  42.974958943291   4.588607926049   2.245000000000
  69  38.475742264741   4.430317268889   2.257000000000
  70  56.105413578184   5.342879001509   2.263000000000
  71   6.416997816232   5.301651071161   2.295000000000
  72  10.469691581338   7.671301703689   2.308000000000
  73   2.442749770298   2.332000152607   2.332000000000
  74  63.805909208703   7.629999844907   2.370000000000
  75  63.742311318878   2.438000159543   2.438000000000
