   1   5.898128921908   0.722001078717   0.722000000000
   2  23.841641089551   4.241044282113   0.722000000000
   3  15.728280992213   2.910075255186   0.736000000000
   4  23.885564204914   0.737156143239   0.736000000000
   5   8.994886227127   9.193998795782   0.806000000000
   6  17.271166235417   3.004949234674   0.806000000000
   7  25.276256712647   3.591036261842   0.853000000000
   8  16.988614419982   6.199771583688   0.853000000000
   9  18.534590985391   7.004765085099   0.890000000000
  10  29.810264867360   2.838992645442   0.890000000000
  11  34.358157396224   9.103998661316   0.896000000000
  12  11.384007852297   6.973696860580   0.896000000000
  13  30.406867840078   6.803527173260   0.920000000000
  14  21.138581587344   9.079998625458   0.920000000000
  15  39.011003467769   9.055998589600   0.944000000000
  16   0.944001410400   3.746464672306   0.944000000000
  17  12.407379174422   3.585392538975   0.961000000000
  18  23.138979644175   5.770346200325   0.961000000000
  19  41.539298561213   6.295884286210   0.963000000000
  20  16.334539041956   4.505649021916   0.963000000000
  21  23.740706762170   2.497961561488   1.024000000000
  22   8.407217445379   3.265818809227   1.024000000000
  23  14.363001557456   4.075095754742   1.055000000000
  24  36.428202354657   5.961063998002   1.055000000000
  25  10.876365054503   8.901998359514   1.098000000000
  26  19.128444260198   8.901998359514   1.098000000000
  27  41.403298358020   1.099001641980   1.099000000000
  28   1.099001641980   8.900998358020   1.099000000000
  29  29.990552837278   4.823824405802   1.103000000000
  30  12.839654030137   5.603621262105   1.103000000000
  31  15.001733762001   6.177725073456   1.134000000000
  32  30.900950017877   1.134001694273   1.134000000000
  33  22.041247267665   1.147001713695   1.147000000000
  34   9.321845617918   7.268559117643   1.147000000000
  35  16.522553434584   1.173001752541   1.173000000000
  36   7.738681589638   1.173001752541   1.173000000000
  37  31.828822232714   3.274496841589   1.175000000000
  38   4.056007823841   1.175001755529   1.175000000000
  39  28.530782924094   1.194001783916   1.194000000000
  40  32.165676884899   5.628426844828   1.194000000000
  41  29.340296289521   8.740998118969   1.259000000000
  42  28.259897344570   6.431273389910   1.259000000000
  43  34.289063472028   6.907120121437   1.284000000000
  44   3.163875986833   3.552274082257   1.284000000000
  45  41.198298051736   8.537094452490   1.304000000000
  46  33.333019440131   1.304001948264   1.304000000000
  47   7.560536866179   5.490127448515   1.356000000000
  48  38.961783702685   1.356002025956   1.356000000000
  49  25.929319447030   1.417002117094   1.417000000000
  50  26.668960795170   8.582997882907   1.417000000000
  51  37.796027126952   3.886383578103   1.430000000000
  52   1.463514799112   1.430002136517   1.430000000000
  53  18.765659322907   4.684237629205   1.442000000000
  54   3.641526976328   8.557997845555   1.442000000000
  55  32.062056406797   8.528997802227   1.471000000000
  56  10.332037854890   4.853304239824   1.471000000000
  57  20.882341985293   6.695724637567   1.478000000000
  58  25.574378798109   5.902897083428   1.478000000000
  59  36.653693698416   8.487022998359   1.481000000000
  60  27.627656519268   3.765210004962   1.481000000000
  61  36.119889944432   1.489002224666   1.489000000000
  62   5.899835736728   3.097816316052   1.489000000000
  63   4.737057557158   5.839432154452   1.489000000000
  64  21.584393664925   3.799865619425   1.493000000000
  65  16.563832388793   8.506997769357   1.493000000000
  66  13.837106442133   1.537002296381   1.537000000000
  67  39.054869663203   6.574842200587   1.537000000000
  68  13.501856642032   8.427615398140   1.570000000000
  69  34.459570299585   4.058213706498   1.570000000000
  70   1.641010998805   6.225339910572   1.631000000000
  71   6.707672039849   8.352786570498   1.631000000000
  72  40.863297551223   3.783226954740   1.639000000000
  73  19.299030195661   1.639002448777   1.639000000000
  74  10.593623050114   1.669709659354   1.655000000000
  75  23.606245276265   8.344280791229   1.655000000000
