   1   1.155823024093   0.356860270162   0.355000000000
   2   3.236073750372   7.229026668195   0.355000000000
   3  12.763018458130   1.718091679362   0.391000000000
   4   6.292066290289   8.826553688877   0.391000000000
   5   6.366630862850   9.606999931748   0.393000000000
   6   0.397144507788   0.395830875499   0.393000000000
   7  11.413606381683   3.337377953671   0.407000000000
   8   9.592470449135   5.109952708959   0.407000000000
   9  11.951201934225   1.674043674482   0.422000000000
  10  10.967831263204   4.050919098390   0.422000000000
  11   8.820642465056   9.558039344077   0.432000000000
  12   2.886791769504   9.566063901869   0.432000000000
  13   0.491000085271   5.199866474127   0.491000000000
  14   4.514663361173   1.670400802744   0.491000000000
  15   5.527557103691   1.599207603074   0.503000000000
  16   0.503000087355   2.941169554062   0.503000000000
  17   7.653150977452   4.569136271803   0.509000000000
  18   2.413394962482   1.742926805738   0.509000000000
  19   5.468665670505   9.475336929952   0.511000000000
  20   9.788155048307   6.009288345458   0.511000000000
  21   7.081691377029   6.680898097474   0.539000000000
  22  10.443287524529   3.205652938686   0.539000000000
  23   9.982264679978   4.212085928231   0.568000000000
  24   0.568000098644   9.431999901356   0.568000000000
  25  11.173694230029   2.334288781982   0.598000000000
  26  12.556027570373   9.401996823631   0.598000000000
  27   9.875342114409   9.368999890415   0.631000000000
  28   4.937192219734   0.631000109585   0.631000000000
  29   2.112990899255   0.637000110626   0.637000000000
  30   9.267840315326   3.241713148557   0.637000000000
  31   8.793606507010   4.427390955325   0.640000000000
  32   6.687061435445   7.821582559266   0.640000000000
  33   0.659497930308   4.077443236812   0.644000000000
  34   1.830382976305   9.355999888158   0.644000000000
  35   5.401975809499   8.273341869148   0.657000000000
  36   8.977663083833   8.445356596565   0.657000000000
  37   4.212218737730   7.568674504505   0.676000000000
  38   9.926540425956   2.074127384498   0.676000000000
  39   6.272236286729   0.680000118095   0.680000000000
  40  10.368563067435   8.154316932409   0.680000000000
  41  12.471029881385   0.683000118616   0.683000000000
  42   7.946863510934   3.410849806846   0.683000000000
  43   9.410248780514   7.162318696967   0.697000000000
  44   7.989526771605   7.519665900254   0.697000000000
  45  12.423029873048   2.787501827427   0.731000000000
  46  11.233666317555   9.268999873049   0.731000000000
  47   6.754933968535   5.433140801008   0.737000000000
  48   0.737000127994   6.402974325801   0.737000000000
  49   6.591685184362   3.885811299425   0.753000000000
  50  10.816983627488   5.235944260612   0.753000000000
  51   8.497578911321   2.084648742143   0.753000000000
  52   2.179438612242   6.795908156700   0.758000000000
  53   3.497807063770   2.398167183123   0.758000000000
  54   7.721319006712   0.772000134072   0.772000000000
  55   9.273838815933   0.772000134073   0.772000000000
  56   2.714906171058   8.238751293057   0.781000000000
  57  10.835184750376   6.769836543813   0.781000000000
  58  12.338990846076   6.111550799538   0.794000000000
  59   3.528576733949   0.846471960462   0.794000000000
  60  10.921375457294   0.879000152654   0.879000000000
  61   4.121049280978   9.120999847346   0.879000000000
  62  12.252029843351   4.411524276804   0.902000000000
  63   5.231490136257   4.828623784744   0.902000000000
  64   7.558725025908   9.095999843004   0.904000000000
  65   0.904000156996   1.592522590712   0.904000000000
  66   1.025475798516   8.025529942983   0.911000000000
  67   3.587259191663   4.064768600483   0.911000000000
  68   6.819898225790   2.218355515438   0.930000000000
  69   8.345513013217   5.932087960363   0.930000000000
  70   5.098860803160   2.984386368500   0.947000000000
  71   1.946493891718   3.122035259215   0.947000000000
  72  12.190029832584   7.869573267245   0.964000000000
  73   5.578809730404   6.662015807454   0.964000000000
  74   1.966379204804   5.059933574108   0.991000000000
  75   3.724733850141   5.974545134102   0.991000000000
