   1  56.194687879951   9.454480802147   0.366000000000
   2  42.130870169751   9.370815251393   0.366000000000
   3  10.997345237372   4.798062041187   0.366000000000
   4  66.119105043959   0.553434779282   0.366000000000
   5  26.385310210168   4.959766147489   0.366000000000
   6  57.188345423454   0.607730787005   0.392000000000
   7  17.964775727450   0.511030073145   0.392000000000
   8  13.339935145460   9.415641999888   0.392000000000
   9  61.736679717461   0.608760403701   0.392000000000
  10   4.318406539147   0.529965217372   0.392000000000
  11  46.993539729011   7.506326382947   0.607000000000
  12  37.363484981333   9.392999959397   0.607000000000
  13  52.158942662935   9.382179729273   0.607000000000
  14  52.623271765442   0.611044452137   0.607000000000
  15  49.471482096725   4.949964529150   0.607000000000
  16  28.233655169169   0.646629503585   0.635000000000
  17  32.772778428605   0.776338102460   0.635000000000
  18  27.842708149029   9.348060046032   0.635000000000
  19  32.476284641400   9.341753770869   0.635000000000
  20  37.053070591438   0.718452258661   0.635000000000
  21  57.120898679892   4.634923481357   0.943000000000
  22  66.887058093409   9.056999936922   0.943000000000
  23  64.652670877848   5.381876305969   0.943000000000
  24  32.662461339301   5.131271929308   0.943000000000
  25  46.925531908258   9.056864048480   0.943000000000
  26   8.883591613673   0.987168071503   0.962000000000
  27  68.991925657732   9.002245079705   0.962000000000
  28  37.438235545776   5.087982663559   0.962000000000
  29  55.325273371272   5.528417169835   0.962000000000
  30  27.819711714489   4.890957773069   0.962000000000
  31  18.234526389084   8.819266729474   1.099000000000
  32  61.530720324069   8.900999926486   1.099000000000
  33  46.940833899061   1.273154003065   1.099000000000
  34   1.126417584367   8.800926996192   1.099000000000
  35  22.618647460205   1.103739085803   1.099000000000
  36   3.786908991020   8.402603433818   1.577000000000
  37  52.631659658640   5.219217242342   1.577000000000
  38  14.402068775640   4.998058430881   1.577000000000
  39   1.615344871432   6.043172853236   1.577000000000
  40  42.745192334852   4.928065861435   1.577000000000
  41  64.313903359073   8.172287156593   1.778000000000
  42  15.330631122302   8.221999881067   1.778000000000
  43  19.820605492922   1.779271664933   1.778000000000
  44  43.899797169323   1.778000118933   1.778000000000
  45  61.849676933607   5.608554367135   1.778000000000
  46   4.925217297095   5.198111080438   1.813000000000
  47  21.165266140989   8.186999878726   1.813000000000
  48   8.563940918582   4.583608891129   1.813000000000
  49  54.270063687146   8.186999878725   1.813000000000
  50   6.224794748851   1.813000121274   1.813000000000
  51  68.108339871903   1.915000128097   1.915000000000
  52   7.284000662525   8.084999871903   1.915000000000
  53  22.252584697069   4.570288091035   1.915000000000
  54  44.237785140982   8.084999871903   1.915000000000
  55  16.041830079305   1.915000128097   1.915000000000
  56  46.615354319316   4.706786130106   2.216000000000
  57  54.948454429518   2.216000148231   2.216000000000
  58  67.807339851768   6.035019821122   2.216000000000
  59  11.823890613321   2.216000148231   2.216000000000
  60   2.216000148231   2.216000148232   2.216000000000
  61  11.388840676126   7.493721886341   2.223000000000
  62  63.981818058307   2.223000148700   2.223000000000
  63  18.207266773882   5.441177975647   2.223000000000
  64  50.294420890436   2.223000148700   2.223000000000
  65  49.821366069504   7.776999851300   2.223000000000
  66  34.973904958078   2.859420085000   2.298000000000
  67  58.352354493728   7.701999846283   2.298000000000
  68  59.461569032295   2.305416635472   2.298000000000
  69  25.800271112816   2.298000153717   2.298000000000
  70  30.382544994371   2.652943670851   2.298000000000
  71  39.658204160211   2.408000161075   2.408000000000
  72  34.965537529988   7.565412961000   2.408000000000
  73  30.154206104492   7.353401128822   2.408000000000
  74  39.781464464740   7.591999838925   2.408000000000
  75  25.344119851785   7.591999838925   2.408000000000
