   1  20.128980268658   3.286420567243   0.341000000000
   2   0.406609967071   3.336249192440   0.341000000000
   3   0.422035583086   6.726450727190   0.341000000000
   4  32.713845836863   9.608646525730   0.341000000000
   5   7.910906425789   6.264801233828   0.341000000000
   6  39.412379091614   9.586000938685   0.341000000000
   7   3.385982084118   9.625099433134   0.341000000000
   8  12.745136105360   9.617031083574   0.341000000000
   9  19.910666490340   0.378758091971   0.341000000000
  10   9.481720287949   9.603226655595   0.341000000000
  11  23.302636589055   9.625048951222   0.341000000000
  12  28.088899798233   5.822353488742   0.710000000000
  13  11.756516597270   0.819471232302   0.710000000000
  14   9.152922852700   6.468686892924   0.710000000000
  15   3.651803217828   6.828054920392   0.710000000000
  16   4.000722959202   5.437643878275   0.710000000000
  17  41.019672918642   7.325360503546   0.710000000000
  18  38.566376918209   3.270206601390   0.710000000000
  19   6.282392069387   3.886537346690   0.710000000000
  20  32.502194347806   3.870261625145   0.710000000000
  21  29.535391868104   6.659475159544   0.710000000000
  22  16.183965578481   0.789383015068   0.710000000000
  23  23.570356901162   6.427852685203   0.951000000000
  24  35.022467108142   5.930771314965   0.951000000000
  25  34.473862637849   0.955530813404   0.951000000000
  26  36.795092787360   9.048999878394   0.951000000000
  27  24.005607265623   0.951000121606   0.951000000000
  28  40.838986878394   9.048999878394   0.951000000000
  29  36.560994525645   7.098415091275   0.951000000000
  30  19.193927015802   9.048999878394   0.951000000000
  31  14.179828437218   4.049624905047   0.951000000000
  32   4.208140640249   0.963058528831   0.951000000000
  33  10.656341436960   5.762532330468   0.951000000000
  34  13.049881288559   6.033650604227   1.331000000000
  35  18.566941614071   4.146944633599   1.331000000000
  36  27.234399296908   3.806577670294   1.331000000000
  37  16.943788065680   8.668999829803   1.331000000000
  38  16.184989846413   2.958436497823   1.331000000000
  39  26.255746215745   1.331000170197   1.331000000000
  40  32.740523485825   5.914689139875   1.331000000000
  41  25.856200757091   6.084035594627   1.331000000000
  42   9.634213329016   1.331000170197   1.331000000000
  43  18.834817306419   6.795432584432   1.331000000000
  44  24.769574523467   8.594999820340   1.405000000000
  45  18.437218413816   1.405000179660   1.405000000000
  46   4.852940020764   8.594999820340   1.405000000000
  47  37.069471338493   4.764361824054   1.405000000000
  48  34.577985395989   3.464900467308   1.405000000000
  49   6.042880851472   5.987932245440   1.405000000000
  50  14.202760529489   8.553777792641   1.405000000000
  51  28.990729620778   1.405590307705   1.405000000000
  52  13.932761279010   1.405000179659   1.405000000000
  53   4.240234177117   3.336248979526   1.405000000000
  54  38.817039832877   7.839674626575   1.405000000000
  55  15.985400764129   5.890651941351   1.608000000000
  56  34.321869472668   8.391999794383   1.608000000000
  57   7.859094093852   8.391999794382   1.608000000000
  58  21.353378794816   5.081552062845   1.608000000000
  59  31.996923485935   1.608000205617   1.608000000000
  60   8.581336439311   4.222264326671   1.608000000000
  61  40.181986794382   1.608000205618   1.608000000000
  62   6.708295662810   1.608000205618   1.608000000000
  63  36.950767042035   1.608000205618   1.608000000000
  64  31.105869061433   8.391999794383   1.608000000000
  65  11.696850118437   3.424622075882   1.608000000000
  66   1.665000212906   1.665000212906   1.665000000000
  67  24.248924670598   3.555660251182   1.665000000000
  68  30.178556232526   4.361517517492   1.665000000000
  69  40.124986787094   5.062233866575   1.665000000000
  70   1.793969214584   8.334999787094   1.665000000000
  71  21.710603717286   8.334999787094   1.665000000000
  72  11.131598141034   8.334999787094   1.665000000000
  73  21.494487158212   1.684303303330   1.665000000000
  74  27.833365014250   8.334999787094   1.665000000000
  75   1.665000212906   5.007497746145   1.665000000000
