   1  30.848596396748   5.070652421724   1.284000000000
   2  16.951621866402   1.284000016313   1.284000000000
   3   4.870779263561   4.979468468977   1.338000000000
   4  22.764308118161   8.661999983001   1.338000000000
   5   9.188055315048   4.941870632156   1.637000000000
   6  14.032610438943   1.637000087114   1.637000000000
   7  26.946945740004   5.235400684237   1.653000000000
   8  25.734654436470   8.311109720068   1.653000000000
   9  23.448369053322   5.722944980539   1.653000000000
  10  10.621482124159   1.777000188041   1.777000000000
  11  12.600976748971   4.856059315739   1.777000000000
  12  10.826310855166   8.088999975722   1.911000000000
  13  16.261102987266   4.403488586084   1.911000000000
  14  29.372545653091   8.001999974616   1.998000000000
  15  14.734342634472   8.001999974616   1.998000000000
  16   6.755925322733   2.102000026705   2.102000000000
  17  24.877688463189   2.102000026705   2.102000000000
  18   6.790302379717   7.868999972927   2.131000000000
  19  29.110589177271   2.131000027074   2.131000000000
  20   2.330141985090   7.625103888125   2.330000000000
  21   2.330000029602   2.333969418487   2.330000000000
  22  33.756107082111   7.556658072759   2.408000000000
  23  19.174375482656   7.591999969407   2.408000000000
  24  33.690432968569   2.611683276350   2.474000000000
  25  20.364447793134   2.857271624355   2.474000000000
