   1  84.281710152478   8.739999596348   1.260000000000
   2  89.742483616909   5.052156828898   1.266000000000
   3 135.065679593465   5.008245405083   1.269000000000
   4  14.881566181643   1.270000406855   1.270000000000
   5 127.353825633197   5.683602012711   1.293000000000
   6  78.716203493294   8.700999583854   1.299000000000
   7  51.806545979609   3.930341962187   1.304000000000
   8  45.183100588582   3.905239068414   1.318000000000
   9 110.979017877081   5.055986851937   1.321000000000
  10  11.814053306891   5.796463700835   1.376000000000
  11  48.399270654113   8.610999555022   1.389000000000
  12 124.509032210010   1.398000447861   1.398000000000
  13  32.775972474036   1.404000449783   1.404000000000
  14  79.072737695464   1.425000456511   1.425000000000
  15  98.146546780276   5.021786893096   1.430000000000
  16  32.866800457580   8.561999539325   1.438000000000
  17  95.176155139215   5.021197266587   1.443000000000
  18 104.021371294019   5.010271175163   1.450000000000
  19  71.815654000926   1.454000465801   1.454000000000
  20  71.887283879613   8.541999532917   1.458000000000
  21 117.405331328435   8.538999531956   1.461000000000
  22 117.284773541680   1.463000468684   1.463000000000
  23  25.489308912054   1.473000471888   1.473000000000
  24  25.414493576149   8.501999520103   1.498000000000
  25   5.590345925587   5.036823151609   1.500000000000
  26  38.875398361444   4.770122859358   1.505000000000
  27  65.200937297539   4.946127016278   1.515000000000
  28 130.148937720789   5.333113065384   1.524000000000
  29  18.824400348647   4.771831459311   1.534000000000
  30  81.521989795823   8.255074258322   1.542000000000
  31  43.559371975024   1.546000495274   1.546000000000
  32  53.404224464986   1.557000498798   1.557000000000
  33  46.914286853205   1.578099240241   1.570000000000
  34  50.108858185765   1.587643891964   1.586000000000
  35 107.217892676666   5.017690305436   1.605000000000
  36  10.218163486510   8.357999473971   1.642000000000
  37  42.282984660006   4.536394552354   1.650000000000
  38   8.809445692476   5.339866379206   1.662000000000
  39 128.972593180759   8.316791191422   1.683000000000
  40  56.653296142204   1.695000543008   1.695000000000
  41  17.819409868768   1.699000544289   1.699000000000
  42  54.768637200655   4.544057255431   1.721000000000
  43  13.706567042148   8.270170483348   1.723000000000
  44  60.111762273846   1.733000555181   1.733000000000
  45  61.872479257845   4.997205280437   1.739000000000
  46  40.241612632831   1.780000570238   1.780000000000
  47  58.309632540418   4.805488236722   1.829000000000
  48 125.461160313197   8.168999413424   1.831000000000
  49   6.746522992146   8.164999412142   1.835000000000
  50 124.402883532156   4.637127934026   1.838000000000
  51  60.045696935907   8.131349420413   1.863000000000
  52  63.725610135571   1.884000603555   1.884000000000
  53  84.152193563966   5.579651377655   1.903000000000
  54  63.822804491820   8.085999386834   1.914000000000
  55 105.425762401562   8.076999383951   1.923000000000
  56 105.422150259853   1.932000618933   1.932000000000
  57  96.675602199883   8.057338982039   1.942000000000
  58  17.483249689150   8.042999373058   1.957000000000
  59  96.677514011010   1.962000628543   1.962000000000
  60   7.319072604900   1.997000639756   1.997000000000
  61  56.178756838570   7.993999357361   2.006000000000
  62 109.366594540899   7.980999353196   2.019000000000
  63  82.471841607200   2.027000649367   2.027000000000
  64  25.436335540103   4.974821727952   2.028000000000
  65  71.746719776758   4.954322868953   2.047000000000
  66 109.412098906140   2.060000659939   2.060000000000
  67 117.435681565458   4.993778112544   2.071000000000
  68  40.646666889568   7.904999328849   2.095000000000
  69  15.148740340207   4.672528060297   2.143000000000
  70  36.330887661809   2.148000688130   2.148000000000
  71  33.061508647759   4.962564381958   2.166000000000
  72  48.498147942668   4.980271078090   2.167000000000
  73  36.383453238778   7.750801313391   2.171000000000
  74  87.615357872382   7.794999293609   2.205000000000
  75 132.967380613457   7.786999291047   2.213000000000
  76  11.526378077716   2.216000709914   2.216000000000
  77  44.947611604728   7.556988572126   2.220000000000
  78 128.039552849557   2.229000714079   2.229000000000
  79  51.932589207389   7.752999280154   2.247000000000
  80  79.416113186656   5.091959818578   2.258000000000
  81  75.418706660421   7.271538526942   2.295000000000
  82 113.726272065151   2.683541459138   2.299000000000
  83 120.938937417484   2.369819332118   2.302000000000
  84  21.793681123614   2.318000742591   2.318000000000
  85 132.615007079824   2.348000752202   2.348000000000
  86  21.738700105013   7.346940703685   2.355000000000
  87 113.722541715790   7.513134514866   2.362000000000
  88  75.463951110445   2.579638747173   2.364000000000
  89  68.104549472064   2.368000758609   2.368000000000
  90  92.347457387877   7.613751142442   2.377000000000
  91  29.179739360218   2.590796801244   2.383000000000
  92  92.320413580268   2.419000774947   2.419000000000
  93  68.128944745076   7.577999224092   2.422000000000
  94  29.180990313277   7.412158623575   2.423000000000
  95  87.132886897738   2.432000779112   2.432000000000
  96 101.074115911965   7.557849792544   2.435000000000
  97 101.066683842652   2.457065966989   2.455000000000
  98 121.206170348445   7.527999208074   2.472000000000
  99   2.480000794489   7.519999205511   2.480000000000
 100   2.499380319838   2.499734455482   2.497000000000
