   1  12.109988547617   6.200902743503   0.527000000000
   2   3.515819047510   4.723469791452   0.564000000000
   3   2.811625632470   2.331196193278   0.592000000000
   4   5.211855092107   0.759895773437   0.747000000000
   5  13.795797955187   8.739964311194   0.760000000000
   6   9.625781871742   0.822178108684   0.807000000000
   7   0.845000023448   6.218235863866   0.845000000000
   8   3.291420690920   8.646999976330   0.853000000000
   9   4.883564653962   5.425837517641   0.855000000000
  10  13.427372045275   0.868320706334   0.868000000000
  11  16.152048907134   3.638590454613   0.887000000000
  12   3.520619265379   0.955096157970   0.955000000000
  13  13.857565377097   6.905628868179   1.044000000000
  14  11.492486570707   1.136901442101   1.085000000000
  15  15.858508514133   5.758086583619   1.180000000000
  16   1.237000034326   8.262999965674   1.237000000000
  17   1.274000035352   1.274000035353   1.274000000000
  18  15.764662964620   8.224999964620   1.275000000000
  19   3.041000342924   6.506324913635   1.281000000000
  20  10.369591061730   5.671677118357   1.292000000000
  21   9.908052495708   3.025488463874   1.374000000000
  22  11.726993322167   8.100999961179   1.399000000000
  23  15.635662961040   1.404000038960   1.404000000000
  24   1.594903452163   4.013267349660   1.484000000000
  25   4.754061406980   3.083414580922   1.491000000000
  26   8.836521308174   8.006999958570   1.493000000000
  27   7.381887542335   1.551000043039   1.551000000000
  28   5.678477522299   7.829999953659   1.670000000000
  29   7.424088720343   4.901839577206   1.739000000000
  30  13.224457339713   3.877096097301   2.050000000000
