   1  37.267317009541  11.531184798776   0.527000000000
   2   5.698267788908   6.737258393624   0.533000000000
   3   3.125097188824   4.644495291429   0.542000000000
   4  28.690775836864   9.078846547721   0.542500000000
   5  34.798498061759   0.554000107132   0.554000000000
   6  10.874174330570   7.783211614283   0.564000000000
   7  39.668199890548   1.872525408054   0.566000000000
   8   8.470842011520  11.721276306627   0.566300000000
   9  19.473685785059   7.410523798403   0.575000000000
  10  26.116788883134   0.592000114480   0.592000000000
  11  35.963054854929   0.612000118348   0.612000000000
  12   8.559700689168  19.379999880105   0.620000000000
  13  16.441770086917   4.857102083967   0.627000000000
  14  28.678494244870  16.105784783811   0.634300000000
  15  32.092048370585  11.986156546661   0.639000000000
  16  15.270165455853   4.374782470714   0.640000000000
  17   9.824453874046  19.354999875271   0.645000000000
  18  27.356479406765   0.649000125503   0.649000000000
  19  32.846329130147  17.056825117251   0.650000000000
  20  39.575629871896   0.654709587698   0.654700000000
  21  39.577799873066   6.920903341065   0.656400000000
  22   0.659800127591  19.340199872409   0.659800000000
  23   0.666000128790  18.014414113017   0.666000000000
  24  39.557729849812   9.961204261249   0.673000000000
  25   9.620474377506   7.923970790452   0.680000000000
  26  12.851530760991  12.257967961640   0.682000000000
  27  31.555768115605   0.692000133818   0.692000000000
  28  15.980221123245  19.265999858060   0.734000000000
  29   8.471330590668   8.819398779976   0.738000000000
  30  37.295952391804  12.799261766910   0.741400000000
  31   0.748039698055   9.086569690213   0.747000000000
  32   8.311810995895   7.334944886794   0.755000000000
  33   0.760000146968   2.605099465414   0.760000000000
  34   7.746258639840   0.765200147973   0.765200000000
  35  31.791834883093   2.178089891805   0.782200000000
  36   2.958871697772   5.973641645322   0.797500000000
  37  17.515289366474  19.197399844794   0.802600000000
  38  12.125190096794   0.807000156057   0.807000000000
  39   6.138036951049   0.845000163405   0.845000000000
  40  39.384199835628  19.149999835628   0.850000000000
  41  14.411255610044   3.153584804948   0.853000000000
  42  34.828308506459   4.333156540356   0.855000000000
  43  22.556667545929  19.136999833114   0.863000000000
  44  39.366199832147   8.430546239710   0.868000000000
  45   0.868000167853   0.868000167853   0.868000000000
  46   3.922120510905  17.170371683910   0.872300000000
  47   5.203606733705  13.313756876793   0.884200000000
  48  11.591690056581  13.287816792690   0.887000000000
  49   0.899531983782  13.423948629253   0.891000000000
  50  26.455798221791  19.089078487899   0.897000000000
  51  35.514662431333   5.959458093077   0.899000000000
  52  36.343770704185  14.247496532750   0.934000000000
  53   2.439464496703   9.007424154300   0.945000000000
  54  23.108246722459  17.415190994632   0.945000000000
  55  28.584532673727  14.528881401139   0.945400000000
  56  32.365403002552  13.548422278869   0.947000000000
  57  26.384016789991  10.772021608103   0.955000000000
  58  20.680698072535   6.411899918750   0.961000000000
  59  39.265199812616   3.353679298935   0.969000000000
  60  11.184832358811  15.116607789630   0.974000000000
  61  24.602300183779   1.001982957573   0.977000000000
  62  39.230445911005   5.311971312392   0.989600000000
  63  11.892635872824  16.957205434301   0.998000000000
  64  27.150033549304   8.971169363838   1.002000000000
  65  20.252489316954   1.007058464212   1.003200000000
  66  25.655493305903   4.660955169158   1.016000000000
  67   6.965335303462  18.974999801787   1.025000000000
  68  30.464252195923   6.208737265968   1.036000000000
  69  11.465151243514  18.953958424631   1.044000000000
  70  33.201097535203   3.345827924440   1.048000000000
  71  24.467753303319  18.944726503301   1.052500000000
  72  33.267975166457   1.072610439613   1.062000000000
  73   7.542624824582  10.370646943326   1.070000000000
  74   6.959528582368  12.437989333153   1.078000000000
  75   4.811084727608  18.914999790184   1.085000000000
  76   7.109433515507   5.935546905093   1.090000000000
  77  28.448496180377  10.713792866283   1.110300000000
  78  17.587630462585  15.229535405240   1.120000000000
  79  28.670753461487   7.412466510457   1.124000000000
  80   4.461665002445  15.214482064078   1.156200000000
  81  14.095218830870   1.162646688434   1.162000000000
  82  17.185021206309  12.978252035771   1.167000000000
  83  37.382899870845  18.821999772200   1.178000000000
  84  18.347645895392  10.939449700391   1.180000000000
  85  22.452658201771   1.180000228187   1.180000000000
  86  39.046199770266  17.139325825876   1.188000000000
  87   6.005441381136  16.979905429661   1.189000000000
  88  12.385883605695   2.800023100469   1.203000000000
  89   6.767485081305  14.711693919813   1.203800000000
  90  22.594622371255  15.322045765280   1.210000000000
  91  31.034233219505   4.028614527075   1.217400000000
  92  35.213545423078   2.289142305733   1.225000000000
  93  39.005199762338  11.782781162251   1.229000000000
  94   6.560067786950   8.283344203851   1.237000000000
  95   3.052663845316  13.276932981097   1.239500000000
  96  13.510224597728   5.047140670397   1.244000000000
  97   4.156504528681   7.636809549319   1.252000000000
  98  16.532897217789  17.356367782753   1.254000000000
  99   2.477105629466  18.733823939206   1.256000000000
 100  27.172445216822  12.838740386299   1.257000000000
 101   1.262000244044   7.140761673413   1.262000000000
 102  36.700608194166  16.418254954265   1.264000000000
 103  31.795411465285  18.729899754390   1.270100000000
 104  26.314476291746   6.854090699071   1.274000000000
 105   4.876983719227   5.126557384390   1.275000000000
 106  23.921207358592   3.154813312103   1.281000000000
 107   1.292000249845   4.586937379841   1.292000000000
 108  26.412416847845   2.464811235977   1.304000000000
 109  17.893879429216   8.437007724638   1.309000000000
 110  37.590505249726   6.945363445191   1.325000000000
 111  37.479740920462   9.642090179723   1.374000000000
 112  37.734315292851   1.553633814314   1.394000000000
 113  37.081405910408   4.269359571406   1.399000000000
 114  12.834307924722   7.607422561725   1.404000000000
 115  24.723856911679   9.065260824914   1.426000000000
 116   1.430000276531  11.157216974492   1.430000000000
 117  30.110357973901  12.671950883487   1.458000000000
 118  18.359407094379   5.698982416298   1.467300000000
 119  34.965276138060   8.283549044105   1.484000000000
 120  38.750199713026  14.483771132897   1.484000000000
 121   9.227769022124  13.629439529852   1.484000000000
 122  15.616681805769   6.807782750625   1.491000000000
 123  13.936611028915  18.381020366497   1.493000000000
 124  34.117669742545  15.292081544696   1.525000000000
 125   9.905616925516   1.603028477021   1.551000000000
 126  33.037220767162   5.939656757915   1.551000000000
 127  34.641746008053  18.404269818696   1.594800000000
 128  28.284668302344   4.702328617615   1.613500000000
 129  28.912437720253  18.363999683633   1.636000000000
 130  29.422395289365   1.648049995494   1.645800000000
 131  30.946043227547  15.738508236845   1.662800000000
 132   7.083128211626   3.175671730895   1.670000000000
 133   1.693400327467  15.890450990750   1.693400000000
 134  23.372620685675   6.203200459413   1.739000000000
 135  20.924050013161   3.696984018285   1.764800000000
 136   4.648982722212  10.668065044394   1.819000000000
 137   9.044164309649  16.958180440176   1.849800000000
 138  20.204398504242  13.368198402083   1.877000000000
 139  23.955449740397  12.430456157226   1.985800000000
 140  34.737319893625  11.774815630158   2.014700000000
 141   3.521055837442   2.082916999243   2.050000000000
 142  10.202579875563   5.237199206718   2.069100000000
 143  10.786295719972  10.425050924705   2.079300000000
 144  21.230161597452   9.407322189775   2.084400000000
 145  25.897021419015  16.079130112731   2.147300000000
 146  31.390674978622   9.272014086439   2.164300000000
 147  15.036596275760  10.423546841988   2.171000000000
 148  17.283192367296   2.179600421488   2.179600000000
 149  19.979964374150  17.509400482251   2.184700000000
 150  14.320462676686  14.721696998930   2.186400000000
