   1   4.248069146883   0.513424981941   0.509000000000
   2  13.777619689479   2.329147053058   0.549000000000
   3  12.162021019083   8.423999674207   0.576000000000
   4   9.185745561805   8.412999667985   0.587000000000
   5   4.441753783527   3.662363067319   0.589000000000
   6  13.700788929100   3.498277044590   0.595000000000
   7  11.919952210321   0.627000354639   0.627000000000
   8  13.522619545248   8.193405214377   0.804000000000
   9   5.851721900364   8.166999528845   0.833000000000
  10   8.516196099135   0.837000473418   0.837000000000
  11  13.422619488686   0.920180678125   0.904000000000
  12   3.591173075912   4.945720523057   0.948000000000
  13  10.680956735403   8.040136110303   0.954000000000
  14   7.666692625948   7.985723416701   0.991000000000
  15  10.341946582072   1.010767498468   0.997000000000
  16   1.044000590500   7.955999409500   1.044000000000
  17  11.994447255624   2.525960954793   1.245000000000
  18   9.231416574472   6.349465257596   1.273000000000
  19   1.362000770364   5.567069814820   1.362000000000
  20   3.584021044748   7.444545906007   1.547000000000
  21   9.227562102765   3.422065998795   1.647000000000
  22   6.293788522937   5.510789522524   1.782000000000
  23   6.099606668168   1.922037090392   1.812000000000
  24  12.381618899883   5.692380009395   1.945000000000
  25   2.147001214371   2.147001214370   2.147000000000
