instance 19
description of notations:
i: ID of item
d: demand of item
wi: width of item
li: length of item
Sl: the maximal cutting length of the double side split shear
W: width of bin
L: length of bin

instance features(i d wi li Sl W L):
1 19 8 83 104 35 144
2 19 10 56 104 35 144
3 19 10 104 104 35 144
4 19 11 25 104 35 144
5 19 13 17 104 35 144
6 19 14 34 104 35 144
7 19 14 70 104 35 144
8 19 15 24 104 35 144
9 19 15 78 104 35 144
10 19 17 19 104 35 144
11 19 19 31 104 35 144
12 19 19 62 104 35 144
13 19 24 46 104 35 144
14 19 24 69 104 35 144
15 19 26 89 104 35 144
16 19 27 66 104 35 144
17 19 29 67 104 35 144
18 19 29 101 104 35 144
19 19 30 40 104 35 144
20 19 30 51 104 35 144
21 19 31 71 104 35 144
22 19 32 42 104 35 144
23 19 32 50 104 35 144
24 19 32 56 104 35 144
25 19 32 80 104 35 144
26 19 33 85 104 35 144
27 19 33 86 104 35 144
28 19 35 63 104 35 144
29 19 35 100 104 35 144
