instance 12
description of notations:
i: ID of item
d: demand of item
wi: width of item
li: length of item
Sl: the maximal cutting length of the double side split shear
W: width of bin
L: length of bin

instance features(i d wi li Sl W L):
1 22 5 22 87 27 105
2 22 5 81 87 27 105
3 22 6 12 87 27 105
4 22 6 13 87 27 105
5 22 9 74 87 27 105
6 22 9 79 87 27 105
7 22 10 38 87 27 105
8 22 10 41 87 27 105
9 22 11 17 87 27 105
10 22 13 49 87 27 105
11 22 13 77 87 27 105
12 22 14 38 87 27 105
13 22 16 13 87 27 105
14 22 17 12 87 27 105
15 22 17 64 87 27 105
16 22 18 40 87 27 105
17 22 19 33 87 27 105
18 22 20 52 87 27 105
19 22 20 80 87 27 105
20 22 21 24 87 27 105
21 22 22 39 87 27 105
22 22 22 49 87 27 105
23 22 23 81 87 27 105
24 22 24 12 87 27 105
25 22 24 27 87 27 105
26 22 24 58 87 27 105
27 22 25 68 87 27 105
