instance 9
description of notations:
i: ID of item
d: demand of item
wi: width of item
li: length of item
Sl: the maximal cutting length of the double side split shear
W: width of bin
L: length of bin

instance features(i d wi li Sl W L):
1 1 5 65 87 27 105
2 1 5 76 87 27 105
3 1 6 26 87 27 105
4 1 6 55 87 27 105
5 1 6 60 87 27 105
6 1 7 29 87 27 105
7 1 7 44 87 27 105
8 1 8 22 87 27 105
9 1 8 33 87 27 105
10 1 8 36 87 27 105
11 1 9 18 87 27 105
12 1 10 67 87 27 105
13 1 10 79 87 27 105
14 1 11 31 87 27 105
15 1 11 75 87 27 105
16 1 12 14 87 27 105
17 1 12 80 87 27 105
18 1 13 66 87 27 105
19 1 13 73 87 27 105
20 1 14 35 87 27 105
21 1 14 59 87 27 105
22 1 15 32 87 27 105
23 1 15 67 87 27 105
24 1 16 41 87 27 105
25 1 16 67 87 27 105
26 1 17 45 87 27 105
27 1 17 57 87 27 105
28 1 17 66 87 27 105
29 1 18 75 87 27 105
30 1 19 67 87 27 105
31 1 19 81 87 27 105
32 1 20 40 87 27 105
33 1 21 45 87 27 105
34 1 21 62 87 27 105
35 1 21 78 87 27 105
36 1 21 79 87 27 105
37 1 22 59 87 27 105
38 1 24 11 87 27 105
39 1 26 12 87 27 105
40 1 26 37 87 27 105
