73
3580 2820       
583 793 8 0 120558
753 573 3 0 157501
385 797 6 0 57025
353 393 7 0 59760
1070 747 7 0 399171
487 668 9 0 116026
196 265 3 0 22090
541 345 3 0 104274
900 304 5 0 166668
249 586 5 0 65725
973 155 7 0 24855
983 694 5 0 277945
284 217 4 0 29048
650 545 9 0 108912
292 499 4 0 37358
427 353 6 0 24928
333 732 5 0 131107
465 741 6 0 93500
395 363 8 0 45971
451 700 6 0 83972
507 238 9 0 44988
842 215 7 0 55444
626 629 10 0 96742
507 484 8 0 111180
595 758 10 0 121490
346 539 8 0 38967
295 780 9 0 83587
184 279 10 0 16217
779 323 6 0 115016
259 250 3 0 35519
365 189 7 0 30471
517 470 4 0 90364
926 520 9 0 80046
554 836 7 0 248732
858 675 6 0 224312
269 360 3 0 50882
689 778 4 0 302139
585 344 9 0 57043
256 394 4 0 29670
487 732 5 0 171421
696 659 3 0 149812
1022 357 8 0 231677
986 498 4 0 114534
730 528 5 0 168642
1019 733 10 0 276426
482 275 7 0 73977
392 522 10 0 86254
279 545 4 0 98123
782 749 7 0 288489
414 421 10 0 45841
819 422 4 0 55751
232 594 5 0 89369
480 494 7 0 108306
915 618 10 0 296378
329 721 9 0 45329
1034 185 8 0 56715
1021 629 7 0 173758
1063 223 7 0 94872
336 369 10 0 41881
264 487 4 0 44860
1054 450 8 0 87053
752 370 10 0 85386
653 680 5 0 271592
462 685 4 0 80357
919 418 5 0 63401
602 322 5 0 125008
314 146 8 0 29059
488 588 6 0 122574
474 784 10 0 141005
530 650 8 0 150566
639 503 5 0 173029
776 511 9 0 241944
906 619 7 0 237688