85
2195 3634      
577 941 8 0 97749
603 668 8 0 189079
629 318 4 0 60812
622 979 5 0 291638
651 497 8 0 99419
161 526 5 0 29207
413 440 6 0 30644
438 282 3 0 77038
343 965 5 0 172554
578 944 4 0 89938
633 1052 5 0 400197
482 823 7 0 125052
310 981 10 0 147809
323 563 9 0 116024
429 335 5 0 89588
219 776 3 0 49354
267 1066 7 0 93616
172 437 9 0 46419
185 446 6 0 18120
506 879 8 0 97067
652 550 6 0 154879
467 206 6 0 52046
221 950 5 0 121234
466 1078 5 0 143084
296 501 7 0 35403
494 774 9 0 122507
257 888 3 0 109626
249 335 6 0 27548
535 765 6 0 166667
476 1038 7 0 98036
362 541 3 0 59183
458 1009 6 0 82096
153 575 9 0 33801
369 269 4 0 33330
514 742 6 0 117145
240 568 6 0 74355
354 816 5 0 66890
351 963 6 0 218285
582 806 3 0 97901
153 184 8 0 5153
337 1059 8 0 100372
478 1050 7 0 321984
600 213 5 0 24338
312 268 9 0 51929
465 354 8 0 73692
554 252 4 0 43486
402 536 5 0 73663
471 682 4 0 56541
171 344 9 0 16197
441 403 7 0 51359
126 971 3 0 25997
198 207 6 0 24640
500 613 5 0 168577
210 895 7 0 62258
117 295 6 0 15085
359 294 8 0 55170
579 264 4 0 84289
349 858 5 0 111911
641 432 10 0 175932
188 406 8 0 42232
131 202 5 0 7297
335 1069 8 0 62701
471 841 10 0 213626
504 874 3 0 98130
626 1025 8 0 132230
181 846 4 0 48821
269 690 3 0 102302
218 590 7 0 79346
158 994 10 0 72001
527 1075 4 0 332435
480 768 7 0 68166
531 902 4 0 174647
435 799 3 0 132919
375 471 10 0 83103
211 301 9 0 37799
120 311 7 0 13617
121 511 9 0 27437
132 756 6 0 33508
541 601 7 0 209908
111 431 9 0 18797
607 884 7 0 250691
280 575 10 0 81515
612 718 9 0 97085
489 534 6 0 124658
629 769 9 0 274829