83
2670 1292       
702 334 5 0 42211
734 237 3 0 81657
766 113 10 0 26316
757 348 5 0 126167
793 176 9 0 42886
196 187 7 0 12641
502 156 3 0 13206
533 100 8 0 33244
417 343 5 0 74565
703 335 8 0 38819
770 374 3 0 173068
587 292 4 0 54034
377 348 8 0 63766
393 200 9 0 50148
522 119 6 0 38723
266 276 8 0 21321
325 379 6 0 40514
209 155 8 0 20006
225 158 10 0 7807
616 312 7 0 41944
793 195 3 0 66787
569 73 3 0 22472
269 337 10 0 52347
567 383 10 0 61854
360 178 10 0 15298
602 275 4 0 53042
313 315 3 0 47361
303 119 9 0 11908
651 272 3 0 72108
579 369 7 0 42392
441 192 8 0 25588
557 358 8 0 35424
186 204 5 0 14579
449 95 8 0 14323
626 263 4 0 50569
292 202 3 0 32172
431 290 4 0 28943
428 342 7 0 94528
708 286 4 0 42260
186 65 9 0 2213
410 376 7 0 43357
582 373 5 0 139267
730 75 7 0 10426
380 95 10 0 22419
565 125 6 0 31617
673 89 5 0 18657
489 190 7 0 31763
572 242 4 0 24365
209 122 9 0 7021
536 143 8 0 22150
153 345 7 0 11216
241 73 7 0 10577
609 218 10 0 73020
256 318 4 0 26966
143 104 10 0 6500
436 104 3 0 23702
705 94 9 0 36543
425 305 9 0 48445
779 153 8 0 75724
229 144 7 0 18246
159 71 7 0 3113
407 380 5 0 27079
573 299 6 0 92398
613 310 7 0 42333
762 364 7 0 57159
221 300 7 0 21138
327 245 4 0 44157
266 210 8 0 34460
192 353 10 0 31072
641 382 5 0 143684
584 273 10 0 29481
645 320 3 0 75261
529 284 7 0 57455
456 167 5 0 35830
257 107 3 0 16366
147 110 8 0 5900
147 181 8 0 11807
161 268 6 0 14488
658 213 6 0 90482
136 153 6 0 8175
738 314 8 0 108264
340 204 7 0 35117
745 255 5 0 41973