59
2850 3913       
750 1014 5 0 136913
784 719 5 0 264603
817 343 3 0 85198
808 1054 9 0 407871
846 535 7 0 139077
209 566 4 0 40799
536 474 7 0 42843
569 304 8 0 107887
445 1039 4 0 241034
750 1017 3 0 125726
822 1133 3 0 559701
626 887 8 0 175042
402 1056 9 0 206330
419 607 5 0 162270
557 361 6 0 125346
284 835 4 0 68869
347 1148 4 0 131025
223 471 9 0 64866
240 481 10 0 25352
657 947 7 0 135784
847 593 3 0 216931
607 222 10 0 72902
287 1023 4 0 169538
605 1161 4 0 200067
384 539 8 0 49412
642 834 8 0 171551
334 956 9 0 153382
323 360 7 0 38402
695 824 10 0 233210
618 1118 4 0 137091
470 583 7 0 82805
595 1087 5 0 114898
198 619 6 0 47090
479 290 10 0 46643
668 799 6 0 163938
311 612 8 0 103815
460 879 5 0 93629
457 1037 3 0 306045
756 868 3 0 136952
198 198 6 0 7176
438 1140 4 0 140431
621 1131 6 0 450580
780 229 10 0 34016
406 289 3 0 72869
603 381 9 0 102851
719 271 5 0 60693
522 578 5 0 103148
611 734 7 0 78939
223 371 5 0 22780
572 434 3 0 71739
164 1045 6 0 36416
258 223 8 0 34589
650 660 6 0 235953
273 964 9 0 87176
152 317 9 0 21059
466 317 4 0 77215
752 284 8 0 117767
454 924 8 0 156779
832 465 9 0 245799