58
4183 2956       
1100 766 10 0 151693
1150 543 4 0 293121
1200 259 10 0 94492
1185 796 10 0 451754
1242 404 3 0 154182
307 427 7 0 45211
787 358 6 0 47511
835 229 6 0 119262
653 785 9 0 267231
1101 768 5 0 139377
1207 856 6 0 620919
920 670 4 0 194315
591 798 3 0 229225
615 458 4 0 179712
818 273 3 0 139208
417 631 9 0 76416
509 867 10 0 145151
328 355 4 0 71910
353 363 5 0 28141
965 715 8 0 150580
1243 448 3 0 240509
891 167 4 0 80500
421 772 4 0 187676
888 877 8 0 221819
564 407 3 0 54801
943 630 7 0 190346
491 722 9 0 170290
474 272 7 0 42579
1021 622 7 0 258613
908 844 6 0 152058
691 440 5 0 91880
874 821 6 0 127473
291 468 4 0 52325
704 219 10 0 51769
980 603 8 0 181510
457 462 8 0 115162
675 664 9 0 103786
670 783 9 0 338787
1109 656 3 0 151832
291 150 5 0 7990
643 861 9 0 155704
912 854 3 0 499655
1145 173 4 0 37723
596 218 3 0 80690
886 288 7 0 114233
1055 205 3 0 67367
766 436 9 0 114176
897 555 8 0 87627
327 280 6 0 25210
840 328 9 0 79620
240 790 10 0 40287
378 168 5 0 38178
954 499 6 0 261828
401 728 6 0 96701
224 240 5 0 23496
684 239 10 0 85450
1104 215 9 0 130886
666 698 5 0 173736