88
2685 3407       
706 883 4 0 112230
738 626 8 0 216860
770 298 4 0 69762
761 918 5 0 334578
797 466 4 0 114123
197 493 3 0 33496
505 413 7 0 35171
536 264 6 0 88257
419 904 5 0 197463
707 885 9 0 103135
774 986 10 0 458640
590 772 5 0 143587
379 919 9 0 169288
395 528 6 0 133066
525 314 4 0 102763
267 727 3 0 56372
327 1000 3 0 107555
210 410 4 0 53173
226 418 10 0 20746
619 824 10 0 111314
798 516 9 0 177842
572 193 7 0 59725
270 890 5 0 138759
570 1010 7 0 163977
362 470 9 0 40618
605 726 5 0 140729
315 833 10 0 126045
304 314 6 0 31525
655 717 7 0 191247
583 973 10 0 112554
443 507 4 0 67873
561 946 7 0 94280
187 539 3 0 38726
452 252 4 0 38247
629 695 4 0 134274
293 533 7 0 85181
433 765 5 0 76703
430 903 3 0 250753
712 756 8 0 112339
187 172 8 0 5887
413 992 5 0 115225
585 984 4 0 369291
735 199 3 0 27854
382 251 3 0 59546
568 332 10 0 84421
677 236 5 0 49767
492 503 5 0 84605
576 639 9 0 64786
210 323 5 0 18676
539 378 5 0 58878
154 910 5 0 29778
243 194 8 0 28341
612 575 9 0 193547
257 839 5 0 71425
143 276 4 0 17250
439 276 5 0 63333
709 248 9 0 96958
428 804 10 0 128605
784 405 9 0 201732
230 380 3 0 48359
160 189 10 0 8339
410 1002 5 0 71929
576 789 10 0 245097
616 819 3 0 112389
766 961 9 0 151699
222 793 4 0 56128
329 647 10 0 117323
267 553 6 0 91086
193 932 8 0 82464
645 1007 7 0 381133
587 720 8 0 78152
649 846 6 0 200205
532 749 8 0 152386
459 441 6 0 95239
258 282 5 0 43301
147 291 5 0 15608
148 479 9 0 31458
162 708 6 0 38513
661 564 9 0 240679
136 404 3 0 21587
742 829 5 0 287380
342 539 4 0 93331
749 674 10 0 111536
599 500 5 0 142977
769 721 5 0 315027
696 200 4 0 39209
476 626 6 0 70045
174 219 3 0 7185