74
3295 2110       
867 546 10 0 85223
906 388 8 0 165010
945 185 4 0 53152
934 568 10 0 254077
978 288 8 0 86549
242 305 5 0 25456
620 255 10 0 26661
658 164 7 0 67306
515 560 5 0 150348
867 548 4 0 78314
950 611 6 0 348834
724 478 5 0 109097
465 569 6 0 128599
485 327 8 0 101187
644 194 4 0 77882
328 450 7 0 42865
401 619 7 0 81643
258 254 6 0 40471
278 259 4 0 15813
760 510 5 0 84590
979 319 9 0 134883
702 119 9 0 45194
332 551 5 0 105633
700 626 6 0 124813
444 291 4 0 30845
742 449 9 0 106744
387 516 7 0 95925
373 194 10 0 23898
804 444 8 0 145370
715 603 5 0 85547
544 314 4 0 51620
688 586 8 0 71623
229 334 6 0 29387
554 156 4 0 29020
772 430 5 0 101963
360 330 8 0 64799
532 474 6 0 58392
528 559 9 0 190606
874 468 4 0 85366
229 107 5 0 4485
507 614 5 0 87551
718 609 4 0 280517
901 123 8 0 21105
469 155 3 0 45146
698 205 4 0 64058
831 146 8 0 37792
604 311 3 0 64218
707 396 8 0 49280
258 200 10 0 14208
662 234 5 0 44766
189 564 9 0 22650
298 120 8 0 21498
752 356 5 0 147243
316 519 4 0 54326
176 171 3 0 13154
539 171 8 0 48177
870 153 10 0 73400
525 498 5 0 97712
962 251 9 0 153409
283 235 10 0 36797
196 117 5 0 6324
503 621 5 0 54690
707 488 7 0 186070
756 507 10 0 85386
940 595 4 0 115259
273 491 8 0 42737
404 400 5 0 89068
328 343 5 0 69404
237 577 10 0 62693
791 624 8 0 289633
721 445 8 0 59328
797 524 8 0 152282
653 464 7 0 115873
563 273 4 0 72316