54
1779 3878       
468 1005 3 0 84675
489 713 8 0 163662
510 340 3 0 52718
504 1045 10 0 252242
528 530 10 0 85988
130 561 10 0 25153
335 470 8 0 26551
355 301 7 0 66646
278 1030 9 0 149274
468 1008 3 0 77759
513 1123 9 0 346219
391 879 8 0 108345
251 1047 10 0 127730
261 601 6 0 100081
347 358 9 0 77439
177 828 10 0 42562
216 1138 3 0 80850
139 466 5 0 40003
150 476 7 0 15680
410 938 10 0 83931
528 587 10 0 133861
379 220 7 0 45109
179 1013 6 0 104706
378 1150 7 0 123816
239 535 3 0 30526
401 826 8 0 106125
208 948 5 0 94720
201 357 9 0 23698
434 817 6 0 144393
386 1108 3 0 84861
293 577 3 0 51090
371 1077 3 0 70983
124 614 8 0 29253
299 287 5 0 28814
417 791 9 0 101314
194 606 5 0 64125
287 871 6 0 57885
285 1028 10 0 189203
471 860 5 0 84537
124 196 3 0 4449
273 1130 6 0 86761
388 1120 4 0 278784
486 227 4 0 21009
253 286 7 0 44937
376 377 3 0 63459
449 269 8 0 37622
326 572 7 0 63749
381 728 7 0 48821
139 367 8 0 14046
357 430 6 0 44362
102 1036 8 0 22454
161 221 7 0 21391
406 654 10 0 146040
170 955 10 0 53778