92
2179 3161       
573 819 5 0 84486
599 581 9 0 163362
625 277 9 0 52635
617 852 6 0 251765
647 432 3 0 85885
160 457 9 0 25218
410 383 7 0 26480
435 245 4 0 66472
340 839 7 0 148711
573 821 5 0 77542
628 915 5 0 345331
479 716 3 0 108117
307 853 6 0 127280
320 490 9 0 100042
426 292 6 0 77543
217 675 3 0 42539
265 927 3 0 80800
171 380 5 0 40130
184 388 7 0 15679
502 765 5 0 83810
647 479 6 0 133851
464 179 5 0 44934
219 826 9 0 104456
462 937 6 0 123302
293 436 8 0 30498
491 673 6 0 105874
255 773 6 0 94687
247 291 6 0 23738
531 666 10 0 144014
473 903 5 0 84748
360 471 10 0 51240
455 878 8 0 70969
151 500 8 0 29008
366 234 4 0 28758
510 645 8 0 101039
238 494 10 0 64129
352 710 10 0 57872
349 838 8 0 188869
578 701 10 0 84562
151 160 3 0 4422
335 921 10 0 86774
475 913 3 0 278216
596 185 10 0 20998
310 233 10 0 44858
461 308 6 0 63565
550 219 10 0 37519
399 467 8 0 63702
467 593 10 0 48745
170 299 5 0 13996
437 351 5 0 44326
125 844 8 0 22417
197 180 6 0 21318
497 533 10 0 145697
209 778 7 0 53862
116 256 7 0 12979
356 256 3 0 47637
575 230 5 0 72926
347 746 5 0 96745
636 376 3 0 151932
187 353 5 0 36524
130 175 9 0 6274
332 930 4 0 54060
467 732 3 0 184360
500 760 3 0 84653
621 891 4 0 114025
180 735 7 0 42181
267 600 4 0 88297
217 513 8 0 68674
157 864 5 0 62188
523 935 7 0 286946
477 668 4 0 58920
527 785 10 0 150848
432 695 10 0 114820
372 409 6 0 71586
210 261 4 0 32621
120 270 4 0 11822
120 444 8 0 23643
131 657 10 0 28900
537 523 9 0 181315
111 375 10 0 16354
602 769 5 0 216282
277 500 9 0 70123
608 625 5 0 83957
486 464 8 0 107653
624 669 5 0 237190
564 185 10 0 29390
386 581 5 0 52718
141 203 4 0 5397
333 848 6 0 99021
511 482 9 0 38385
612 896 9 0 295271
326 306 7 0 22757