72
1506 3869       
396 1002 7 0 71435
414 711 3 0 138172
432 339 7 0 44524
426 1043 5 0 212797
447 529 8 0 72660
110 560 10 0 21245
283 469 10 0 22382
300 300 7 0 56134
235 1027 3 0 125818
396 1006 8 0 65665
434 1120 6 0 292120
331 877 9 0 91511
212 1044 10 0 107574
221 600 3 0 84602
294 357 10 0 65428
150 826 8 0 35983
183 1135 3 0 68317
118 465 5 0 33886
127 475 10 0 13248
347 936 8 0 70882
447 586 5 0 113133
320 219 6 0 37914
151 1011 9 0 88153
319 1148 8 0 104308
203 533 6 0 25831
339 824 8 0 89499
176 946 7 0 79978
170 356 8 0 19987
367 815 3 0 121803
327 1105 6 0 71695
248 576 7 0 43168
314 1074 6 0 59910
105 612 9 0 24690
253 287 3 0 24381
353 790 6 0 85656
164 605 6 0 54119
243 869 10 0 48898
241 1025 9 0 159526
399 858 7 0 71448
105 196 3 0 3767
231 1127 9 0 73218
328 1118 8 0 235252
412 226 8 0 17732
214 285 7 0 37877
319 377 8 0 53839
380 268 10 0 31722
276 571 10 0 53877
323 726 8 0 41276
117 367 7 0 11823
302 429 4 0 37440
86 1034 8 0 18895
136 220 5 0 17987
343 653 5 0 123190
144 953 7 0 45458
80 314 10 0 10979
246 313 10 0 40247
397 281 5 0 61515
240 913 3 0 81892
439 460 6 0 128300
129 432 7 0 30834
89 215 3 0 5277
230 1138 7 0 45827
323 896 8 0 156080
345 931 4 0 71553
429 1091 6 0 96452
124 900 3 0 35581
184 734 5 0 74438
150 628 7 0 58112
108 1058 8 0 52384
361 1144 8 0 242337
329 817 4 0 49703
364 961 8 0 127551