67
2774 4323       
730 1120 8 0 147193
763 795 3 0 284735
796 379 3 0 91720
786 1165 4 0 438550
823 591 10 0 149457
204 625 7 0 43974
522 524 8 0 46125
554 336 3 0 116100
433 1148 5 0 259139
730 1124 10 0 135248
800 1251 5 0 601453
610 979 5 0 188260
391 1167 7 0 221778
408 670 7 0 174410
542 399 10 0 134809
276 923 4 0 73983
337 1268 6 0 140551
217 520 7 0 69687
234 531 4 0 27288
640 1046 4 0 146098
824 655 9 0 233105
591 245 10 0 78335
279 1130 4 0 182050
589 1282 3 0 215075
374 596 5 0 53214
625 921 6 0 184430
325 1057 7 0 165017
314 398 7 0 41273
677 910 4 0 250879
602 1235 8 0 147518
458 644 6 0 89133
579 1201 10 0 123534
193 684 9 0 50721
467 320 7 0 50179
650 882 10 0 176092
303 676 9 0 111722
448 971 5 0 100731
444 1146 9 0 328593
735 959 6 0 147107
193 219 6 0 7736
426 1259 6 0 150841
605 1249 5 0 484770
759 253 4 0 36569
395 319 7 0 78254
587 421 6 0 110633
700 300 7 0 65413
508 638 9 0 110801
595 811 8 0 84936
217 410 10 0 24497
557 480 10 0 77262
159 1155 9 0 39022
251 246 8 0 37121
633 729 4 0 253804
266 1065 5 0 93840
148 351 7 0 22704
453 350 6 0 82875
732 314 9 0 126744
442 1020 6 0 168493
810 514 9 0 264516
238 483 4 0 63604
165 240 5 0 10920
423 1272 9 0 94206
595 1001 9 0 321210
636 1040 7 0 147350
791 1219 9 0 198706
230 1006 5 0 73771
340 820 8 0 153665