49    
2600 1300   
990 235 6 0 232650
220 113 6 0 24860
288 250 6 0 72000
1160 868 3 0 1006880
1000 868 3 0 868000
868 598 6 0 519064
1160 258 3 0 299280
1000 96 15 0 96000
1000 152 15 0 152000
185 160 3 0 29600
1183 521 3 0 616343
815 521 3 0 424615
1012 571 3 0 577852
455 180 3 0 81900
540 192 3 0 103680
555 210 3 0 116550
253 143 3 0 36179
442 420 3 0 185640
240 90 3 0 21600
330 182 3 0 60060
800 133 3 0 106400
800 403 6 0 322400
803 333 3 0 267399
778 116 3 0 90248
778 78 3 0 60684
1200 241 3 0 289200
1020 262 3 0 267240
1300 121 3 0 157300
1300 83 3 0 107900
800 120 3 0 96000
700 133 3 0 93100
1200 85 3 0 102000
480 480 6 0 230400
965 705 3 0 680325
800 390 3 0 312000
680 185 3 0 125800
840 410 3 0 344400
800 73 3 0 58400
800 40 3 0 32000
930 78 3 0 72540
930 50 3 0 46500
600 88 3 0 52800
1200 146 6 0 175200
822 465 3 0 382230
876 318 3 0 278568
755 147 3 0 110985
460 180 3 0 82800
270 117 3 0 31590
215 145 3 0 31175