1000	1000
1000
72 51
62 55
56 58
79 39
87 34
93 27
52 47
47 52
87 27
25 91
24 94
48 47
49 45
93 23
61 35
23 91
33 63
46 45
24 84
55 37
50 40
87 23
35 57
41 48
80 24
76 25
54 36
23 83
50 37
38 49
34 54
47 39
40 45
38 48
41 43
29 60
52 33
33 52
33 52
37 45
35 47
45 36
36 45
39 41
41 39
34 47
70 23
78 20
61 25
35 44
22 69
32 48
31 49
47 32
30 51
60 25
32 47
43 35
25 62
48 31
48 31
27 54
52 29
49 30
46 32
62 24
35 42
35 42
40 37
20 74
73 20
26 55
28 52
43 34
47 31
23 63
32 46
20 72
29 49
22 63
47 30
35 41
47 30
30 47
50 28
33 43
30 47
49 28
74 19
74 19
19 74
49 28
60 23
63 22
39 35
32 43
35 39
45 30
59 23
21 64
45 30
56 24
55 24
47 29
39 34
26 51
21 65
43 31
43 31
21 63
46 28
62 21
39 34
59 22
26 50
31 42
57 23
42 31
35 37
23 57
26 49
41 31
36 35
41 31
34 37
41 31
33 39
30 42
42 30
31 41
47 27
32 39
70 18
23 55
35 35
47 26
41 30
29 43
33 38
24 52
53 23
20 61
33 38
31 40
42 30
39 32
70 18
22 57
25 49
44 28
30 41
20 61
25 49
35 35
28 44
35 35
20 63
37 33
30 41
35 35
40 31
32 38
29 42
21 57
47 26
35 34
29 43
41 29
29 42
44 28
36 33
52 23
35 34
35 35
45 27
36 33
45 27
52 23
35 34
35 34
22 54
28 44
19 63
62 19
46 26
43 28
24 51
24 50
40 30
65 18
47 26
43 28
40 30
65 18
22 54
28 42
40 30
28 42
21 56
39 31
48 25
37 32
28 43
23 52
26 45
21 57
46 26
35 34
25 48
49 24
48 24
30 39
29 41
45 27
46 26
35 34
30 39
36 33
27 43
44 26
47 25
50 23
27 43
45 26
20 58
47 25
33 35
58 20
35 33
52 22
28 41
65 18
47 25
28 41
40 29
28 41
30 38
28 41
50 23
33 35
21 54
22 51
44 26
44 25
36 31
42 27
43 26
18 62
55 20
43 26
18 63
67 17
33 34
60 19
47 24
67 17
31 36
28 40
63 18
24 46
27 42
44 25
44 25
36 31
60 19
27 41
28 40
37 30
37 30
29 38
26 42
51 22
50 22
44 25
26 42
55 20
22 50
29 37
29 37
24 45
65 17
31 36
19 57
30 36
55 20
24 45
30 36
43 25
25 43
29 38
35 31
24 45
17 63
60 18
60 18
27 40
26 41
65 17
47 23
54 20
25 42
59 18
61 18
25 42
41 26
62 17
29 37
27 39
55 19
47 23
41 26
23 47
43 25
35 30
22 49
27 39
30 35
28 37
46 23
40 27
35 30
36 29
36 29
40 26
35 30
53 20
20 52
25 43
33 32
22 48
41 25
26 40
50 21
45 23
62 17
53 20
53 20
21 50
29 35
61 17
49 21
36 29
22 46
33 31
23 45
27 38
54 19
35 29
23 45
61 17
39 27
29 36
62 17
30 34
38 27
17 60
46 22
22 46
30 33
47 21
37 27
28 36
20 51
21 49
21 47
42 24
43 24
47 22
29 35
40 25
20 49
47 21
37 27
40 25
62 16
55 18
18 56
26 38
45 22
22 45
36 28
24 42
33 31
37 27
55 18
44 23
32 31
52 19
37 27
21 48
45 22
60 17
26 38
35 28
36 28
54 18
53 19
26 38
45 22
51 19
40 25
35 28
22 45
17 57
29 34
45 22
34 29
31 32
31 32
51 19
26 38
35 28
37 27
31 32
59 17
42 23
22 45
24 41
24 41
20 49
34 29
37 26
24 41
48 20
29 33
53 18
29 33
46 21
26 37
40 24
25 39
29 33
35 28
30 32
50 19
28 34
29 33
60 16
31 31
50 19
24 40
31 31
26 37
27 35
52 18
46 21
19 50
29 33
41 23
61 16
62 15
36 26
43 22
26 37
35 28
20 48
23 41
33 29
39 24
56 17
23 41
26 36
26 36
26 36
45 21
55 17
23 41
23 41
46 21
26 36
39 24
18 52
34 28
52 18
39 25
57 17
51 18
31 30
35 27
37 25
41 23
33 29
35 27
56 17
38 25
23 41
35 27
16 59
25 37
18 51
40 23
33 28
18 52
50 19
19 49
39 24
25 37
42 22
47 20
25 37
22 42
20 47
24 39
16 57
41 23
24 40
25 38
26 36
40 23
25 37
49 19
36 26
24 38
21 43
37 25
34 27
15 60
24 38
35 26
22 41
41 22
27 34
42 22
23 40
33 28
29 32
43 22
46 20
60 15
60 15
35 26
23 40
35 26
43 22
27 34
16 57
17 56
60 15
28 33
51 18
32 29
33 28
48 19
54 17
35 27
38 24
48 19
17 54
25 37
36 26
41 22
55 17
22 43
60 15
33 28
25 37
17 53
30 30
53 17
23 41
32 29
24 38
26 35
43 21
20 47
43 21
30 30
36 25
25 37
28 33
35 26
22 41
18 50
41 22
24 37
53 17
15 59
24 37
17 54
16 56
25 36
37 25
32 28
41 22
31 29
25 36
28 32
38 24
40 23
23 40
43 21
19 49
41 22
30 30
49 18
30 30
42 21
27 34
43 21
35 26
26 34
16 58
36 25
58 16
28 32
21 43
56 16
46 20
26 35
35 26
24 37
31 29
31 29
22 41
35 26
20 45
42 22
44 20
36 25
41 22
21 43
21 43
20 45
35 26
17 53
26 34
28 32
32 28
28 32
39 23
44 20
22 40
23 40
42 21
33 27
38 24
23 40
30 30
26 34
17 54
36 25
60 15
39 23
17 52
60 15
49 18
43 21
37 24
31 28
31 29
35 25
16 56
41 22
42 21
29 30
30 29
49 18
33 27
33 27
37 23
22 39
55 16
33 26
26 33
25 35
56 15
36 24
30 29
25 34
32 27
43 20
40 21
22 39
55 15
17 49
39 22
30 28
29 29
25 34
31 27
37 23
39 21
55 15
31 27
23 36
21 39
43 20
21 40
42 20
36 23
34 24
24 34
35 24
33 25
38 22
26 32
41 20
35 23
34 24
50 16
26 31
30 27
22 38
27 30
45 18
47 18
16 50
28 29
45 18
16 52
24 34
26 31
30 27
46 18
39 21
23 36
34 24
15 55
39 21
43 19
26 30
28 29
43 19
30 27
40 20
49 16
34 24
41 19
37 22
21 39
45 18
21 38
14 56
34 23
29 27
24 32
16 50
15 53
28 28
35 23
31 25
36 22
20 39
31 25
39 20
35 22
33 24
21 38
19 41
40 20
14 54
27 28
45 17
21 38
26 30
26 29
43 18
43 18
43 18
34 23
34 23
29 27
41 19
52 15
14 54
36 22
32 24
32 24
27 28
29 27
49 16
30 26
40 19
35 22
39 20
25 30
37 20
49 15
31 24
47 16
19 39
36 21
32 24
23 32
23 32
30 24
15 49
44 17
30 24
15 50
36 20
21 34
24 31
52 14
53 14
30 24
32 23
50 15
32 23
14 54
31 23
14 52
23 31
27 27
29 25
24 29
52 14
53 14
42 17
38 19
26 28
28 25
50 14
47 15
37 19
24 29
25 28
25 28
39 18
52 14
30 24
53 13
25 28
53 13
33 21
26 27
42 17
23 30
33 21
14 49
19 37
16 45
27 25
53 13
32 22
31 23
32 22
14 49
49 14
17 41
42 16
39 18
38 18
13 52
26 26
26 27
29 23
25 27
19 37
31 22
52 13
28 24
29 24
21 32
29 24
35 20
33 21
25 28
44 16
26 26
15 45
24 28
26 26
50 14
27 25
36 19
18 39
18 37
39 17
38 18
52 13
26 26
23 30
40 17
38 18
25 27
41 16
27 25
22 31
50 13
39 17
25 27
16 41
19 36
26 26
28 24
19 35
32 21
30 22
39 17
19 36
21 32
40 17
19 35
38 17
23 29
18 37
19 35
47 14
13 50
36 18
37 18
26 25
35 19
33 20
18 37
28 24
27 24
13 49
21 31
27 24
38 17
25 26
39 17
31 21
23 28
16 40
41 16
16 40
48 13
24 27
13 50
24 27
26 24
30 22
33 19
34 19
24 27
44 15
23 28
27 24
18 35
32 20
25 25
46 14
14 45
44 14
24 27
30 21
49 13
24 26
17 37
13 48
44 14
39 16
23 28
22 29
19 33
21 30
17 37
24 27
38 17
13 50
13 49
24 26
31 20
23 27
14 45
29 22
18 36
27 23
37 17
45 14
30 21
40 16
40 15
25 25
48 13
47 13
24 26
35 18
25 25
19 33
45 14
45 14
16 40
27 23
46 14
19 33
35 18
23 27
18 35
37 17
32 19
44 14
21 29
31 20
23 27
40 16
42 15
32 19
33 19
19 32
19 32
21 27
33 17
20 27
32 17
14 37
20 27
