1000	1001
2000
59 30
26 66
38 44
41 39
36 42
35 41
26 55
32 44
50 25
55 23
45 27
22 54
43 26
41 28
33 34
37 30
46 24
35 31
37 29
36 29
31 33
41 25
22 47
41 25
20 49
55 18
22 44
40 24
23 42
32 30
16 57
46 20
35 26
25 36
26 33
22 38
22 39
23 38
33 26
47 18
46 19
29 30
37 23
20 43
35 24
42 20
36 23
44 19
21 39
30 28
37 23
15 57
42 20
24 35
23 36
41 20
28 29
32 26
31 26
26 32
18 46
21 38
37 22
22 38
19 43
46 18
18 44
42 19
26 31
37 22
37 22
21 38
14 55
27 30
20 39
42 19
46 17
25 31
54 15
26 30
34 23
18 44
15 53
20 40
16 47
36 21
28 28
19 40
44 18
29 26
37 21
30 25
44 18
16 48
18 43
31 24
30 26
38 20
31 25
15 52
20 38
35 22
43 17
33 23
20 38
45 17
33 23
43 17
53 14
42 17
14 53
26 28
32 23
33 23
27 28
33 22
16 45
30 25
33 22
26 28
27 27
20 37
16 46
21 34
13 54
38 19
45 16
38 19
26 27
46 16
20 37
24 30
50 14
23 32
17 43
43 17
17 41
16 44
33 21
25 28
22 33
18 39
28 25
22 32
44 16
44 16
24 29
36 20
25 28
40 18
13 52
29 24
15 46
32 22
24 29
26 27
39 18
35 20
15 48
29 24
27 25
15 45
23 30
24 29
24 28
25 28
14 48
18 38
21 32
49 14
44 15
17 41
15 45
27 25
18 36
13 50
36 19
26 25
33 20
35 19
16 43
26 25
22 30
22 30
36 19
44 15
24 27
34 19
21 31
25 26
38 17
15 45
25 26
28 23
20 32
46 14
51 13
29 22
37 18
43 15
14 45
48 13
19 33
17 39
49 13
29 22
18 36
46 14
39 17
44 15
23 28
31 20
24 27
30 21
23 28
20 32
23 27
13 50
30 21
26 25
45 14
16 40
36 18
20 33
43 15
30 21
28 23
28 23
15 43
30 21
27 23
43 15
15 42
18 35
16 40
20 32
31 21
24 26
20 32
23 28
21 31
19 33
13 47
25 25
24 26
24 27
15 41
14 45
30 21
49 13
39 16
34 18
30 21
25 25
43 15
22 29
30 21
34 18
26 25
37 17
31 20
37 17
43 15
22 28
29 21
27 24
23 28
25 25
31 21
33 19
29 22
46 14
18 35
21 29
23 27
28 22
37 17
29 21
22 28
19 32
18 35
21 30
17 37
21 29
31 20
19 32
19 32
26 24
19 32
28 22
30 20
33 19
32 19
34 18
39 16
22 28
18 35
21 30
32 19
14 45
21 29
14 45
47 13
31 20
13 47
34 18
15 42
19 32
43 14
21 29
25 25
23 27
36 17
26 24
25 24
34 18
14 43
34 18
26 24
22 28
22 29
44 14
13 46
15 40
27 23
32 19
34 18
30 21
29 21
25 25
19 33
37 16
26 24
19 32
20 30
21 29
24 25
36 17
29 21
27 23
21 29
34 18
42 15
26 23
28 22
22 28
27 23
16 39
21 28
43 14
33 19
23 26
35 18
32 19
46 13
29 21
31 20
22 27
17 36
19 32
34 18
17 36
32 19
21 29
19 32
30 20
38 16
19 33
42 15
13 45
19 31
19 32
41 15
32 19
18 34
29 21
14 44
25 24
13 45
37 16
13 48
31 19
32 19
25 24
31 19
20 30
23 26
33 18
31 20
26 23
22 28
13 45
18 34
14 43
26 23
28 21
39 15
34 17
15 41
32 19
20 30
31 19
19 31
14 44
23 26
22 27
16 38
16 37
29 21
36 16
48 12
19 31
38 16
25 23
20 29
42 14
39 15
27 22
39 15
37 16
34 17
19 32
25 23
15 41
35 17
14 43
32 18
23 26
27 22
14 41
15 40
19 31
22 26
13 46
19 32
38 15
18 34
27 22
24 24
18 33
22 27
43 14
28 21
16 36
46 13
24 25
14 41
17 34
15 38
31 19
44 13
24 24
22 27
39 15
39 15
37 16
27 22
18 32
37 16
28 21
19 31
35 17
34 17
15 40
21 28
27 22
21 27
23 25
34 17
20 29
19 31
29 20
14 42
19 31
23 25
34 17
22 26
32 18
27 22
25 23
13 45
22 26
22 26
37 16
19 31
21 27
16 37
22 26
25 24
39 15
28 21
25 23
28 21
14 41
45 13
48 12
24 24
33 18
21 27
20 29
29 20
30 19
29 20
26 23
41 14
45 13
23 26
21 27
28 21
23 25
39 15
23 25
35 17
30 19
28 21
13 46
14 41
21 28
21 27
21 27
14 42
16 36
26 22
38 15
17 35
18 31
29 20
30 19
15 38
22 26
15 38
30 19
23 25
42 14
37 16
28 21
30 19
13 43
39 15
14 41
30 19
22 26
36 16
12 46
47 12
18 32
28 20
26 22
38 15
29 20
24 24
19 29
13 44
28 21
29 19
16 35
26 22
17 34
13 45
35 16
19 30
23 25
12 46
18 32
22 26
28 20
30 19
38 15
18 32
13 43
28 20
25 23
24 24
15 39
16 36
31 19
16 36
21 26
27 21
17 33
18 32
21 27
42 14
24 24
22 26
23 24
18 31
13 43
20 28
13 45
40 14
26 22
16 35
29 20
14 40
25 23
15 37
38 15
13 45
40 14
45 13
46 12
14 40
15 37
22 26
15 38
34 17
35 16
15 38
27 21
23 24
12 46
21 27
32 17
27 21
21 26
28 20
21 26
39 14
26 21
21 27
34 16
22 25
17 32
32 17
14 40
44 13
27 21
27 21
24 23
22 26
16 35
40 14
26 21
35 16
43 13
26 22
25 22
39 14
22 25
12 45
15 37
18 32
23 24
39 14
22 25
23 24
18 31
22 25
21 27
12 45
30 18
22 26
24 23
23 24
18 30
28 20
25 22
17 33
17 32
30 18
23 24
20 28
22 25
19 30
18 31
18 32
25 22
39 14
37 15
26 21
19 29
17 33
18 31
13 41
21 26
15 37
19 29
42 13
16 34
13 42
12 45
32 17
25 22
37 15
28 19
39 14
27 20
20 27
37 15
23 24
45 12
18 30
17 32
15 37
29 19
44 12
27 20
45 12
20 27
25 22
46 12
18 29
23 24
28 19
23 23
42 13
21 26
19 28
24 22
20 27
36 15
36 15
24 22
14 39
19 28
28 19
19 28
22 25
25 22
25 21
24 22
44 12
21 25
20 26
14 38
37 14
17 32
22 25
17 31
33 16
33 16
15 36
17 30
21 25
23 23
38 14
12 45
25 21
25 21
43 12
26 20
37 14
33 16
14 36
30 17
17 31
18 28
24 22
29 18
24 22
45 12
13 39
22 24
24 22
18 29
14 37
20 26
41 13
18 29
28 18
23 23
22 23
18 29
24 21
17 29
21 25
13 41
23 23
12 44
20 26
40 13
28 19
24 21
16 33
25 21
30 17
39 13
22 23
18 28
24 21
20 26
21 25
24 22
17 30
38 13
24 21
20 26
21 24
37 14
16 31
21 24
30 17
20 26
25 20
21 24
25 20
21 24
17 31
30 17
19 27
18 29
25 20
19 27
22 23
27 19
19 27
20 26
29 18
27 19
32 16
17 29
37 14
31 17
21 24
19 26
20 25
18 27
39 13
19 26
20 25
12 41
39 13
18 28
32 16
29 18
25 20
24 21
39 13
24 21
43 12
20 25
16 32
21 24
38 13
20 26
26 19
19 26
13 38
20 25
24 21
31 16
24 21
37 13
43 12
26 19
16 31
39 13
27 19
22 23
33 15
27 18
17 29
31 16
30 16
38 13
25 20
30 16
25 20
18 28
24 21
14 36
11 44
15 32
21 23
19 26
27 18
33 15
30 16
30 17
19 26
39 13
23 22
18 28
44 11
23 21
28 18
22 23
18 27
23 21
26 19
27 18
12 41
22 23
16 30
19 26
15 32
17 29
29 17
26 19
15 32
22 23
22 23
25 20
20 25
24 21
20 25
29 17
42 12
21 23
17 29
22 22
23 21
25 19
25 19
17 29
30 16
42 11
40 12
41 12
19 25
29 17
13 38
21 23
20 25
17 29
20 24
11 43
17 29
32 15
15 33
18 27
25 20
21 23
22 22
34 14
22 22
12 42
18 27
23 21
42 11
19 26
42 11
44 11
24 20
19 25
34 14
11 43
44 11
38 13
21 23
25 19
16 31
20 25
40 12
21 22
26 19
32 15
15 32
43 11
44 11
33 15
12 39
26 19
19 25
13 36
23 21
19 25
30 16
28 17
22 22
11 43
23 21
16 31
44 11
12 41
30 16
36 13
13 36
18 26
19 25
27 17
43 11
23 21
18 26
27 18
24 20
15 31
29 16
12 40
33 15
37 13
13 36
28 17
20 24
19 25
19 26
31 15
22 21
21 22
23 21
21 22
19 25
23 21
19 25
27 18
20 24
12 39
20 24
24 20
22 21
24 20
21 23
21 22
25 19
24 20
20 24
16 30
34 14
38 12
25 19
35 13
22 22
43 11
32 15
30 16
12 38
16 30
27 17
31 15
21 22
40 12
17 28
21 22
28 16
34 14
14 33
12 38
42 11
20 23
33 14
23 21
29 16
25 19
29 16
27 17
22 21
20 23
18 26
14 33
22 22
26 18
34 14
27 17
20 23
32 14
13 35
22 21
11 43
20 23
15 31
27 17
20 23
23 21
39 12
16 28
27 17
25 19
14 32
22 21
25 19
22 21
19 24
15 31
16 28
18 26
34 13
39 12
20 23
15 31
21 22
27 17
27 17
11 43
27 17
37 13
22 20
29 16
12 38
18 25
29 16
24 19
25 19
34 13
21 21
15 31
23 20
23 19
42 11
22 21
28 17
17 27
26 17
17 26
27 17
12 39
12 39
25 18
18 25
30 15
15 31
18 25
22 21
24 19
17 26
19 24
32 14
20 23
25 18
31 15
21 21
32 14
17 27
30 15
19 24
26 17
38 12
21 21
22 21
14 32
22 21
19 24
32 14
20 22
15 30
39 12
24 19
14 33
42 11
35 13
26 18
24 18
20 22
27 16
21 22
17 27
12 38
19 24
17 26
19 24
21 21
19 23
18 25
12 39
19 24
37 12
18 25
24 19
38 12
25 18
23 19
27 17
37 12
18 24
16 28
26 17
23 19
11 42
29 16
22 20
18 25
23 19
29 15
32 14
17 26
32 14
21 21
20 22
23 19
36 12
14 32
14 31
17 26
12 37
20 23
37 12
36 12
29 15
21 21
11 42
16 28
22 20
21 21
13 35
12 36
29 16
27 17
12 38
33 14
15 30
20 22
38 12
20 22
26 17
12 37
25 18
28 16
11 42
23 20
38 12
30 15
14 31
21 21
21 21
21 21
22 20
22 20
12 37
21 21
16 28
23 19
15 30
23 19
22 20
22 20
32 14
19 24
11 42
19 23
32 14
22 20
14 31
15 30
27 17
23 19
15 28
37 12
20 22
30 15
20 22
22 20
11 41
26 17
14 32
22 20
30 15
41 11
20 22
19 23
37 12
32 14
13 34
23 19
14 32
39 11
21 20
24 18
18 24
21 21
21 21
21 21
24 18
35 13
20 21
12 36
13 32
21 20
13 33
20 22
22 20
36 12
22 20
28 16
32 14
34 13
20 22
18 25
40 11
16 27
13 33
37 12
32 14
13 35
23 19
16 27
29 15
20 22
27 16
12 37
41 11
20 22
21 21
18 24
22 20
11 38
27 16
13 33
28 16
32 14
25 18
28 16
16 28
22 20
19 23
29 15
17 26
11 41
21 21
35 13
28 15
21 20
16 27
29 15
24 18
16 28
20 21
34 13
21 21
14 30
11 39
20 22
31 14
22 20
21 21
36 12
35 12
20 21
27 16
27 16
13 32
21 20
16 27
26 17
16 27
35 12
37 12
25 18
20 22
31 14
21 20
20 22
13 32
25 18
30 15
20 22
29 15
16 28
23 19
21 21
23 19
39 11
41 11
14 30
36 12
22 19
36 12
22 19
13 32
11 41
14 30
25 17
20 21
13 32
28 15
21 21
19 23
21 20
41 11
18 24
32 13
16 27
29 15
28 15
30 14
20 21
17 25
32 13
12 36
17 26
16 26
19 22
34 13
16 26
30 14
20 22
34 13
22 20
29 15
21 20
16 26
33 13
12 36
18 23
22 20
19 23
27 15
19 22
20 21
27 16
21 20
16 25
12 35
23 18
15 27
36 11
37 11
14 31
32 13
17 24
20 21
22 19
32 13
12 36
14 29
18 23
20 21
15 27
18 23
19 22
18 23
22 19
25 17
18 23
22 19
12 35
23 18
12 35
29 14
14 30
25 16
16 26
29 14
27 15
21 20
36 11
31 13
27 15
25 16
34 12
14 29
33 12
36 11
14 30
13 32
11 38
17 25
13 30
18 22
16 25
40 10
32 13
40 10
29 14
19 22
16 25
13 30
37 11
20 20
24 17
28 14
17 24
13 32
16 25
30 13
26 15
30 13
19 21
26 15
27 15
28 14
11 37
39 10
19 21
17 24
22 18
26 15
11 36
16 25
20 20
18 22
19 21
16 25
19 21
17 24
26 15
16 25
23 17
11 37
20 20
11 37
16 25
24 17
13 31
21 19
37 11
25 16
14 28
18 23
27 15
12 32
11 35
36 11
14 28
15 27
15 27
30 13
29 14
36 11
22 18
11 37
12 33
37 11
20 20
20 20
18 21
10 38
24 16
11 35
25 15
32 12
39 10
16 25
30 13
21 19
30 13
23 17
23 17
22 18
39 10
35 11
21 18
20 20
22 18
21 18
19 20
30 13
18 21
32 12
23 17
12 31
10 39
24 16
17 23
39 10
26 15
30 13
15 25
19 20
22 18
15 25
25 15
13 28
19 21
12 30
11 34
13 28
24 16
16 23
16 24
23 16
17 22
23 17
16 24
14 27
15 25
35 11
23 16
15 26
20 19
11 35
19 20
19 20
38 10
20 19
22 17
21 18
16 23
15 25
16 23
10 38
24 15
14 26
15 25
16 23
26 15
29 13
15 25
24 15
28 13
13 30
10 35
35 11
13 28
12 31
16 23
35 11
27 14
21 18
20 19
16 23
23 16
23 16
11 35
15 25
32 12
12 31
32 11
20 18
14 26
16 23
19 19
24 15
27 14
17 21
21 17
18 20
30 12
16 23
27 13
24 15
16 23
13 28
34 11
17 22
13 28
25 15
16 22
22 16
16 23
12 30
29 13
24 15
29 12
15 24
21 17
22 16
19 19
15 24
23 16
13 27
10 35
32 11
37 10
28 13
19 19
15 24
34 11
14 26
17 22
17 21
15 24
12 30
23 16
28 13
10 36
15 23
16 22
25 14
18 20
20 18
19 19
14 25
12 29
30 12
16 22
13 28
16 22
32 11
22 16
13 27
13 27
15 24
22 16
17 20
15 23
16 22
20 18
19 19
10 37
30 12
27 13
28 13
14 25
11 32
34 11
27 13
29 12
25 14
17 20
10 36
15 24
36 10
14 25
21 17
16 21
10 36
22 16
19 19
14 25
21 17
29 12
20 17
23 15
15 23
37 9
17 20
26 13
23 15
10 34
29 12
37 9
10 34
20 18
24 14
20 17
16 22
15 23
15 23
22 16
18 20
34 10
19 18
15 24
26 13
28 12
29 12
17 21
37 9
26 13
34 10
15 23
23 15
13 27
29 12
21 16
10 34
19 18
22 16
24 15
27 13
33 10
23 15
25 14
16 22
29 12
15 23
22 16
21 16
29 12
14 24
37 9
34 10
35 10
18 19
11 31
14 24
16 22
14 25
29 12
37 9
16 22
17 20
25 14
15 23
29 12
29 12
15 23
24 14
19 18
22 16
15 23
30 11
24 14
36 9
28 12
16 21
32 11
33 10
10 35
19 18
29 12
11 31
15 23
22 15
29 12
15 22
37 9
23 15
9 37
14 25
20 17
12 28
10 34
16 20
21 16
24 14
31 11
14 23
10 35
13 26
25 14
20 17
30 11
24 14
11 32
21 16
15 23
28 12
12 28
17 20
17 19
15 22
22 15
31 11
9 36
9 36
29 12
14 24
11 30
29 12
24 14
21 16
24 14
20 16
22 15
16 21
12 27
21 16
17 19
9 36
14 24
21 16
27 12
21 16
14 23
29 12
27 13
11 30
16 21
14 23
17 20
29 12
35 10
17 20
32 10
15 22
15 22
28 12
9 35
19 18
32 10
15 22
35 10
14 23
22 15
15 22
17 20
14 23
24 14
16 21
28 12
16 21
15 22
21 16
11 30
17 19
20 17
15 22
21 16
21 16
29 12
28 12
11 29
21 16
27 12
28 12
33 10
27 12
20 16
32 10
12 27
21 15
22 15
11 29
23 15
29 12
36 9
16 21
16 20
9 35
13 24
29 11
15 22
20 17
25 13
10 34
34 10
30 11
11 29
16 20
34 10
16 20
12 27
9 35
11 30
20 16
23 14
26 13
22 15
25 13
14 23
34 10
17 20
25 13
22 15
19 17
14 24
9 35
16 20
16 20
33 10
30 11
29 11
34 10
13 26
14 24
14 23
26 13
27 12
15 22
21 15
21 15
9 35
17 19
22 14
26 13
24 13
16 20
18 18
17 19
16 20
29 11
25 13
13 24
15 21
12 27
30 11
11 30
10 32
22 15
11 29
13 25
10 32
25 13
15 21
10 32
11 28
10 32
21 15
16 21
30 11
11 31
21 15
12 27
11 29
17 19
13 25
27 12
13 24
21 15
16 20
22 15
20 16
13 25
33 10
11 28
30 11
20 16
22 14
16 20
15 21
29 11
17 19
29 11
25 13
14 23
17 19
11 31
17 19
25 13
14 23
10 31
12 26
16 20
13 25
23 14
15 21
25 13
17 19
35 9
10 32
25 12
9 31
20 15
20 14
19 15
9 32
22 12
8 31
10 25
