1000	1001
200
261 88
108 189
150 82
127 92
108 105
114 98
103 101
87 115
98 101
49 189
100 92
110 82
72 124
79 110
86 101
87 90
123 64
113 69
108 71
140 55
98 75
122 60
70 101
94 74
58 119
47 146
113 59
80 82
82 80
134 49
75 88
70 92
44 146
121 53
44 146
64 101
47 136
79 80
121 52
140 45
74 85
81 76
123 50
107 58
54 113
123 49
96 63
108 54
43 136
84 68
96 59
63 90
73 76
69 80
91 60
91 60
91 60
114 48
103 51
81 64
92 57
81 63
90 57
123 41
58 88
84 61
57 88
99 51
61 82
44 113
62 80
66 75
84 58
72 66
105 45
70 67
108 43
68 69
51 90
69 67
34 136
114 40
46 101
58 80
68 67
91 50
89 51
44 101
82 54
114 39
45 95
34 127
66 65
69 61
105 40
41 101
95 44
90 46
48 86
105 40
97 43
103 40
52 80
57 72
97 42
73 55
91 45
58 70
103 39
72 56
37 108
70 56
85 46
85 46
70 55
66 58
57 67
108 34
51 73
82 46
73 51
42 88
72 51
97 38
99 37
37 100
95 38
43 85
73 50
57 64
90 40
33 108
43 82
68 52
97 37
91 39
50 70
69 51
42 84
53 66
84 42
70 50
66 52
105 33
68 51
42 82
31 112
58 60
53 66
81 43
62 56
62 56
91 38
111 31
40 86
39 88
103 33
57 60
43 79
36 95
57 60
82 41
60 57
87 39
46 73
34 100
41 82
41 82
30 112
69 49
69 49
42 80
42 79
53 63
41 83
108 31
41 83
82 41
72 46
41 82
108 31
51 66
50 66
111 30
36 92
59 56
40 82
82 40
108 31
85 39
103 32
33 101
60 55
38 88
89 37
87 38
85 39
37 88
35 92
30 110
