HopperT6d.txt
58
97
200 116
1	1	42	30	
2	1	56	13	
3	1	6	13	
4	1	11	4	
5	1	15	28	
6	1	20	6	
7	1	94	27	
8	1	9	13	
9	1	7	11	
10	1	7	15	
11	1	20	31	
12	1	33	7	
13	1	4	13	
14	1	64	22	
15	2	3	18	29	37	
16	2	5	6	9	47	
17	1	2	10	
18	2	16	29	11	7	
19	1	1	6	
20	1	15	55	
21	1	55	21	
22	1	21	19	
23	1	14	4	
24	3	46	8	17	65	3	8	
25	4	116	18	7	35	5	4	8	22	
26	1	11	7	
27	2	27	41	16	110	
28	1	6	14	
29	1	7	12	
30	1	8	27	
31	1	5	28	
32	3	7	22	11	8	14	16	
33	2	27	12	22	7	
34	3	21	20	9	56	5	8	
35	2	9	5	22	6	
36	4	25	23	24	50	10	2	12	36	
37	2	21	11	2	7	
38	1	18	4	
39	1	34	13	
40	1	7	33	
41	4	35	9	21	7	3	5	15	3	
42	4	1	5	68	16	4	4	4	14	
43	2	20	7	2	8	
44	1	15	18	
45	1	2	2	
46	3	12	11	14	36	75	12	
47	3	11	35	102	34	35	24	
48	2	10	14	10	13	
49	2	10	2	12	5	
50	2	11	14	8	12	
51	3	56	22	25	4	4	2	
52	3	41	16	49	23	5	18	
53	1	60	10	
54	2	1	4	12	11	
55	1	12	47	
56	2	21	5	25	4	
57	1	24	4	
58	1	19	56	
