HopperN6a.txt
58
97
200 105
1	2	80	15	34	8	
2	4	12	12	3	1	9	19	8	4	
3	3	3	1	20	70	11	11	
4	3	18	7	10	20	1	2	
5	1	2	10	
6	5	16	66	11	11	76	17	9	3	40	7	
7	1	7	25	
8	1	16	19	
9	3	16	9	16	17	35	71	
10	1	3	19	
11	4	9	2	15	9	24	23	18	22	
12	1	16	7	
13	1	19	101	
14	3	19	8	16	50	18	12	
15	1	32	11	
16	3	62	11	22	20	4	19	
17	1	12	2	
18	1	8	20	
19	1	19	5	
20	1	16	9	
21	1	37	29	
22	3	13	10	11	37	3	7	
23	1	29	9	
24	1	25	8	
25	1	19	12	
26	1	6	36	
27	1	16	6	
28	1	22	10	
29	1	78	14	
30	1	21	39	
31	1	8	10	
32	1	1	4	
33	1	1	6	
34	1	18	4	
35	1	74	30	
36	1	4	3	
37	3	35	17	12	26	14	31	
38	1	14	5	
39	1	37	14	
40	1	11	48	
41	3	35	15	8	18	2	6	
42	1	2	1	
43	1	76	17	
44	1	7	36	
45	1	32	7	
46	2	44	12	7	18	
47	5	21	21	47	12	15	14	25	5	8	5	
48	1	18	19	
49	2	27	27	4	25	
50	2	19	5	20	10	
51	1	26	7	
52	2	40	15	4	1	
53	4	49	37	5	2	2	13	13	2	
54	1	16	68	
55	1	32	105	
56	1	7	12	
57	2	40	22	6	12	
58	1	22	5	
