HopperT7e.txt
119
199
200 75
1	1	2	5	
2	1	24	5	
3	1	21	10	
4	1	10	24	
5	1	53	13	
6	2	9	9	10	10	
7	2	12	14	8	17	
8	2	12	2	5	28	
9	2	11	6	8	21	
10	4	28	6	15	16	26	6	12	12	
11	2	11	15	13	28	
12	3	4	9	3	17	5	14	
13	3	18	30	19	27	13	62	
14	2	31	6	6	6	
15	6	8	11	37	9	5	5	3	10	9	9	4	15	
16	2	58	9	4	11	
17	1	26	9	
18	1	24	16	
19	2	19	24	10	11	
20	1	13	2	
21	1	11	10	
22	3	71	15	14	33	6	12	
23	1	10	24	
24	1	9	17	
25	2	15	8	9	14	
26	1	3	2	
27	1	19	9	
28	2	28	4	15	8	
29	3	20	3	8	50	17	12	
30	1	3	9	
31	2	21	11	17	11	
32	1	14	30	
33	1	13	9	
34	4	24	4	8	11	3	10	37	26	
35	1	4	15	
36	1	8	6	
37	1	17	19	
38	1	11	3	
39	1	5	3	
40	2	2	4	6	4	
41	1	38	7	
42	1	28	11	
43	1	9	29	
44	1	11	60	
45	1	35	9	
46	1	13	9	
47	3	4	9	8	25	3	11	
48	1	9	11	
49	1	7	37	
50	1	17	16	
51	1	15	9	
52	1	7	6	
53	2	3	9	11	14	
54	1	31	10	
55	1	10	41	
56	2	8	21	4	15	
57	2	7	13	17	21	
58	1	21	4	
59	2	4	2	10	6	
60	2	3	4	9	18	
61	2	66	10	4	5	
62	3	16	14	8	29	12	19	
63	1	8	33	
64	1	20	11	
65	3	28	13	6	9	9	12	
66	1	3	5	
67	1	9	11	
68	4	38	12	13	9	10	62	2	12	
69	1	10	3	
70	1	3	11	
71	4	5	9	21	8	10	10	5	9	
72	3	8	5	2	12	6	7	
73	1	15	7	
74	1	27	11	
75	3	51	18	19	10	14	4	
76	5	12	7	36	21	9	15	3	19	4	16	
77	1	24	8	
78	1	8	8	
79	1	19	6	
80	1	4	2	
81	1	9	9	
82	2	15	12	8	6	
83	5	27	5	53	10	15	7	20	11	4	16	
84	1	44	9	
85	1	17	59	
86	1	11	9	
87	1	9	60	
88	1	5	4	
89	1	14	29	
90	1	11	18	
91	1	14	7	
92	1	6	4	
93	1	18	10	
94	3	10	17	10	58	7	13	
95	1	7	4	
96	2	27	4	13	24	
97	1	13	8	
98	1	3	12	
99	1	34	9	
100	1	58	15	
101	3	19	7	17	5	9	9	
102	1	13	29	
103	4	6	2	28	5	12	7	9	18	
104	5	27	5	15	10	6	25	14	20	17	75	
105	1	8	11	
106	2	8	29	21	3	
107	4	15	9	31	9	8	5	5	33	
108	2	13	15	7	17	
109	1	14	3	
110	1	14	9	
111	1	21	15	
112	1	17	10	
113	1	4	7	
114	1	69	15	
115	1	21	9	
116	2	9	9	7	7	
117	1	9	5	
118	1	15	4	
119	1	26	10	
