HopperN7a.txt
118
197
200 93
1	1	5	11	
2	4	2	4	2	6	12	6	20	6	
3	3	5	7	4	6	3	11	
4	3	8	35	15	14	7	25	
5	3	10	3	61	27	49	16	
6	1	14	5	
7	4	6	9	1	6	10	7	2	7	
8	3	48	12	14	93	4	3	
9	3	12	16	9	48	8	24	
10	2	20	9	6	6	
11	1	14	10	
12	3	3	6	2	8	13	6	
13	1	4	7	
14	1	18	11	
15	1	7	16	
16	1	25	11	
17	1	7	34	
18	1	2	7	
19	1	5	13	
20	1	7	6	
21	1	11	10	
22	2	2	9	26	15	
23	2	47	7	5	18	
24	2	4	13	14	11	
25	2	1	1	23	76	
26	1	6	10	
27	2	29	16	18	93	
28	1	15	17	
29	2	3	5	11	5	
30	1	5	11	
31	3	11	21	17	5	10	7	
32	1	1	3	
33	1	37	16	
34	1	30	8	
35	1	8	29	
36	1	3	17	
37	4	16	27	37	20	3	20	5	4	
38	1	5	18	
39	1	21	10	
40	5	10	19	6	1	26	17	1	6	7	6	
41	1	9	2	
42	1	3	6	
43	1	2	2	
44	3	33	14	9	7	4	13	
45	2	56	10	10	16	
46	1	21	42	
47	1	9	46	
48	1	32	5	
49	1	3	1	
50	1	4	1	
51	1	16	17	
52	1	11	13	
53	1	54	12	
54	2	3	3	9	15	
55	2	4	6	29	10	
56	2	13	7	29	20	
57	1	10	18	
58	1	3	7	
59	1	6	7	
60	1	8	13	
61	3	5	9	1	1	28	53	
62	1	5	8	
63	3	41	6	50	15	19	16	
64	2	32	16	7	5	
65	2	11	50	6	4	
66	1	3	1	
67	1	4	17	
68	1	11	7	
69	2	12	2	3	13	
70	1	22	8	
71	1	4	3	
72	1	3	2	
73	1	67	12	
74	3	33	8	10	5	12	2	
75	1	4	22	
76	1	7	4	
77	2	21	14	3	13	
78	2	1	6	6	11	
79	1	7	5	
80	1	5	17	
81	1	5	6	
82	1	6	3	
83	1	8	12	
84	1	18	17	
85	1	19	9	
86	1	12	25	
87	1	8	9	
88	1	14	11	
89	1	9	15	
90	2	27	4	5	18	
91	1	14	4	
92	1	31	5	
93	1	3	8	
94	1	16	3	
95	3	6	2	53	14	14	12	
96	1	8	3	
97	2	8	10	1	2	
98	4	23	16	9	31	22	38	8	26	
99	1	18	26	
100	3	9	21	10	22	16	3	
101	5	9	2	2	2	7	2	5	5	3	13	
102	1	14	5	
103	2	4	11	9	24	
104	2	5	19	9	19	
105	1	36	6	
106	1	10	5	
107	1	11	7	
108	1	5	8	
109	1	44	16	
110	1	10	12	
111	3	4	2	8	2	5	15	
112	1	26	10	
113	4	4	4	41	16	7	8	5	32	
114	2	6	2	9	27	
115	1	6	2	
116	2	2	8	6	6	
117	6	37	26	1	2	17	9	10	5	27	9	51	11	
118	2	38	11	16	10	
