HopperT6c.txt
58
97
200 108
1	1	106	19	
2	2	36	8	11	35	
3	3	25	17	3	8	9	28	
4	2	14	22	38	10	
5	2	17	79	1	1	
6	4	7	26	8	4	12	10	13	3	
7	2	89	23	11	18	
8	1	30	12	
9	1	3	16	
10	1	11	9	
11	2	23	24	8	55	
12	1	5	20	
13	1	13	5	
14	2	41	17	15	49	
15	2	32	10	6	22	
16	1	16	5	
17	1	4	3	
18	2	17	4	20	10	
19	1	12	8	
20	4	8	39	20	35	9	7	7	2	
21	2	13	48	16	67	
22	1	7	8	
23	2	18	3	30	87	
24	2	48	21	13	6	
25	1	16	9	
26	1	22	25	
27	1	5	18	
28	1	6	9	
29	1	19	108	
30	1	10	12	
31	1	10	7	
32	1	9	23	
33	2	27	7	2	9	
34	2	9	23	11	6	
35	1	29	7	
36	1	11	17	
37	1	16	47	
38	1	26	74	
39	1	26	4	
40	1	12	82	
41	1	20	8	
42	1	19	7	
43	1	73	14	
44	1	11	35	
45	1	4	1	
46	2	22	22	11	66	
47	2	14	49	18	63	
48	2	63	15	26	5	
49	1	5	33	
50	2	32	8	10	5	
51	4	12	9	40	28	13	13	12	10	
52	3	24	32	2	4	9	40	
53	3	90	18	8	22	1	4	
54	2	13	12	9	14	
55	3	2	7	10	30	4	20	
56	3	5	25	16	16	6	1	
57	2	45	17	11	31	
58	2	20	3	44	11	
