HopperT6b.txt
58
97
200 117
1	1	14	6	
2	1	5	7	
3	3	9	2	6	15	12	2	
4	2	8	37	21	6	
5	1	59	12	
6	2	46	7	19	47	
7	3	18	13	25	8	20	117	
8	1	11	35	
9	1	14	3	
10	2	21	8	10	24	
11	1	12	13	
12	2	8	27	13	4	
13	1	41	18	
14	4	31	9	3	13	3	1	41	41	
15	1	18	20	
16	2	57	25	50	18	
17	2	8	9	18	69	
18	3	13	20	14	4	14	7	
19	3	32	29	23	4	7	9	
20	1	11	31	
21	1	10	30	
22	1	25	18	
23	2	9	5	70	23	
24	1	18	11	
25	1	7	40	
26	2	30	5	5	14	
27	4	8	29	11	9	9	25	20	24	
28	2	14	4	70	23	
29	2	25	24	38	22	
30	1	6	20	
31	2	26	7	9	16	
32	1	45	10	
33	1	5	7	
34	2	40	14	27	32	
35	1	6	8	
36	2	7	28	22	62	
37	1	57	19	
38	1	10	23	
39	1	11	7	
40	1	7	36	
41	1	25	7	
42	2	59	23	21	6	
43	4	29	65	4	15	12	6	86	14	
44	2	22	59	8	26	
45	1	2	4	
46	1	24	19	
47	1	1	4	
48	1	5	6	
49	1	14	20	
50	1	5	22	
51	3	16	5	4	8	12	7	
52	2	40	20	73	28	
53	4	19	3	6	6	17	26	7	2	
54	1	13	5	
55	2	10	7	18	16	
56	1	3	4	
57	1	7	37	
58	1	8	49	
