HopperN7c.txt
118
197
200 74
1	3	8	3	12	4	10	2	
2	5	9	40	1	4	26	4	15	8	3	8	
3	1	9	8	
4	4	8	37	6	6	6	18	3	10	
5	1	6	12	
6	1	13	42	
7	1	31	16	
8	1	9	20	
9	1	3	3	
10	1	3	12	
11	1	2	8	
12	1	4	16	
13	1	8	3	
14	1	41	21	
15	3	5	5	1	3	37	19	
16	2	12	2	22	10	
17	2	4	22	3	7	
18	2	11	57	31	25	
19	5	16	32	1	2	5	1	15	3	45	20	
20	1	5	6	
21	1	18	61	
22	1	8	14	
23	1	8	14	
24	1	9	3	
25	1	53	16	
26	1	8	29	
27	1	1	5	
28	1	19	49	
29	1	13	3	
30	4	13	44	14	14	34	5	15	3	
31	1	7	23	
32	1	4	4	
33	2	6	2	6	6	
34	2	6	8	15	10	
35	3	69	11	30	5	9	6	
36	1	9	60	
37	1	13	66	
38	1	5	14	
39	1	6	2	
40	4	33	5	10	11	6	12	11	30	
41	1	3	1	
42	1	2	1	
43	2	21	4	3	1	
44	1	5	2	
45	3	24	8	27	10	15	66	
46	1	13	20	
47	1	4	17	
48	3	5	5	4	14	12	13	
49	1	19	14	
50	1	62	21	
51	1	11	8	
52	2	5	2	7	6	
53	1	5	1	
54	1	32	8	
55	1	47	13	
56	3	13	3	47	11	25	4	
57	1	3	12	
58	1	10	28	
59	1	4	23	
60	1	12	25	
61	1	3	7	
62	1	23	21	
63	1	3	10	
64	2	21	29	8	12	
65	1	5	4	
66	1	4	7	
67	2	19	61	12	5	
68	1	37	8	
69	3	25	12	15	7	10	13	
70	1	15	10	
71	2	13	11	4	17	
72	1	10	12	
73	3	30	6	1	3	27	15	
74	1	2	4	
75	1	20	6	
76	1	6	1	
77	4	8	7	6	15	21	4	4	1	
78	1	8	11	
79	1	7	21	
80	1	3	3	
81	1	2	13	
82	3	6	30	3	1	4	20	
83	1	11	4	
84	5	1	2	12	5	1	3	4	2	15	7	
85	3	8	3	6	4	1	2	
86	2	4	2	5	2	
87	4	48	10	16	43	8	6	6	8	
88	4	14	17	3	2	21	7	12	14	
89	2	3	3	50	18	
90	2	10	8	1	6	
91	1	28	10	
92	1	24	8	
93	3	4	4	2	11	11	60	
94	2	7	20	9	20	
95	3	27	8	7	8	30	8	
96	3	2	6	9	34	6	12	
97	1	6	1	
98	2	20	3	4	9	
99	1	5	26	
100	1	16	28	
101	1	8	26	
102	1	9	15	
103	1	35	13	
104	1	19	24	
105	1	14	63	
106	2	4	1	5	3	
107	1	4	9	
108	2	18	15	2	6	
109	2	14	13	30	11	
110	3	28	10	3	9	19	7	
111	1	6	1	
112	1	6	2	
113	2	16	8	4	3	
114	2	71	12	74	14	
115	2	6	18	52	13	
116	1	15	7	
117	1	9	22	
118	1	18	24	
