HopperN7b.txt
118
197
200 83
1	1	75	24	
2	1	68	25	
3	2	64	13	35	8	
4	2	66	12	11	11	
5	2	4	1	4	8	
6	5	27	6	37	9	79	14	14	11	3	18	
7	1	4	8	
8	4	7	3	19	9	4	10	10	33	
9	1	3	1	
10	1	4	5	
11	1	2	13	
12	1	14	59	
13	1	15	27	
14	4	20	18	10	30	18	15	13	4	
15	1	5	8	
16	1	7	2	
17	1	5	14	
18	1	32	7	
19	2	19	9	4	6	
20	2	17	4	3	2	
21	1	40	7	
22	3	17	5	4	1	15	9	
23	1	3	8	
24	2	6	7	16	63	
25	1	12	4	
26	1	9	4	
27	2	2	2	8	32	
28	1	16	21	
29	3	22	10	20	4	11	9	
30	1	13	42	
31	1	3	13	
32	4	11	3	3	8	56	9	8	8	
33	1	5	30	
34	1	8	25	
35	2	8	55	17	5	
36	1	11	11	
37	1	4	2	
38	1	17	3	
39	1	13	43	
40	1	30	12	
41	1	1	4	
42	1	1	2	
43	1	3	12	
44	1	6	25	
45	1	34	25	
46	1	1	3	
47	3	8	7	5	5	21	5	
48	2	28	22	8	3	
49	1	10	10	
50	1	19	17	
51	2	2	3	4	7	
52	3	12	22	2	3	8	26	
53	2	6	37	16	83	
54	1	5	9	
55	3	2	3	16	9	4	1	
56	1	10	2	
57	1	10	9	
58	4	16	14	9	51	26	4	9	4	
59	2	4	11	4	10	
60	3	18	5	74	19	11	6	
61	1	2	10	
62	1	4	2	
63	1	17	40	
64	1	4	8	
65	1	4	21	
66	1	4	4	
67	2	3	3	3	15	
68	4	8	4	2	4	7	46	7	41	
69	1	14	4	
70	1	5	6	
71	1	20	4	
72	1	4	19	
73	2	19	36	14	22	
74	6	5	6	13	2	4	10	30	5	20	3	4	1	
75	1	45	9	
76	2	5	12	3	19	
77	1	18	8	
78	1	23	19	
79	3	9	43	2	8	35	8	
80	2	2	8	30	5	
81	1	4	9	
82	1	42	7	
83	1	28	46	
84	2	12	45	21	9	
85	1	12	6	
86	1	12	9	
87	1	10	6	
88	1	1	1	
89	1	46	14	
90	1	4	14	
91	2	8	4	2	8	
92	2	25	10	12	25	
93	4	11	4	32	5	33	24	1	3	
94	1	6	2	
95	1	16	7	
96	2	41	9	2	1	
97	1	19	10	
98	3	29	8	3	4	2	8	
99	2	35	20	2	6	
100	3	4	1	18	4	15	4	
101	3	8	2	3	6	14	46	
102	1	6	7	
103	2	21	21	9	18	
104	3	8	10	5	18	34	10	
105	1	8	25	
106	1	4	4	
107	1	5	2	
108	4	7	3	6	36	8	9	8	22	
109	1	12	38	
110	1	10	12	
111	4	15	5	5	16	9	51	10	10	
112	1	5	4	
113	1	4	2	
114	1	9	2	
115	2	11	21	2	7	
116	1	7	2	
117	2	2	5	9	12	
118	1	13	16	
