HopperN5d.txt
43
73
200 97
1	5	3	2	34	8	13	2	17	31	57	17	
2	1	21	4	
3	1	34	10	
4	2	31	15	11	7	
5	1	23	11	
6	2	22	18	56	20	
7	1	10	6	
8	1	73	40	
9	1	15	12	
10	1	40	8	
11	3	27	4	35	13	12	7	
12	2	81	15	4	11	
13	2	12	55	27	30	
14	2	76	24	30	16	
15	2	20	29	11	42	
16	4	7	36	17	64	58	20	12	63	
17	2	26	9	27	16	
18	1	7	15	
19	1	74	25	
20	1	1	4	
21	1	45	7	
22	1	16	97	
23	1	23	17	
24	2	32	32	13	27	
25	1	11	17	
26	2	14	28	18	20	
27	1	41	16	
28	3	19	25	10	24	31	7	
29	1	8	20	
30	3	14	52	9	34	14	82	
31	3	11	12	39	13	22	18	
32	3	43	18	35	14	53	11	
33	1	30	9	
34	1	3	1	
35	1	12	11	
36	1	3	12	
37	2	68	47	42	9	
38	3	19	38	5	33	26	12	
39	1	30	20	
40	1	14	43	
41	1	17	52	
42	1	4	25	
43	2	23	11	15	23	
