HopperT7c.txt
119
199
200 88
1	1	37	6	
2	1	11	2	
3	1	23	31	
4	1	19	8	
5	2	22	5	8	13	
6	1	8	44	
7	2	4	19	45	8	
8	1	8	23	
9	3	17	17	88	15	22	10	
10	2	8	50	11	49	
11	1	10	27	
12	2	34	13	8	35	
13	1	38	22	
14	2	8	54	8	7	
15	1	20	3	
16	2	7	7	6	25	
17	3	9	44	7	9	33	9	
18	1	5	13	
19	1	20	12	
20	1	6	30	
21	1	42	8	
22	2	9	12	9	5	
23	1	2	2	
24	3	13	18	13	13	6	7	
25	2	16	4	21	6	
26	1	8	51	
27	4	14	26	2	7	4	13	4	5	
28	2	24	6	17	12	
29	2	24	5	10	3	
30	1	11	8	
31	1	24	6	
32	2	11	44	22	12	
33	2	13	7	18	15	
34	3	14	10	35	10	20	12	
35	1	6	42	
36	2	12	7	40	29	
37	1	37	18	
38	2	3	7	15	28	
39	1	8	3	
40	2	17	4	8	40	
41	1	6	2	
42	1	18	6	
43	2	31	6	13	7	
44	1	3	19	
45	1	23	10	
46	1	3	7	
47	1	5	18	
48	2	9	3	10	13	
49	1	10	3	
50	1	4	2	
51	2	11	7	7	26	
52	3	13	2	3	6	4	2	
53	1	8	50	
54	2	7	16	26	13	
55	1	20	19	
56	1	8	11	
57	1	40	10	
58	2	18	6	6	10	
59	1	22	4	
60	3	7	4	19	16	23	28	
61	3	9	52	5	12	8	21	
62	4	26	27	9	26	15	3	22	16	
63	1	11	20	
64	1	9	12	
65	1	11	11	
66	1	3	3	
67	2	16	51	5	31	
68	2	9	18	8	13	
69	1	8	4	
70	1	3	4	
71	2	6	23	41	8	
72	1	7	35	
73	1	3	11	
74	1	11	9	
75	3	34	20	13	49	13	31	
76	1	5	13	
77	1	11	19	
78	1	9	20	
79	1	7	11	
80	1	11	4	
81	1	9	29	
82	1	9	11	
83	1	13	12	
84	1	2	6	
85	1	3	4	
86	1	7	40	
87	2	2	2	6	5	
88	3	6	10	24	11	3	8	
89	1	17	8	
90	1	20	6	
91	1	12	11	
92	2	6	15	35	13	
93	2	21	6	12	12	
94	4	4	6	3	2	10	8	7	14	
95	1	11	18	
96	1	15	15	
97	2	2	6	4	21	
98	4	5	20	21	14	8	14	19	10	
99	3	11	52	10	8	15	17	
100	1	12	18	
101	2	18	11	6	9	
102	1	8	2	
103	2	8	24	3	9	
104	1	9	7	
105	1	11	5	
106	1	19	42	
107	1	8	4	
108	2	21	8	31	10	
109	3	9	3	15	8	15	7	
110	2	13	18	36	9	
111	2	9	40	7	2	
112	3	6	8	28	15	6	7	
113	2	6	26	13	10	
114	3	8	11	2	7	15	15	
115	2	18	15	8	2	
116	2	22	6	45	7	
117	3	6	2	3	7	6	15	
118	4	46	12	18	11	9	10	9	9	
119	3	18	42	28	7	19	26	
