HopperN6b.txt
58
97
200 116
1	1	42	30	
2	4	6	13	46	8	21	20	1	4	
3	3	3	18	35	24	8	12	
4	1	8	27	
5	1	15	28	
6	3	14	36	18	4	24	50	
7	1	55	21	
8	2	5	8	22	6	
9	1	7	12	
10	1	20	6	
11	1	4	13	
12	3	116	18	25	4	12	11	
13	2	102	34	4	2	
14	1	41	16	
15	2	68	16	2	2	
16	3	2	10	49	23	16	110	
17	5	24	4	11	8	6	14	9	56	1	6	
18	1	9	13	
19	1	11	7	
20	1	27	12	
21	1	17	65	
22	1	60	10	
23	1	10	13	
24	2	14	4	4	14	
25	1	10	2	
26	1	16	29	
27	4	7	11	9	5	21	19	12	5	
28	2	5	28	11	14	
29	1	15	18	
30	2	29	37	11	4	
31	1	2	7	
32	3	25	4	22	7	9	47	
33	1	20	31	
34	2	75	12	7	15	
35	1	10	2	
36	2	7	22	25	23	
37	2	11	7	7	33	
38	3	5	6	14	16	34	13	
39	3	11	35	7	35	12	36	
40	3	56	22	3	5	3	8	
41	1	1	5	
42	1	27	41	
43	1	5	4	
44	2	12	11	8	22	
45	2	2	8	12	47	
46	1	33	7	
47	1	5	18	
48	1	15	55	
49	2	56	13	15	3	
50	1	19	56	
51	1	21	7	
52	2	20	7	10	14	
53	1	4	4	
54	1	64	22	
55	1	21	11	
56	1	94	27	
57	1	21	5	
58	1	35	9	
