3 400
455 1000 5 0 0
545 290 3 0 455
545 710 1 290 455
21 60 0 0
38 59 0 455
43 43 290 455
30 86 290 652
48 26 142 455
51 37 533 652
29 43 413 0
108 31 696 652
36 39 533 795
51 37 0 223
29 105 290 754
41 71 0 106
34 94 401 455
21 67 0 337
46 41 188 106
39 32 696 760
57 66 0 595
46 49 590 0
50 70 0 746
48 40 172 337
46 64 613 455
34 59 290 841
55 60 290 106
51 66 275 337
41 31 413 98
88 25 413 276
34 50 487 276
39 63 122 0
92 119 760 760
30 76 533 872
51 26 495 455
64 40 590 186
99 32 613 553
37 49 172 223
38 59 554 455
58 148 142 666
30 97 290 910
98 31 778 455
33 108 692 0
40 60 879 760
31 74 142 787
40 78 843 652
35 37 783 553
94 36 216 787
57 33 70 746
56 48 590 314
49 38 698 553
57 41 71 106
50 37 921 652
43 56 387 910
33 41 59 455
41 91 499 0
94 24 590 92
44 42 401 547
31 43 411 841
58 70 0 873
104 28 939 760
63 37 0 392
63 54 142 724
99 55 878 553
44 59 142 557
61 36 70 864
87 53 395 754
63 46 487 98
106 27 257 0
56 33 78 223
50 28 277 223
60 49 695 186
45 43 290 551
37 34 609 872
92 26 533 703
29 91 800 0
36 48 689 314
28 51 638 314
47 53 387 953
47 81 209 455
108 30 761 652
27 74 413 364
42 74 413 184
44 62 60 0
52 36 613 501
57 36 341 337
26 53 537 276
64 36 590 250
128 78 802 186
30 117 71 163
54 45 800 72
31 61 290 161
34 85 611 703
28 108 692 67
64 32 277 273
42 30 216 881
40 60 879 866
45 59 376 652
30 108 692 126
41 59 873 455
25 58 744 186
115 43 487 161
32 60 142 601
53 45 760 852
40 119 760 905
55 61 939 864
28 66 800 126
72 31 891 0
28 45 803 314
57 39 103 746
55 53 537 334
55 43 760 945
98 27 932 455
40 49 689 350
23 57 533 98
98 43 456 0
39 58 744 236
104 33 967 760
103 26 554 549
60 59 866 126
58 33 611 737
52 36 59 488
28 54 290 596
67 29 495 506
65 37 142 818
29 52 290 783
44 60 879 906
34 39 922 0
81 28 939 919
66 53 537 389
29 69 344 273
46 52 791 652
42 59 0 493
48 41 168 455
66 29 879 800
94 25 641 92
39 58 744 275
35 53 290 875
50 40 698 602
53 35 805 852
27 46 401 489
50 73 340 223
25 76 803 945
62 52 791 698
47 27 111 223
34 108 692 33
48 50 487 348
37 51 638 376
103 33 580 549
79 29 495 573
54 63 845 72
38 78 922 34
51 42 958 652
94 26 666 92
46 41 590 46
69 32 0 931
29 60 0 44
32 42 609 909
79 30 524 573
33 58 820 553
29 65 630 186
27 51 67 337
29 105 290 812
118 36 377 337
46 53 639 0
26 97 290 940
50 44 246 881
96 34 333 455
31 46 321 0
28 111 290 624
34 38 32 931
56 29 554 493
63 26 37 392
43 52 443 547
61 39 103 803
85 79 803 370
24 71 0 147
65 41 689 390
56 36 848 314
47 93 440 953
71 42 188 152
57 76 112 106
25 69 103 392
44 89 201 557
28 105 67 364
30 49 692 156
67 26 111 270
56 36 106 864
31 54 290 192
99 25 645 553
31 78 843 692
75 36 70 925
59 50 487 396
37 34 843 723
50 41 37 223
60 59 0 535
69 44 246 931
22 74 413 226
55 38 880 186
46 101 677 455
31 62 60 44
94 64 696 799
22 88 202 601
31 94 401 516
62 52 443 590
30 76 533 902
43 45 800 29
31 74 142 883
55 82 918 186
45 34 367 455
73 38 880 241
28 76 533 932
61 36 341 394
43 44 202 623
31 62 60 75
61 42 401 591
38 49 438 276
67 30 524 506
35 69 344 302
54 38 908 72
38 142 0 652
61 33 70 803
35 65 630 215
81 33 967 919
52 92 686 501
49 47 736 553
31 62 351 161
40 65 738 350
60 34 925 126
40 74 142 914
54 54 946 72
34 43 290 966
58 25 644 737
52 37 649 501
46 38 252 787
24 87 609 941
38 54 411 872
30 76 803 970
50 26 879 950
34 62 349 841
35 87 609 965
33 60 142 633
60 41 959 126
57 35 66 595
56 43 884 314
32 58 820 586
50 45 738 602
57 42 958 703
31 60 230 152
51 47 570 652
58 33 78 279
46 61 229 106
20 73 730 390
52 47 95 488
53 43 290 498
38 33 465 872
47 27 614 92
58 37 921 702
40 60 230 183
34 58 820 618
42 41 959 455
31 108 692 95
55 36 59 540
66 31 908 800
30 69 626 250
54 41 168 503
32 43 444 98
35 68 343 875
80 36 106 920
32 66 800 154
40 37 533 960
42 51 638 413
26 73 927 314
57 41 101 595
53 39 840 852
45 34 333 551
43 44 246 623
34 69 626 280
64 37 413 391
92 25 559 703
43 46 845 29
64 41 37 273
30 117 71 193
29 86 290 682
48 28 809 455
64 35 309 273
30 73 927 340
68 49 695 246
87 32 448 754
63 37 0 274
64 37 450 391
46 74 142 954
50 49 438 314
46 61 631 46
45 31 696 893
43 86 290 711
57 43 499 41
57 59 376 697
55 81 209 502
48 67 933 553
63 25 196 724
42 36 837 455
67 135 122 39
77 124 572 795
65 37 179 818
85 22 590 370
99 28 670 553
107 33 727 893
56 23 0 690
77 70 0 796
29 92 321 31
52 63 212 337
66 63 212 389
26 48 542 41
87 23 480 754
39 72 185 0
45 98 435 652
56 23 55 690
77 105 172 260
55 23 95 540
43 90 443 910
28 46 435 697
51 79 617 652
46 92 321 60
57 59 873 496
67 22 275 388
51 67 933 601
85 118 882 370
55 63 350 106
35 38 32 965
50 28 809 503
37 44 877 723
77 30 216 923
62 31 696 938
45 34 367 551
55 24 118 540
23 60 0 21
31 48 542 67
51 33 521 455
32 53 537 302
29 47 435 725
63 40 63 392
38 50 487 310
50 35 305 223
56 64 78 690
58 27 669 737
51 34 367 500
27 54 118 337
27 48 447 489
69 43 413 29
67 35 137 270
19 71 0 171
40 57 533 121
28 52 481 697
34 51 638 342
85 26 612 370
92 27 584 703
33 71 0 190
34 39 961 0
31 69 344 192
39 32 728 760
32 45 651 909
56 30 583 493
38 35 498 872
48 38 252 833
64 37 783 588
31 79 454 841
37 53 643 872
40 39 570 960
41 39 533 831
56 36 837 497
34 67 0 358
36 66 737 314
29 51 482 725
25 58 744 211
33 60 0 73
22 73 730 410
29 53 342 783
45 31 413 139
28 57 344 596
31 46 367 0
33 42 100 455
63 69 221 724
23 73 730 432
67 44 297 388
108 34 727 652
54 43 444 130
56 32 23 690
34 54 333 966
115 60 530 161
56 41 959 497
28 74 413 248
47 34 138 223
50 34 905 950
37 56 221 223
28 45 803 342
47 27 614 139
38 69 103 417
106 37 284 0
30 59 741 156
73 82 918 241
87 30 503 754
54 26 142 503
70 40 172 385
