2 300
1000 395 1 0 0
1000 605 5 395 0
33 75 0 0
48 63 395 0
44 87 0 371
76 42 174 371
86 58 657 0
52 82 0 669
38 59 395 254
44 32 179 0
75 57 395 601
76 40 174 682
67 132 525 601
35 60 657 174
28 87 395 410
105 28 657 338
32 70 174 841
46 70 0 185
48 54 283 0
51 50 395 125
62 49 657 443
46 67 821 443
52 67 516 254
83 64 525 756
27 85 786 174
37 61 269 682
105 42 821 338
50 47 268 371
75 50 179 140
42 56 522 125
87 83 482 410
105 27 283 152
68 40 174 525
46 87 0 277
93 24 174 907
42 34 589 756
52 73 821 536
33 129 871 174
34 77 0 809
103 44 395 777
60 57 395 880
25 92 565 410
88 43 87 371
46 51 268 479
62 36 821 658
59 65 521 0
73 73 821 783
191 48 77 809
47 85 0 89
48 53 894 783
20 75 657 86
52 59 657 620
40 56 395 676
59 41 909 658
42 126 269 757
32 72 657 777
66 34 521 59
41 36 87 459
75 65 330 682
86 38 715 0
37 43 794 0
169 52 894 831
108 40 786 230
47 74 821 489
54 43 729 777
60 55 395 940
37 104 75 0
78 36 657 843
43 52 895 0
47 54 214 525
78 21 395 176
76 52 216 371
47 48 179 215
95 25 338 152
67 34 589 860
36 72 657 921
43 100 721 338
93 54 275 907
33 68 589 59
66 37 244 841
93 25 223 907
114 32 729 886
82 69 717 174
42 33 439 777
44 85 0 721
93 27 329 907
39 105 716 620
108 38 315 371
43 105 895 43
56 76 319 479
62 36 821 856
70 74 821 588
128 32 87 541
59 57 338 247
50 52 857 658
88 43 828 86
42 63 269 799
58 50 950 658
105 27 863 338
73 34 589 927
66 77 318 841
30 45 174 758
52 45 82 669
27 92 729 831
44 86 0 765
47 112 283 48
103 51 268 579
83 30 657 255
23 83 0 323
82 28 717 256
44 88 86 765
108 38 0 892
44 89 85 721
46 61 0 231
78 52 216 447
49 88 0 136
47 94 85 89
49 50 794 37
108 42 353 371
88 44 130 371
61 55 119 541
88 30 871 86
29 92 565 471
28 112 283 95
114 55 283 257
36 92 565 529
75 30 452 601
49 91 88 136
31 74 451 676
46 92 87 277
125 63 458 0
108 39 38 892
40 66 934 86
73 37 319 535
64 37 857 856
75 54 229 140
109 32 179 262
26 104 75 37
46 52 179 44
59 39 356 535
52 26 894 536
39 64 871 241
58 62 871 280
50 104 179 90
59 71 586 0
45 87 0 415
47 105 895 489
36 92 565 565
30 83 917 338
47 72 211 262
53 74 583 254
31 87 0 460
103 30 583 307
31 72 211 309
88 33 901 86
50 27 890 338
72 42 395 438
30 83 917 368
52 47 127 669
75 52 857 708
48 58 337 0
25 57 338 306
78 29 439 176
62 100 721 381
47 56 227 215
33 68 589 92
95 32 363 152
82 41 745 256
177 115 706 443
66 41 909 717
78 54 468 176
93 27 248 907
34 57 871 207
83 30 687 255
58 47 268 421
80 37 857 920
31 72 211 340
56 56 395 292
45 83 917 398
26 104 75 63
49 77 0 843
66 37 281 841
37 51 123 459
29 85 786 201
29 92 565 500
43 79 578 125
51 77 445 125
38 61 269 719
42 63 332 799
88 45 732 86
93 25 198 907
89 40 174 593
73 34 623 927
54 51 268 525
63 36 821 720
67 50 950 716
75 43 482 601
60 73 452 880
62 68 589 798
70 44 895 588
67 34 623 860
46 52 231 44
83 50 219 758
82 36 821 918
34 70 174 873
93 39 356 907
78 42 174 447
74 54 946 831
61 56 395 716
108 45 826 230
76 55 214 682
43 72 657 957
114 29 761 886
38 62 454 254
55 54 214 572
104 31 516 306
30 75 450 940
67 55 119 602
33 87 0 525
49 49 657 505
36 92 565 435
48 53 947 783
104 36 482 497
54 49 772 777
70 45 437 438
56 75 0 33
34 72 657 809
66 49 657 554
66 34 555 59
55 54 214 627
28 92 729 858
43 53 947 0
104 47 518 497
70 61 939 588
104 36 547 306
88 39 356 594
78 36 693 843
50 53 472 777
70 74 451 707
87 56 522 167
105 27 657 672
86 33 578 168
45 75 657 129
30 75 450 970
46 109 70 185
39 65 935 241
39 105 716 659
48 66 934 126
86 41 753 0
161 64 525 839
58 67 933 280
44 65 525 668
48 96 83 323
105 32 684 672
105 36 685 338
88 51 777 86
93 45 437 508
38 105 716 698
114 31 790 886
43 54 946 905
52 53 947 536
41 105 716 736
53 53 472 827
78 34 0 591
46 48 888 443
91 42 395 510
103 44 613 307
77 63 395 48
118 30 451 292
118 35 481 292
62 56 395 348
78 53 34 591
86 46 611 168
105 28 310 152
43 67 590 668
44 65 525 712
34 87 0 491
29 112 283 123
74 37 319 608
46 58 61 231
45 67 590 711
46 60 119 231
33 87 0 558
191 49 125 809
46 60 657 209
52 54 946 948
55 27 890 388
37 58 837 0
52 27 920 536
23 75 657 106
61 33 439 819
40 57 338 331
25 83 0 346
44 72 211 0
42 34 623 756
34 72 928 207
49 51 844 37
41 36 87 500
45 51 123 496
53 45 174 788
46 64 936 443
78 23 416 176
