4 500
292 423 6 0 0
708 410 6 0 292
292 577 4 423 0
708 590 1 410 292
31 54 0 0
45 37 0 292
43 46 423 0
40 43 410 292
72 86 0 146
46 39 708 0
76 22 0 525
54 37 0 700
66 49 588 292
59 45 0 395
29 56 0 808
42 41 410 533
61 27 781 292
72 23 159 525
39 48 781 524
47 51 194 292
85 31 279 525
33 41 172 146
40 85 519 0
52 72 807 0
50 50 193 700
76 22 588 581
77 31 781 700
69 26 410 383
36 86 0 218
21 77 0 601
32 55 151 0
45 43 781 610
36 22 494 383
49 39 410 623
25 82 588 745
32 51 604 0
39 47 781 353
42 61 781 777
31 105 176 808
42 20 885 610
33 61 151 71
45 17 498 292
33 55 885 524
34 67 343 525
35 47 604 101
34 96 423 110
32 60 878 353
25 32 0 650
28 30 410 725
37 52 604 175
24 89 807 122
75 29 279 71
92 41 781 432
39 49 92 700
26 70 209 525
24 35 301 292
31 99 708 94
57 56 588 805
31 97 54 0
38 60 56 808
58 39 807 174
32 27 807 52
33 51 676 581
36 46 676 658
39 43 496 533
30 30 116 808
89 36 410 789
60 33 781 863
61 21 91 395
54 44 295 700
49 44 490 623
43 47 423 178
72 42 86 146
47 43 85 292
35 55 172 219
48 29 878 418
29 77 176 870
43 64 936 418
81 22 54 65
64 47 200 395
24 39 410 575
62 62 281 808
40 58 842 777
102 26 534 623
44 50 159 597
53 21 470 178
35 66 861 52
29 31 49 525
50 48 37 292
23 92 496 572
36 50 538 383
49 41 77 601
30 101 487 725
102 41 449 623
53 40 885 557
32 72 206 0
54 30 56 892
51 18 676 694
26 60 116 875
75 40 342 71
69 50 92 739
28 32 176 934
26 66 128 292
79 50 828 353
36 49 604 212
52 44 896 122
30 111 670 745
95 29 343 605
35 56 861 87
77 50 850 700
56 45 708 162
40 44 632 581
33 60 878 385
45 45 482 789
37 46 708 218
32 96 200 459
23 60 747 0
28 53 194 339
33 56 296 459
37 45 708 255
81 25 99 65
92 24 822 432
46 78 842 817
52 15 879 0
47 50 781 563
120 31 209 580
34 53 254 146
64 37 295 395
21 50 469 0
52 39 240 580
21 46 542 292
101 26 655 0
44 51 604 248
103 28 336 292
63 26 116 937
33 58 352 459
36 64 291 219
83 22 632 662
35 64 227 219
31 30 278 0
81 38 410 452
32 25 253 870
41 52 243 700
21 80 920 817
37 64 291 255
47 20 519 80
31 85 519 177
25 93 588 358
51 53 728 694
38 21 227 254
77 38 812 700
35 85 519 208
58 50 193 750
23 85 519 127
23 56 245 292
43 24 279 610
56 50 469 54
64 38 332 395
31 89 321 870
32 57 250 934
40 66 644 805
59 52 482 881
60 95 807 232
59 72 410 878
29 86 86 218
52 26 534 881
17 49 681 358
54 30 86 892
30 54 670 775
17 48 423 144
39 36 446 789
33 54 0 69
14 56 588 862
44 52 676 614
42 50 151 104
39 52 604 136
40 40 519 40
44 20 588 657
71 27 346 0
108 55 37 700
34 58 307 146
31 42 307 934
53 49 681 403
75 23 538 458
60 16 482 940
74 27 588 926
37 46 708 125
106 29 907 418
68 29 859 863
72 20 128 146
38 25 0 254
77 39 781 923
33 51 142 739
31 52 176 839
34 48 200 491
73 41 213 146
20 41 382 71
34 48 487 755
35 23 307 965
37 44 494 456
52 61 939 0
41 64 136 395
71 45 0 454
50 41 69 650
58 28 0 873
49 42 519 243
35 22 45 454
56 54 247 339
77 39 820 923
33 37 918 863
64 48 247 395
49 44 588 411
38 55 172 254
56 43 85 339
81 27 124 65
19 50 900 777
69 45 91 456
47 52 49 554
27 85 519 150
49 41 118 601
39 56 307 180
92 32 846 432
37 61 824 610
47 54 831 563
16 58 365 146
61 45 955 863
33 89 321 901
29 98 902 232
71 18 918 929
33 58 352 492
53 39 410 672
39 60 363 180
45 43 781 655
52 60 940 122
31 98 902 261
44 45 453 292
46 44 498 337
31 72 410 937
44 53 655 248
66 43 637 292
44 18 588 701
62 32 343 808
27 45 955 924
59 46 45 395
46 67 343 559
49 43 561 243
59 50 159 641
35 83 917 87
44 53 728 614
33 62 938 385
39 52 656 136
39 21 141 700
44 18 781 819
33 30 146 808
53 61 824 647
33 67 212 71
45 38 372 605
41 40 303 610
48 115 885 652
35 77 176 899
32 62 938 353
32 72 410 968
29 111 889 292
42 22 730 403
34 59 859 931
29 71 710 805
36 29 355 219
32 51 889 321
60 22 814 863
74 29 615 926
56 54 753 162
85 33 310 525
92 61 527 789
30 26 680 292
75 34 308 71
47 45 482 834
61 24 470 231
33 54 534 933
71 23 423 221
24 40 410 599
68 24 632 411
23 75 925 557
66 19 208 934
28 93 588 383
21 45 453 336
53 48 37 342
71 38 308 0
45 39 86 247
37 49 632 479
61 49 681 456
35 82 588 770
101 27 681 0
36 27 410 753
46 60 56 846
64 40 370 395
35 27 859 965
48 46 542 335
40 50 950 777
102 28 560 623
64 49 681 517
35 73 927 52
68 39 240 632
54 37 0 754
63 66 644 845
48 60 747 46
50 49 110 650
69 56 0 931
81 22 448 452
28 92 496 595
54 35 710 866
121 44 588 460
81 23 76 65
32 71 710 834
47 43 561 80
81 24 470 452
30 81 808 292
37 53 754 125
23 36 745 866
77 24 128 318
49 40 303 651
25 33 920 838
40 23 781 392
38 54 807 84
39 20 539 533
63 17 142 937
17 55 151 32
40 44 494 493
38 54 0 31
34 54 534 966
50 38 372 650
76 27 22 525
32 24 446 221
69 24 436 383
33 54 727 581
28 30 888 863
65 49 632 516
33 52 243 741
37 54 753 255
28 89 807 146
80 35 710 920
33 56 296 492
58 28 28 873
45 47 125 247
41 44 632 621
29 33 209 551
54 30 56 946
36 51 142 772
32 34 253 902
30 75 925 580
34 52 243 774
35 57 651 101
63 64 936 461
73 22 516 383
83 36 745 917
77 42 152 318
38 100 900 700
36 46 45 489
48 17 708 46
31 81 808 322
45 51 730 358
40 45 559 40
37 53 754 218
34 53 535 755
83 22 654 662
66 36 706 292
16 56 0 837
71 25 373 0
32 28 940 321
28 77 0 622
30 57 724 775
35 53 357 965
36 59 722 658
34 48 471 144
34 48 248 491
50 37 32 650
90 51 730 491
103 46 364 292
37 52 656 175
31 27 182 525
29 64 136 436
75 27 561 458
39 50 538 419
30 51 604 32
69 34 460 383
54 30 86 946
21 71 339 700
62 35 375 808
34 48 54 31
39 53 254 180
55 27 339 753
76 22 610 581
18 43 410 332
47 58 101 554
52 35 301 343
58 37 0 337
42 45 451 533
54 44 295 754
68 25 656 411
31 53 228 839
37 68 355 255
71 25 398 0
34 57 250 966
33 60 940 524
53 44 490 672
66 39 742 292
34 49 102 31
42 78 201 104
39 56 829 524
46 51 730 445
46 66 644 908
60 15 136 465
39 100 900 738
36 55 653 212
67 46 423 43
58 55 846 174
55 44 366 753
24 56 245 315
60 23 836 863
39 51 604 62
52 28 560 881
46 66 644 954
21 73 927 610
58 99 901 174
51 34 694 694
25 47 953 838
35 27 330 965
55 41 382 91
36 26 680 322
40 24 804 392
50 56 588 876
47 22 539 80
66 23 227 934
21 50 900 796
38 32 176 962
25 32 0 675
39 24 446 253
21 73 927 631
44 26 606 701
61 24 112 395
47 24 279 653
44 54 0 102
33 43 410 350
28 49 681 375
33 37 918 896
36 23 116 901
44 21 799 819
16 50 437 753
35 32 886 965
53 28 491 178
50 36 446 828
29 79 80 525
28 53 194 367
39 29 559 533
41 27 182 556
32 34 339 721
40 30 278 31
36 39 384 219
18 58 365 162
49 45 955 951
45 27 515 292
42 22 905 610
34 30 146 841
28 36 745 889
28 47 440 725
20 56 0 853
26 45 453 357
32 32 968 321
44 22 820 819
40 41 172 179
37 30 116 838
24 47 449 575
58 29 878 466
32 34 287 902
61 25 494 231
22 46 542 313
23 60 747 23
44 24 608 657
39 31 162 700
20 50 437 769
38 43 248 254
40 30 888 891
37 22 494 419
29 37 242 551
32 27 834 52
60 49 151 465
32 37 373 721
24 46 450 599
60 36 498 940
72 24 148 146
31 61 349 934
71 19 936 929
38 61 25 254
48 22 725 46
17 48 423 161
22 55 151 49
36 37 139 901
32 43 278 870
35 24 67 454
42 29 752 403
52 45 894 0
39 72 206 32
33 50 469 21
27 35 301 316
63 17 159 937
