4 400
409 258 6 0 0
591 179 2 0 409
409 742 5 258 0
591 821 3 179 409
70 47 0 0
50 62 0 409
21 68 258 0
80 28 179 409
62 28 391 409
42 34 258 201
160 45 179 658
40 32 273 658
102 69 411 201
36 59 399 0
125 33 0 704
22 58 127 0
75 108 391 701
53 60 499 701
76 32 578 201
37 54 738 201
57 55 127 198
47 31 283 409
48 47 654 0
35 59 632 701
58 23 603 409
41 31 642 201
44 39 0 511
24 63 499 826
43 35 273 740
82 23 179 489
27 53 230 489
25 53 479 409
47 71 258 285
46 96 83 704
41 47 258 91
39 41 329 285
72 20 127 255
59 58 273 828
51 38 738 298
34 84 632 829
63 49 480 201
125 32 559 701
34 60 851 201
48 46 642 286
76 19 0 70
72 124 479 555
61 37 774 701
38 53 815 829
48 82 0 607
47 62 654 96
45 49 827 0
55 23 399 78
93 50 0 222
38 39 816 96
30 113 705 409
75 67 191 255
24 63 868 829
51 50 716 96
53 24 480 264
93 31 50 222
36 61 479 627
34 67 518 0
51 43 901 96
42 77 50 315
22 66 868 878
44 29 518 34
59 58 508 78
71 25 532 409
82 30 127 327
71 26 818 409
52 38 305 91
51 83 827 45
72 28 61 70
47 50 0 315
41 37 326 201
37 67 191 330
24 78 654 48
29 113 705 548
75 71 532 480
37 42 603 540
79 21 331 828
27 50 688 286
42 32 273 698
42 40 691 701
64 64 578 277
76 29 0 146
78 29 458 0
35 83 0 829
78 28 868 922
40 60 331 907
59 39 179 818
67 39 774 762
49 72 0 655
45 31 273 783
61 31 877 701
51 47 179 877
40 39 566 78
34 43 391 471
60 43 731 701
33 113 705 613
38 59 792 201
31 47 399 133
32 44 391 568
50 47 391 776
80 66 61 142
92 37 480 317
50 35 0 900
43 51 179 571
39 42 83 750
44 133 499 885
70 113 705 478
44 31 185 0
32 45 83 867
54 24 391 884
50 66 632 898
24 91 817 298
63 38 817 346
36 102 603 620
24 90 818 480
44 45 434 471
48 40 82 607
54 50 716 147
23 90 910 45
30 43 902 346
71 63 499 929
67 43 858 762
52 36 632 948
44 47 642 242
41 108 283 456
23 73 185 91
69 44 83 931
52 76 0 459
61 47 226 877
53 55 444 884
50 53 652 409
47 29 411 303
29 89 911 201
103 40 283 555
69 99 716 829
65 44 435 568
20 64 258 43
34 46 87 511
58 34 908 480
50 27 0 950
125 41 591 701
69 52 127 931
37 40 399 164
52 28 944 96
45 28 603 656
62 22 87 545
163 92 908 538
55 55 705 646
35 46 81 222
57 23 182 198
67 42 816 134
31 53 479 472
52 77 50 357
92 30 517 317
67 99 901 762
32 41 83 899
68 64 578 341
36 83 0 864
68 44 435 633
58 24 283 497
58 62 654 143
26 104 711 948
50 29 62 409
27 49 529 201
27 53 230 546
60 41 370 285
96 24 39 511
33 40 440 303
39 44 705 439
53 50 33 704
43 39 326 242
38 34 292 201
21 77 322 43
49 69 931 829
60 27 185 138
64 50 688 345
62 53 391 938
62 21 133 545
23 92 908 298
31 60 645 540
52 46 76 459
36 56 705 577
47 29 185 44
68 44 391 633
88 53 815 912
35 37 632 863
44 71 583 34
24 95 732 48
55 57 451 78
110 28 343 91
50 28 698 898
31 47 226 938
107 27 127 91
53 56 944 148
24 58 760 646
73 19 603 467
71 18 883 409
56 26 230 602
43 33 326 0
46 49 605 78
29 60 499 754
77 22 258 332
44 33 934 878
50 59 120 409
63 26 444 937
117 54 125 750
26 56 335 497
73 38 818 545
59 29 411 350
24 91 817 322
73 40 440 336
63 29 470 937
44 49 689 242
63 28 851 235
58 23 81 257
42 86 305 698
44 42 216 0
45 87 304 783
34 69 585 0
63 20 945 346
60 21 738 238
50 29 91 409
25 63 868 853
32 50 688 313
38 39 352 828
52 39 0 555
40 86 305 658
25 53 479 503
23 56 27 950
76 32 610 201
31 43 391 505
54 28 371 91
76 20 19 70
21 77 314 409
38 53 479 434
33 47 258 132
40 76 207 409
26 77 314 430
22 68 258 21
24 73 185 114
57 53 205 198
58 28 307 497
72 18 89 70
33 43 902 376
45 45 876 0
41 65 673 201
34 46 133 511
78 31 487 0
27 53 479 528
50 43 726 898
81 53 652 459
33 44 391 600
46 34 292 239
18 70 930 922
45 39 921 0
37 41 329 324
32 43 391 536
52 43 668 948
107 31 154 91
60 70 930 940
51 50 766 96
43 46 365 242
83 42 818 618
26 104 711 974
45 30 631 656
24 78 654 72
55 29 422 78
43 40 359 0
63 35 965 346
45 44 661 656
58 26 626 409
49 60 645 571
48 60 701 0
47 44 214 44
32 55 124 899
34 39 566 118
72 20 107 70
59 33 562 826
60 33 759 238
62 24 109 545
58 49 391 826
36 49 529 228
59 55 218 818
103 27 323 555
38 124 479 663
48 57 122 607
35 47 669 863
62 25 154 545
25 92 908 321
25 58 942 480
41 39 352 866
31 62 446 133
44 36 547 34
53 45 434 515
28 64 258 63
27 56 27 973
71 80 920 409
86 40 691 743
82 28 202 489
78 42 83 789
54 29 415 884
93 27 632 736
61 92 908 701
33 58 942 505
49 39 566 152
73 30 622 467
71 19 901 409
43 83 308 740
58 38 305 143
64 41 370 345
59 37 595 826
71 46 557 409
54 25 766 147
45 53 815 867
76 22 39 70
53 74 504 264
62 60 419 409
27 77 322 64
41 48 363 201
31 58 760 670
71 39 844 409
77 49 280 332
69 28 127 22
54 25 791 147
58 23 104 257
71 32 562 929
69 30 155 22
58 59 440 826
32 51 128 867
49 48 72 655
29 53 230 573
31 47 226 969
44 33 967 878
30 53 230 516
28 90 910 68
35 63 499 850
92 31 547 317
36 47 258 165
77 20 605 124
96 24 63 511
63 32 879 235
48 41 329 361
93 32 659 736
56 27 256 602
41 90 818 504
38 46 855 96
32 56 335 523
60 46 212 138
51 41 776 298
56 28 371 145
60 41 776 349
77 29 625 124
50 48 35 900
43 60 499 783
60 38 738 349
22 66 868 900
42 34 258 243
70 40 47 0
45 40 960 0
73 52 856 545
24 95 732 72
36 57 761 577
37 69 439 164
42 59 399 36
72 44 147 255
43 42 603 577
52 28 972 96
39 69 749 439
113 58 273 887
103 41 350 555
36 63 540 627
160 49 224 658
72 50 33 757
49 59 120 655
54 43 901 147
68 89 911 230
70 40 87 0
64 58 508 137
68 43 731 761
67 43 858 134
78 34 896 922
61 66 811 701
47 50 0 362
42 67 191 367
50 61 438 776
40 76 207 449
59 59 792 239
83 48 860 618
76 32 29 146
71 38 594 929
48 66 761 0
72 47 179 928
52 57 122 459
50 46 769 898
67 45 813 762
53 60 331 947
82 34 157 327
63 47 855 346
44 51 179 614
75 46 642 334
