6 300
383 275 5 0 0
192 725 1 275 0
617 275 6 0 383
521 725 3 275 479
287 343 3 275 192
287 382 1 618 192
48 38 0 0
78 22 275 0
59 57 0 383
61 67 275 479
62 58 275 192
57 61 618 192
40 44 577 0
84 40 427 479
171 53 0 627
83 70 134 0
96 65 130 627
88 33 596 479
126 32 425 192
63 61 427 661
57 38 0 502
39 40 753 479
64 64 0 798
77 74 275 324
97 35 753 652
114 51 275 78
54 61 131 383
45 81 427 563
39 71 425 0
42 69 666 0
85 68 596 567
44 82 427 798
76 76 349 324
39 65 134 174
49 70 596 737
50 69 842 652
52 87 666 737
55 67 134 265
47 71 130 723
85 44 664 567
41 62 134 83
140 42 498 192
52 72 114 502
49 71 666 87
24 67 275 735
51 33 427 896
73 30 666 854
31 77 53 627
30 64 134 320
60 54 488 661
89 105 753 563
105 34 577 87
89 69 858 563
53 82 427 608
60 54 542 661
122 33 753 749
125 89 186 502
27 85 342 479
50 69 382 78
52 32 201 723
42 94 806 0
91 24 842 805
67 74 201 859
60 60 0 442
46 71 808 87
51 72 842 702
59 70 596 845
87 38 900 0
104 31 504 896
105 32 737 87
57 63 0 862
52 75 842 753
41 149 851 479
60 37 342 602
85 43 664 652
105 27 879 87
65 61 131 437
85 71 130 828
38 130 0 919
36 93 907 805
26 89 753 871
70 51 275 254
39 73 425 318
98 36 509 798
50 33 275 606
37 67 0 101
71 59 498 332
64 63 618 314
54 91 801 192
98 40 907 902
76 43 750 314
38 74 275 401
55 65 0 180
83 71 204 0
52 63 937 87
79 31 349 400
46 43 618 378
91 36 199 174
57 56 326 78
37 68 596 652
89 25 927 563
64 36 540 192
104 31 842 896
43 86 667 479
91 38 53 707
82 73 425 397
51 64 0 235
65 57 618 249
78 76 349 0
78 49 853 314
56 61 451 78
76 36 498 403
57 30 793 314
43 70 851 520
55 62 618 424
46 80 195 627
39 64 425 39
87 71 735 0
53 30 0 48
73 36 666 927
41 71 130 913
40 85 342 735
66 32 275 540
22 86 667 522
31 74 201 775
97 41 0 286
56 30 512 78
24 74 201 265
104 26 535 896
65 41 666 789
57 67 63 862
50 89 911 652
89 43 750 390
84 58 793 479
64 69 382 128
58 67 275 801
61 93 907 841
85 45 708 567
104 34 873 896
43 56 0 957
45 76 38 502
54 60 793 371
97 54 788 652
60 71 60 442
23 69 65 180
50 66 134 124
59 74 57 383
34 61 427 724
57 57 679 192
58 65 512 134
53 30 67 48
64 67 275 859
105 55 611 87
22 70 596 786
54 60 793 425
32 126 675 249
27 82 427 842
56 71 666 136
64 25 681 314
33 126 675 281
26 89 753 934
53 63 937 139
48 34 596 904
46 36 630 904
32 66 64 798
28 92 333 192
70 49 326 254
58 61 451 134
55 70 680 424
80 76 38 547
32 71 801 246
58 56 786 749
70 50 375 254
46 93 41 286
50 80 195 673
45 94 806 42
24 93 41 332
98 51 545 798
68 49 872 246
30 79 921 246
129 34 308 606
74 74 201 926
87 62 938 0
140 42 576 192
91 40 235 174
22 75 200 124
25 87 509 608
58 41 457 192
42 134 0 138
77 54 488 721
133 48 379 602
51 70 64 235
41 42 902 314
91 39 91 707
49 44 460 896
63 35 198 320
39 88 508 479
98 53 947 902
38 41 467 479
26 83 192 383
23 89 577 40
85 46 707 652
64 41 342 538
45 43 508 563
45 88 508 518
52 41 917 753
51 43 914 702
71 30 557 332
57 65 736 192
59 71 808 133
64 56 786 807
23 83 192 437
87 49 853 392
173 85 342 827
53 37 97 48
42 83 192 460
79 33 275 656
74 56 944 314
33 64 134 350
37 70 596 808
24 96 38 0
42 67 275 759
46 41 467 517
57 42 902 355
52 42 233 723
88 38 629 479
32 69 65 203
45 40 753 518
73 51 702 927
57 30 823 314
50 36 630 950
48 34 596 952
38 79 921 276
24 89 577 63
53 37 30 48
39 81 496 0
24 96 38 24
28 75 200 146
25 85 342 775
43 74 56 957
31 74 201 289
34 92 333 220
44 48 952 563
23 86 667 544
56 35 542 78
45 45 551 563
46 71 130 954
46 89 661 378
64 44 706 314
40 61 427 758
53 33 427 947
78 52 297 0
40 45 621 0
54 108 892 192
40 73 425 357
49 77 53 658
38 84 534 403
79 45 380 400
53 74 201 806
91 25 944 388
41 79 196 83
55 44 460 945
65 46 707 789
37 67 67 101
68 41 457 250
76 36 540 256
48 68 596 689
73 29 114 554
28 87 509 633
73 43 143 554
52 42 958 753
40 74 275 439
63 42 233 320
71 31 587 332
37 67 275 923
64 44 383 538
38 84 534 441
45 48 952 607
43 79 921 520
73 37 342 662
104 35 561 896
27 82 427 869
58 71 130 770
37 89 753 897
27 85 342 800
52 65 134 213
67 42 902 412
32 66 64 830
28 83 192 409
91 41 866 805
32 85 342 506
105 31 906 87
68 38 0 559
77 54 542 721
91 31 969 388
45 69 666 42
40 89 753 960
27 93 41 356
40 67 275 960
36 71 801 278
73 57 696 854
105 39 769 87
39 88 489 39
57 56 326 135
66 35 307 540
51 43 957 702
