3 500
1000 374 3 0 0
1000 310 6 374 0
1000 316 6 684 0
63 93 0 0
42 144 374 0
28 55 684 0
27 38 0 421
101 45 374 358
23 89 0 141
79 26 0 612
34 51 0 262
57 104 145 612
29 57 374 562
68 17 518 0
43 25 490 562
80 55 684 234
39 31 684 117
43 77 684 418
45 29 0 515
23 61 249 612
46 38 490 746
69 90 187 0
55 61 684 506
38 46 249 793
21 74 518 154
27 108 158 262
40 27 374 759
53 61 0 772
36 41 186 141
43 32 582 746
26 42 818 506
72 81 187 69
21 74 839 418
43 84 61 772
24 46 93 0
70 88 818 614
21 61 249 873
43 25 518 68
34 38 374 858
73 26 490 854
41 25 162 421
30 35 158 316
97 71 123 515
64 42 0 198
82 21 310 612
34 39 264 421
18 61 684 314
23 80 65 612
31 75 824 234
35 40 819 314
23 92 592 154
34 43 684 622
25 44 490 927
31 46 268 69
27 45 91 198
94 42 77 421
71 58 374 929
34 43 277 0
45 34 518 233
117 45 751 117
45 71 839 461
97 26 61 515
45 33 194 515
20 74 745 314
56 36 795 0
43 166 518 111
51 31 232 316
54 108 266 262
20 52 268 141
41 42 273 515
76 20 582 833
79 50 51 262
24 43 818 684
34 46 0 63
33 40 65 690
121 61 0 879
61 19 684 561
64 16 684 690
138 42 61 862
43 60 374 42
23 54 320 141
28 47 145 669
30 101 795 56
22 58 432 759
34 38 906 614
22 52 896 56
29 42 684 58
41 39 296 316
39 47 899 234
75 23 101 262
34 65 0 691
41 41 908 506
56 20 886 0
45 34 684 461
65 31 684 834
45 32 310 694
58 77 796 117
26 41 227 141
30 46 145 731
44 29 684 899
63 27 749 690
31 51 145 828
25 42 374 459
101 41 475 358
52 26 873 117
52 99 901 314
46 46 592 251
71 64 545 562
103 60 491 459
32 46 905 684
35 59 625 833
71 29 249 929
43 39 905 779
20 67 751 899
39 45 374 194
59 19 796 175
28 37 609 562
80 22 51 341
30 55 490 649
34 134 684 656
84 27 101 337
30 50 374 276
71 26 432 929
95 49 951 684
61 92 592 297
27 38 818 559
18 64 545 633
43 44 374 233
40 43 119 421
44 50 582 789
54 35 927 117
48 43 557 358
40 27 374 620
32 42 859 314
25 68 750 834
37 49 374 892
68 49 577 0
81 25 749 753
43 94 93 48
27 38 962 117
23 84 600 358
37 41 516 358
71 24 311 929
52 99 901 366
51 26 249 691
49 52 145 893
80 29 684 754
51 31 551 459
50 35 416 459
34 47 374 660
19 75 609 648
58 104 145 942
101 26 419 358
26 46 162 462
45 40 905 876
97 27 315 515
46 39 335 316
80 25 0 341
61 23 750 561
50 21 93 91
41 29 899 273
80 26 739 234
42 62 249 831
57 97 89 141
50 54 528 746
45 24 434 42
60 55 945 876
65 17 374 694
25 59 625 910
51 92 592 200
41 51 949 506
46 40 552 233
26 46 905 822
109 28 818 746
29 116 374 591
56 22 943 0
54 84 600 405
45 79 760 461
44 93 0 97
54 30 232 367
68 25 626 0
41 106 268 100
35 43 277 34
21 64 545 687
34 34 145 859
86 38 646 562
97 58 191 731
46 30 303 421
56 28 310 873
52 65 551 510
25 42 103 862
37 43 424 276
51 20 751 949
45 36 715 117
51 28 615 459
54 19 0 825
52 26 684 366
47 37 61 815
19 55 945 936
24 46 227 515
43 40 451 459
61 18 948 56
20 71 303 467
61 20 320 201
28 39 38 421
52 23 616 510
44 43 582 909
43 78 761 418
55 73 745 506
45 34 910 461
27 56 739 0
22 74 745 360
30 53 684 87
44 32 342 694
43 25 913 418
73 48 534 927
36 34 906 648
41 40 105 690
37 43 818 855
45 26 945 955
61 17 340 201
76 23 602 833
59 19 335 362
34 104 145 697
65 17 873 169
58 37 609 590
37 29 91 225
31 35 715 834
42 25 625 868
53 35 416 509
41 34 928 273
64 21 700 690
39 28 73 341
26 74 745 334
29 69 726 58
67 21 490 679
73 26 516 854
46 41 333 421
79 39 26 612
65 26 409 694
34 56 944 614
80 26 25 341
43 28 418 233
41 28 73 380
36 36 745 382
22 74 839 439
68 42 535 0
45 56 944 461
25 43 119 461
20 56 944 779
45 29 971 955
31 39 296 357
29 43 119 486
41 38 962 273
24 94 93 24
27 42 19 825
29 45 773 561
34 35 715 865
20 52 197 893
25 60 374 85
47 43 582 953
36 38 781 382
52 35 710 366
87 30 515 562
51 33 582 459
43 28 938 418
17 61 684 332
64 28 721 690
39 31 684 156
30 67 751 919
27 54 158 289
56 35 965 0
48 44 490 952
39 52 896 78
27 54 212 289
30 34 124 262
39 99 419 194
63 20 905 716
63 17 927 171
22 50 374 306
47 32 29 515
60 40 451 502
44 52 632 789
52 28 899 117
55 32 342 738
59 18 834 175
47 28 0 725
34 40 727 622
41 25 213 421
59 20 354 362
66 39 38 449
59 19 815 175
33 39 296 388
51 47 771 949
56 36 338 873
72 18 859 346
27 102 162 488
38 34 609 667
82 21 331 612
52 45 639 510
38 35 275 691
26 58 432 781
63 26 925 716
46 23 638 251
22 51 0 296
50 32 29 562
109 59 846 746
51 20 643 459
30 41 186 177
45 94 424 313
39 31 684 195
23 51 0 318
71 19 335 929
34 54 320 0
105 39 193 316
52 29 0 560
27 39 264 455
79 40 905 921
59 21 852 175
34 30 445 358
38 34 295 793
17 67 423 892
67 30 445 392
63 18 944 171
30 41 434 87
34 32 179 859
26 56 208 462
56 42 273 556
80 34 518 278
56 27 831 0
45 42 718 461
43 31 446 233
43 41 477 233
40 30 750 859
49 46 227 563
30 50 374 328
36 60 940 648
38 45 329 793
80 36 713 754
71 44 861 855
27 42 776 690
64 41 227 198
27 44 818 532
41 26 187 421
38 29 818 708
41 40 105 731
58 74 518 175
79 20 552 279
73 20 542 854
80 59 765 234
42 34 650 868
61 17 357 201
31 60 314 69
40 36 401 620
24 48 139 0
53 43 557 406
62 38 490 792
17 63 311 831
34 30 421 660
23 56 944 799
21 75 824 265
47 37 28 725
54 34 262 367
29 52 197 913
43 34 966 418
52 33 194 560
65 24 625 935
74 44 861 926
27 50 136 198
65 17 890 169
65 20 907 169
33 42 103 912
41 75 609 705
38 41 643 667
45 34 124 292
77 84 434 117
40 53 437 620
27 41 186 207
31 56 739 27
37 33 120 225
43 103 581 68
22 47 98 815
56 28 858 0
72 36 715 162
37 51 467 276
34 78 412 858
56 37 906 0
33 39 264 482
20 58 432 807
25 47 98 837
55 80 65 635
55 52 856 559
28 38 818 586
34 35 158 346
82 22 352 612
16 64 545 708
38 38 713 899
40 38 780 859
80 20 268 182
37 31 401 759
57 29 684 943
28 57 192 669
28 45 905 848
54 32 310 739
49 40 65 723
65 35 649 935
19 58 847 708
26 48 860 506
51 21 663 459
80 32 288 182
26 55 435 694
73 20 562 854
34 39 451 660
84 22 374 110
28 75 824 286
31 47 795 86
78 21 374 484
21 52 268 161
59 27 374 799
19 60 458 42
69 40 819 349
31 58 432 827
50 73 114 91
84 30 128 337
31 54 842 86
37 54 320 164
78 21 395 484
43 38 543 68
31 53 196 828
62 31 401 796
33 36 87 515
51 26 249 742
28 41 186 234
30 43 475 87
71 20 354 929
65 18 391 694
19 54 946 234
97 32 342 515
79 20 572 279
90 38 962 144
23 92 592 177
64 18 516 395
22 64 545 724
63 38 713 937
29 59 431 562
17 61 684 349
34 38 211 859
28 71 303 487
24 44 861 684
34 47 46 63
46 23 661 251
26 60 458 61
28 50 950 848
35 54 320 34
61 34 966 56
25 42 103 887
24 46 227 539
108 43 818 892
71 32 458 929
36 42 776 717
20 54 946 253
55 19 103 945
26 49 951 822
72 24 877 346
39 55 435 720
67 34 511 679
64 36 87 548
24 84 600 381
27 42 19 852
68 33 651 0
64 35 275 729
84 38 396 110
37 33 153 225
51 33 263 316
35 61 249 894
41 35 158 380
25 63 311 848
34 89 0 164
64 23 534 395
81 44 774 753
36 64 545 651
71 33 278 929
18 70 614 746
30 58 737 87
27 46 862 532
67 51 949 547
44 25 490 605
56 61 249 635
64 49 42 198
61 47 703 561
20 67 423 909
34 51 767 622
19 58 847 727
41 26 238 421
32 45 773 590
67 41 908 547
30 55 684 28
31 41 227 167
25 70 614 764
58 54 528 796
67 46 145 761
67 38 0 448
55 23 122 945
