5 300
459 330 5 0 0
541 345 4 0 459
541 655 2 345 459
459 230 6 330 0
459 440 3 560 0
95 34 0 0
41 43 0 459
52 57 345 459
75 39 330 0
49 60 560 0
25 92 157 459
108 64 719 0
118 31 532 459
36 131 532 702
47 46 532 577
97 43 0 192
77 32 0 289
41 57 759 459
81 33 345 564
60 40 330 156
82 83 330 277
60 34 679 577
67 37 93 289
60 48 802 577
81 39 330 75
29 79 345 739
42 49 345 819
47 55 345 906
44 47 854 0
37 72 186 289
47 35 345 645
38 54 719 225
43 47 161 192
30 91 157 680
65 38 157 550
45 71 560 127
41 71 783 0
62 50 900 577
100 30 854 219
39 69 73 0
29 113 330 216
32 72 258 289
60 68 560 273
55 146 854 98
54 188 157 768
72 26 663 702
49 64 663 847
65 37 157 615
42 75 925 219
69 42 532 840
59 127 873 459
145 97 792 702
46 44 889 702
27 79 157 877
34 85 142 0
31 92 804 847
40 67 142 84
50 49 0 592
123 48 236 877
47 77 0 696
47 56 345 953
42 46 602 459
78 48 532 624
88 43 248 680
40 75 925 310
67 33 854 319
29 71 783 103
59 38 620 0
65 123 679 637
44 48 249 459
27 75 0 642
91 32 0 743
47 47 345 692
65 31 250 550
33 93 0 366
66 27 854 153
37 66 418 0
88 38 804 912
97 31 0 95
77 34 574 840
59 56 873 518
57 33 560 333
55 50 850 577
24 84 161 235
50 50 950 577
51 48 209 84
29 72 186 373
61 35 443 216
84 30 227 0
123 61 284 877
43 50 881 912
45 61 663 896
37 69 73 96
67 67 933 702
41 89 574 917
37 54 424 739
36 60 402 459
58 31 719 108
89 35 258 370
32 72 0 834
54 37 854 44
108 36 257 84
54 37 245 235
40 53 415 564
41 49 415 604
145 77 715 702
33 71 854 386
81 33 411 75
127 61 658 0
59 141 663 941
38 65 418 37
45 59 881 955
43 48 719 326
31 93 93 356
35 75 485 75
28 104 896 847
82 62 413 277
66 33 908 153
58 40 157 710
101 56 560 172
75 22 950 627
46 44 889 748
49 77 727 847
37 54 759 500
35 125 32 743
101 81 773 225
47 72 186 326
126 126 593 333
53 44 889 794
38 77 483 37
41 57 816 459
81 42 369 75
47 60 401 953
118 39 563 459
24 75 925 261
89 37 293 370
78 99 580 624
39 135 719 369
65 48 802 637
75 49 369 0
61 39 478 216
50 33 750 108
50 42 49 592
22 75 485 110
47 67 392 692
44 48 901 0
77 61 32 289
73 52 663 774
56 41 32 778
57 48 209 135
81 41 444 75
37 104 896 875
65 32 240 615
40 71 854 419
37 60 560 49
67 56 130 289
88 39 842 912
47 35 461 953
34 92 804 878
62 33 783 41
41 68 464 604
66 59 941 153
77 55 608 840
28 71 929 518
67 38 887 319
49 72 258 321
30 84 161 259
54 37 293 84
84 24 257 0
55 59 157 822
40 54 291 680
43 52 424 776
42 42 574 958
97 42 31 95
35 50 850 632
44 51 949 0
41 118 43 192
54 48 282 235
36 138 394 819
47 132 400 906
24 85 142 34
47 42 249 503
65 31 272 615
63 50 900 639
56 37 73 778
43 56 476 776
65 42 303 615
47 117 415 645
63 54 719 263
84 49 281 0
47 54 291 503
55 129 216 822
65 27 195 550
40 64 468 564
50 66 91 592
59 69 73 133
25 85 475 277
72 46 93 387
72 47 139 387
36 131 532 738
32 53 330 245
41 60 560 86
100 40 330 359
66 41 532 774
33 51 616 172
68 38 620 59
78 67 933 769
48 54 291 720
47 73 459 692
51 135 719 408
43 52 208 192
31 92 157 484
26 85 142 58
57 69 73 39
58 51 197 710
60 93 0 399
47 43 370 359
37 60 813 500
54 82 75 642
81 37 378 564
61 43 517 216
27 75 0 669
50 85 72 834
45 80 724 896
44 48 297 459
53 43 370 406
43 87 767 326
68 103 616 205
37 54 478 739
47 80 77 696
54 37 891 44
54 85 475 302
45 49 345 861
92 157 0 500
57 72 186 402
45 44 631 127
66 29 573 774
24 72 928 44
96 79 157 904
54 37 293 138
65 64 281 550
109 33 925 350
43 39 34 0
116 85 72 884
40 54 759 537
35 92 157 515
40 60 813 537
45 60 940 955
51 36 345 768
60 91 628 273
37 76 484 0
31 71 929 546
68 67 142 124
56 118 43 233
43 70 260 192
62 38 816 41
49 42 958 350
33 130 402 495
56 47 110 778
60 190 370 156
45 44 675 127
102 36 0 898
72 26 689 702
47 101 578 577
52 39 34 43
66 27 881 153
93 25 783 132
60 89 713 577
65 46 194 615
33 52 667 172
39 46 808 132
24 75 485 132
76 63 602 501
32 60 383 245
60 42 958 399
91 42 532 909
59 31 719 166
41 52 43 459
75 28 972 627
41 62 95 459
102 36 36 898
76 94 665 501
35 50 850 667
54 46 808 171
32 72 0 866
66 61 602 774
47 35 380 645
47 36 496 953
67 33 750 158
25 75 925 285
69 33 560 390
51 138 394 855
42 47 616 958
42 111 648 459
43 69 931 912
53 57 345 511
100 25 413 359
100 37 438 359
30 72 928 68
100 41 884 219
36 70 462 459
103 85 475 356
36 130 402 528
51 43 381 768
65 28 222 550
