4 300
402 398 5 0 0
598 225 6 0 402
402 602 2 398 0
598 775 4 225 402
66 85 0 0
84 40 0 402
73 26 398 0
107 27 225 402
52 27 0 700
50 31 225 693
51 45 521 693
50 45 513 402
66 36 398 166
81 41 684 0
57 94 510 166
41 104 0 486
79 109 0 825
35 44 0 904
31 59 398 73
103 56 0 146
118 30 604 166
39 150 684 81
27 77 362 693
21 74 119 146
44 38 439 693
146 45 186 0
40 51 225 509
43 55 225 845
64 39 513 535
85 82 834 81
113 60 719 693
194 49 719 806
51 40 439 843
30 81 340 509
80 92 421 509
80 63 0 66
68 20 616 693
93 75 523 73
119 94 510 283
47 29 823 806
171 50 616 829
65 56 0 249
62 24 110 700
74 95 521 838
133 56 708 402
42 48 725 535
56 29 0 569
58 49 103 569
45 32 823 902
25 59 845 402
158 49 616 535
55 100 604 284
102 34 362 786
97 26 225 596
55 39 604 402
104 92 421 589
56 53 666 829
31 81 825 535
63 115 110 762
85 84 916 81
113 70 850 693
90 78 825 603
42 86 598 73
51 28 56 249
73 122 103 627
35 44 704 284
113 71 779 693
58 26 666 693
23 76 524 0
34 97 903 603
64 41 280 845
42 41 225 743
37 122 119 219
22 80 920 693
37 50 89 904
83 121 104 486
42 55 768 806
83 51 398 232
56 44 904 402
67 23 773 535
41 45 677 166
74 20 321 845
28 60 665 535
93 32 457 73
21 65 684 120
43 32 513 599
145 50 566 693
81 42 774 0
25 85 823 947
60 23 225 785
33 45 604 457
48 37 892 806
34 110 0 752
26 100 604 339
81 56 878 0
56 95 788 166
157 42 479 843
48 108 892 854
24 66 722 166
68 94 906 535
66 36 85 0
35 47 193 146
29 60 101 402
79 116 109 825
64 32 764 402
72 72 231 0
73 84 600 0
62 90 788 222
56 32 883 166
122 36 340 571
31 48 63 66
75 21 0 625
73 108 290 146
62 122 878 222
112 77 362 888
133 46 558 402
108 27 119 294
23 81 764 466
75 69 241 219
23 88 310 219
36 64 161 402
60 23 510 223
35 42 303 0
59 30 89 941
97 26 768 903
23 61 449 232
20 77 294 402
51 96 204 294
103 31 56 146
33 62 278 596
52 50 371 402
146 53 345 0
150 44 477 693
42 34 521 912
77 37 904 458
23 90 204 345
107 92 421 402
24 61 449 317
54 32 803 284
68 21 616 761
74 72 231 72
83 60 665 610
57 80 920 749
24 81 281 785
84 30 40 402
51 86 598 115
87 51 398 315
45 52 604 490
29 66 722 221
53 92 908 947
47 41 225 549
38 41 193 181
57 51 294 345
50 43 396 786
51 98 300 294
37 45 376 571
34 56 887 284
37 86 139 904
31 63 56 300
75 82 21 625
31 61 449 255
50 36 256 693
40 41 321 919
47 33 266 549
56 85 915 166
57 26 943 284
60 33 248 785
81 62 816 0
52 43 396 836
55 55 768 848
50 76 524 23
43 52 773 602
97 27 251 596
60 71 533 223
68 29 637 761
34 44 204 368
51 35 84 249
81 22 725 0
55 26 643 402
40 34 489 73
94 71 545 599
48 64 161 438
47 30 665 563
112 55 225 888
31 66 722 190
34 80 920 715
39 41 280 909
41 41 321 959
45 107 893 902
83 99 704 319
45 38 855 902
64 22 796 402
56 97 903 637
42 104 0 527
37 81 825 566
42 38 439 737
24 61 449 341
46 85 749 120
52 88 310 242
84 23 887 318
35 55 748 284
30 59 398 104
64 38 439 779
68 30 636 693
30 58 146 294
38 122 119 256
64 62 278 629
56 26 948 402
53 34 489 113
32 59 398 134
47 30 695 563
47 29 794 903
108 59 845 427
66 76 434 166
49 32 823 853
25 65 684 141
88 61 555 912
38 56 234 181
48 52 773 645
84 31 70 402
49 61 63 97
118 52 835 284
24 60 101 431
81 66 934 0
50 70 292 693
78 58 146 324
46 34 521 954
37 43 604 365
81 27 747 0
67 29 796 535
34 66 722 250
61 24 943 341
115 53 666 885
33 59 649 457
34 46 248 368
52 41 280 948
85 22 376 608
31 59 941 458
57 31 969 284
88 56 0 314
116 48 725 577
85 23 398 608
37 61 449 365
45 43 634 166
73 43 634 211
57 24 345 345
35 50 240 146
31 75 111 66
28 85 823 972
57 29 369 345
32 81 340 539
64 32 803 338
50 29 794 950
61 89 0 939
61 33 967 341
67 77 294 442
36 38 281 809
31 61 449 286
66 77 362 720
47 32 87 146
77 21 677 207
45 52 656 490
56 26 974 402
47 41 299 549
66 65 121 0
51 32 513 642
31 60 101 455
55 25 371 454
20 77 294 422
46 59 941 489
42 96 266 743
84 33 910 318
35 45 44 904
46 81 764 489
49 62 124 97
74 21 341 845
73 100 424 0
56 74 29 569
78 53 666 751
58 73 152 569
52 83 27 700
64 64 552 535
40 64 276 509
48 71 929 806
37 57 647 365
36 43 319 809
106 40 439 894
39 110 0 786
107 42 252 402
56 32 87 193
83 45 513 452
111 42 303 35
64 27 818 402
94 45 521 744
71 63 56 331
52 74 119 167
47 40 852 806
55 39 669 402
59 106 119 941
58 27 692 693
77 24 698 207
49 37 855 853
62 91 134 700
55 25 396 454
