3 300
1000 273 3 0 0
1000 362 4 273 0
1000 365 5 635 0
33 65 0 0
108 60 273 0
52 56 635 0
38 53 635 252
25 83 0 493
102 68 130 0
58 36 273 349
97 41 444 349
38 71 273 108
34 33 439 108
80 68 273 592
64 87 444 613
38 61 635 505
23 83 273 770
57 73 273 465
68 41 0 628
35 72 444 776
65 31 0 207
30 90 93 628
47 50 635 120
55 38 635 373
70 24 93 792
43 64 130 208
24 92 811 505
79 31 811 602
93 65 65 0
65 43 531 613
90 78 811 790
53 96 404 0
40 60 130 102
84 32 93 708
51 44 751 0
44 47 344 108
44 47 533 349
28 86 635 588
47 51 507 108
55 37 344 222
60 73 761 120
61 47 533 459
30 95 806 373
58 18 719 373
59 65 870 0
50 130 0 341
69 56 507 210
144 47 130 349
36 62 811 880
35 52 761 180
47 135 500 0
50 54 273 872
91 24 635 652
64 79 444 849
63 34 439 181
66 61 130 142
75 55 580 459
39 62 635 167
51 127 873 880
43 54 889 790
102 77 558 108
61 33 500 47
54 25 333 0
64 117 327 872
120 60 691 0
62 71 273 189
98 51 531 678
63 65 0 79
39 63 0 391
54 37 742 252
33 130 0 272
31 72 635 743
41 49 696 505
85 30 697 167
29 95 806 439
55 96 404 53
66 46 901 373
139 36 563 210
98 65 273 672
43 90 444 913
31 95 344 277
64 44 721 588
99 87 444 677
98 25 582 678
38 101 534 913
121 54 688 252
41 94 179 708
30 43 444 446
52 96 177 349
34 59 874 602
70 32 273 522
42 143 130 251
34 59 751 51
109 30 811 681
46 46 93 862
44 46 673 373
49 48 391 108
62 36 599 210
73 28 516 776
56 70 130 293
46 54 139 862
98 52 338 672
39 54 390 672
64 32 523 849
40 134 139 908
35 60 865 180
70 98 346 522
52 48 139 948
120 32 935 0
39 126 874 671
66 99 901 439
45 49 757 373
69 59 873 931
29 93 0 696
57 44 346 465
38 55 580 534
135 34 83 493
98 71 273 251
45 50 702 652
35 119 751 85
46 54 702 697
39 32 341 592
52 43 351 349
36 62 0 305
60 73 834 120
30 68 567 47
47 55 889 833
49 86 811 553
82 83 0 546
110 55 580 349
80 55 874 710
30 36 198 0
105 68 439 244
53 38 273 819
49 88 356 770
60 41 907 120
92 23 177 401
69 33 932 931
28 90 183 628
35 126 874 636
58 35 819 252
52 44 892 252
32 71 929 710
42 104 707 743
41 50 223 401
49 103 897 553
29 78 273 407
73 28 574 776
83 66 745 505
69 108 892 304
37 48 865 215
77 46 487 446
67 77 742 306
47 93 0 848
43 47 179 749
32 67 63 207
66 82 191 142
49 49 534 951
54 19 333 54
44 90 444 956
120 33 967 0
70 56 507 279
64 93 351 401
41 103 341 631
51 43 0 895
64 35 327 936
47 48 485 349
88 72 635 806
63 61 0 430
48 47 903 505
30 69 61 430
44 65 65 93
25 46 350 819
65 65 0 142
28 65 870 59
121 38 854 252
56 36 200 293
150 104 707 850
59 54 390 711
40 83 190 102
64 80 555 849
43 71 273 146
73 33 602 776
31 68 567 77
66 47 533 393
88 46 673 417
98 28 607 678
24 92 811 529
34 60 810 51
41 53 635 290
35 34 925 180
52 40 183 656
43 47 226 749
91 43 659 652
63 34 473 181
56 37 236 293
50 90 93 658
70 47 344 152
85 34 727 167
65 32 31 207
39 68 439 142
48 50 950 505
28 83 0 518
67 121 152 493
41 95 344 308
33 69 61 460
60 52 948 120
39 67 63 391
55 51 507 155
50 48 485 396
64 82 362 936
68 56 635 52
47 50 43 895
42 49 696 546
87 49 757 418
33 67 63 239
70 65 65 137
45 59 752 652
93 47 533 520
63 35 819 310
90 46 487 523
109 33 841 681
53 39 311 819
55 58 381 222
65 48 391 157
42 53 635 331
51 50 223 442
77 38 635 428
43 79 194 208
135 35 117 493
54 40 779 252
46 62 635 206
66 53 947 373
45 61 635 543
47 56 944 833
33 121 152 560
54 43 0 946
29 38 719 431
46 55 756 697
28 94 350 844
32 72 635 774
92 23 200 401
58 42 309 349
37 104 761 215
61 34 533 47
92 46 93 908
73 30 544 776
52 50 223 656
34 67 933 602
106 72 635 894
35 121 152 593
84 54 125 708
68 52 41 628
35 52 813 180
58 50 43 942
36 75 198 30
70 118 155 792
64 46 765 588
30 39 234 0
25 48 396 819
58 20 737 373
54 52 352 54
26 83 273 793
70 38 117 792
54 46 358 0
37 95 806 468
37 87 913 215
35 41 959 180
39 71 373 592
34 35 472 108
45 38 719 460
33 65 870 87
62 43 444 476
43 57 943 790
41 55 580 572
36 68 62 305
46 65 0 33
52 64 936 252
36 95 806 403
123 93 0 725
51 75 795 0
52 50 394 349
57 54 390 465
36 86 635 616
46 80 193 862
48 71 929 742
65 61 574 613
36 75 198 66
38 72 444 811
79 32 842 602
70 41 305 522
49 52 583 951
29 78 273 436
52 86 187 948
65 39 707 785
78 54 273 922
75 43 444 538
84 28 811 916
77 36 599 272
69 35 965 931
84 34 839 916
65 65 746 785
47 76 685 120
