5 500
479 1000 2 0 0
521 416 4 0 479
244 284 5 416 479
277 584 4 416 723
244 300 5 700 479
16 61 0 0
38 31 0 479
73 36 416 479
33 94 416 723
98 28 700 479
97 28 167 0
50 22 454 0
89 30 817 479
81 53 454 214
35 77 0 613
33 39 0 187
28 67 598 214
52 55 676 0
54 64 534 479
44 44 0 803
81 32 124 803
26 102 454 106
105 33 301 0
49 52 676 107
58 44 609 723
58 53 124 884
40 50 598 479
31 60 556 106
107 33 786 0
34 60 167 97
70 54 700 577
42 33 61 0
40 76 262 803
25 39 157 479
52 37 794 107
25 74 794 159
58 35 598 344
45 58 0 894
48 66 0 320
37 29 77 613
58 18 81 187
67 50 454 295
74 49 66 320
58 16 609 839
29 33 740 839
53 17 564 0
35 54 416 806
31 59 207 613
94 35 266 613
26 35 774 344
86 33 137 613
20 60 301 105
33 60 470 806
26 35 811 839
32 57 416 552
48 63 754 577
31 33 510 723
67 28 473 552
58 52 115 320
28 45 677 344
105 28 374 0
52 38 718 723
31 30 534 599
80 37 661 839
56 33 454 362
46 55 167 273
55 87 796 723
33 61 157 546
18 65 246 884
35 51 879 479
55 38 883 723
36 53 890 839
72 25 598 571
44 55 266 707
62 44 67 479
30 30 879 572
53 17 648 571
24 67 865 344
36 31 890 918
64 34 932 344
48 58 733 214
62 29 470 875
40 29 167 179
69 28 598 275
32 57 282 546
37 25 61 90
63 17 470 937
16 61 854 214
39 73 525 362
32 31 854 279
33 57 284 479
67 28 246 933
89 26 222 273
60 21 939 572
60 31 301 159
67 31 301 219
38 28 77 708
43 73 228 179
37 55 733 262
98 29 758 479
48 27 509 0
58 56 676 156
22 52 722 344
107 30 0 696
42 75 226 0
55 48 676 52
38 39 661 919
43 80 374 219
18 66 788 262
49 61 473 619
29 31 534 533
50 55 167 365
50 46 416 756
17 57 416 625
77 39 556 137
31 84 916 279
24 80 374 262
55 36 226 42
48 21 402 0
34 30 728 479
104 31 137 699
64 55 167 415
101 26 115 378
52 55 731 0
72 29 865 407
95 31 106 613
52 39 168 699
34 61 157 579
41 69 177 884
98 30 787 479
56 55 454 50
32 91 507 214
29 106 61 127
34 32 196 179
58 31 732 156
39 73 301 286
52 22 873 107
34 132 284 512
29 42 698 839
30 74 188 803
52 36 927 107
48 40 334 0
24 40 507 246
20 54 416 880
61 16 665 214
40 23 66 394
55 62 724 52
40 65 653 723
75 45 677 404
86 22 722 393
76 62 817 568
63 16 511 937
34 37 170 613
37 32 454 132
33 70 663 275
97 31 195 0
47 62 0 847
38 29 0 517
36 73 525 401
49 71 740 900
82 34 486 132
28 47 504 295
52 57 416 671
89 32 847 479
58 23 124 942
47 62 62 847
90 36 94 0
35 28 939 632
43 48 890 875
42 60 879 633
55 61 473 668
41 26 0 220
36 28 301 325
18 54 416 936
42 66 788 302
37 56 809 344
95 32 105 708
30 64 534 661
58 44 609 781
96 38 29 517
62 18 531 875
40 57 866 0
46 55 890 954
57 61 0 49
83 33 543 723
35 33 967 632
111 29 0 368
22 87 796 778
54 46 361 105
39 23 504 323
19 74 262 843
57 52 402 48
61 45 0 939
51 59 207 675
29 65 653 763
106 29 611 0
58 44 879 514
53 47 819 0
51 35 740 949
66 20 111 479
106 28 536 0
19 63 754 625
62 34 966 344
54 47 407 105
27 58 868 159
34 28 916 310
72 44 67 541
56 48 119 187
53 47 564 53
43 79 661 957
57 63 754 666
41 25 336 843
31 106 61 156
48 56 167 131
33 77 339 546
27 79 45 939
37 33 576 723
33 79 598 402
51 36 640 0
99 26 648 624
46 39 921 723
48 63 791 214
81 24 0 106
51 35 228 222
26 79 921 769
20 79 222 362
60 42 366 159
33 62 817 644
24 77 0 648
109 34 811 891
34 77 339 579
49 66 728 107
25 36 923 514
67 44 303 933
53 47 30 696
25 36 926 159
65 40 915 214
60 46 408 159
42 73 525 437
46 55 167 319
26 38 487 362
32 36 520 132
81 32 156 803
20 54 555 937
90 37 130 0
46 55 945 954
67 34 196 479
48 60 879 675
50 52 609 897
45 66 58 894
30 39 530 806
37 28 207 726
36 32 177 925
53 52 609 947
54 19 30 749
42 26 674 624
65 45 955 214
49 39 311 884
69 40 569 806
47 38 301 613
38 48 119 243
54 47 819 53
27 81 595 137
80 24 598 643
100 26 26 220
44 79 598 435
53 40 374 323
30 74 794 184
35 57 282 578
68 46 111 545
58 41 959 514
50 48 462 756
36 25 248 273
50 40 595 164
55 19 262 42
25 79 222 402
19 47 551 323
33 67 598 242
17 60 470 839
81 37 24 106
24 77 0 672
24 66 350 884
101 26 141 378
34 79 45 966
67 27 230 479
51 38 263 222
39 23 119 281
33 64 218 546
41 57 416 584
100 29 52 220
25 74 188 833
31 60 616 106
46 40 960 723
32 36 452 479
67 134 866 40
47 21 653 792
49 37 29 368
32 64 534 691
46 62 817 677
62 37 29 417
55 36 640 51
36 28 943 839
16 62 854 311
51 40 756 723
52 58 266 751
64 19 718 775
67 27 257 479
58 31 763 156
41 82 452 511
31 60 879 602
34 64 218 579
33 75 341 479
39 40 796 800
60 34 332 159
27 69 347 933
44 79 921 795
40 24 207 763
26 79 811 865
17 54 700 647
71 34 932 408
69 37 626 275
85 26 89 394
27 35 339 613
33 61 854 246
61 36 697 214
43 45 845 891
72 25 623 571
62 42 567 875
52 42 831 107
32 29 274 933
65 38 487 414
20 53 248 309
80 26 622 643
29 44 633 344
61 16 454 418
37 31 374 286
26 102 598 519
17 54 700 683
55 18 301 361
52 36 222 427
43 62 938 875
82 35 774 397
52 18 168 751
40 69 347 960
26 74 188 858
29 34 966 406
65 18 756 774
33 38 81 245
51 36 775 949
40 28 338 803
40 52 648 479
40 77 923 0
66 45 845 934
32 71 740 868
52 37 963 107
52 43 258 427
45 55 733 299
44 95 321 707
47 38 301 660
61 18 883 778
34 74 227 97
40 26 809 381
67 42 332 219
49 51 547 246
50 41 635 164
62 32 499 875
26 40 334 48
44 80 44 803
23 92 324 751
31 59 207 644
26 102 598 545
23 78 223 131
29 92 324 774
62 34 564 599
25 37 223 154
67 33 501 552
30 32 926 184
98 30 835 381
35 70 930 479
50 37 337 361
39 23 416 841
66 33 565 533
36 70 663 308
63 36 301 416
86 30 744 393
156 40 414 323
22 66 788 280
40 50 366 803
67 77 339 640
58 29 0 555
61 16 681 214
103 40 374 376
39 25 142 281
25 66 350 908
17 67 865 368
31 30 534 630
30 30 909 572
33 53 248 329
51 19 698 868
53 30 581 0
46 33 576 760
19 54 700 664
52 33 510 754
39 24 527 323
25 41 260 154
50 33 476 0
65 22 774 774
55 20 281 42
19 60 470 856
29 38 773 839
36 28 273 273
27 42 374 613
46 54 416 954
21 44 674 792
48 33 61 42
62 18 549 875
63 28 527 937
39 47 836 800
37 27 112 90
56 16 967 667
58 29 77 650
75 37 209 925
38 36 31 479
61 17 470 418
59 26 0 261
26 38 487 388
68 37 337 411
36 54 416 900
41 55 361 843
48 31 423 0
58 30 147 942
34 56 944 310
50 36 520 164
53 35 665 571
33 61 0 16
58 26 809 421
37 28 139 90
38 40 700 919
32 46 488 479
34 60 301 125
33 36 923 539
25 38 962 159
22 74 262 862
20 47 551 342
27 35 774 370
52 21 186 751
28 58 868 186
55 18 319 361
22 67 865 385
60 40 960 572
39 32 177 961
16 61 854 230
20 79 222 382
39 39 530 836
57 28 77 746
28 47 551 295
26 44 674 813
37 49 405 286
39 31 439 841
22 63 754 644
29 57 416 642
33 42 39 187
58 27 509 48
58 36 625 839
37 26 86 90
37 31 235 726
23 54 700 700
36 29 971 839
42 38 81 278
54 28 49 749
17 62 854 327
56 28 939 667
61 20 901 778
51 23 717 868
60 32 196 213
31 40 334 74
36 79 921 918
36 45 329 325
66 26 131 479
63 24 487 937
26 44 846 839
25 40 507 270
32 45 677 372
52 37 170 647
45 23 66 434
52 32 895 107
27 52 722 366
37 31 534 562
43 54 555 957
42 39 157 504
32 31 885 279
64 30 728 513
64 19 737 775
40 35 231 763
54 29 167 219
45 32 454 169
57 26 674 666
72 38 894 407
30 42 958 184
44 34 966 435
29 44 633 373
31 65 246 902
35 29 274 965
56 17 983 667
58 20 99 187
