6 200
269 227 6 0 0
731 465 6 0 269
269 211 4 492 0
731 535 6 465 269
269 297 4 703 0
269 265 5 227 0
65 104 0 0
52 88 0 269
42 105 492 0
80 97 465 269
59 60 703 0
55 101 227 0
73 60 662 269
70 55 210 269
63 77 662 604
70 62 662 777
89 41 0 599
84 41 795 777
64 45 104 0
63 76 823 0
57 52 597 0
101 63 465 430
85 85 816 604
67 115 210 415
76 60 210 568
46 91 782 269
42 94 0 688
48 87 465 531
69 41 597 126
30 90 816 689
107 71 724 777
66 41 0 132
58 87 465 727
47 123 104 130
72 60 88 269
83 53 88 414
81 91 465 349
57 85 795 861
86 43 210 482
100 44 465 627
31 120 662 426
54 85 465 861
72 101 899 0
95 66 333 568
47 132 333 761
60 59 326 269
69 40 385 269
38 120 662 342
44 110 552 727
50 108 554 627
137 36 823 132
110 43 662 667
113 49 662 491
43 94 906 689
71 50 492 107
46 109 227 125
98 27 333 663
96 45 552 531
80 100 562 269
88 69 141 414
57 52 94 688
125 69 328 0
125 37 397 0
116 34 724 884
82 94 795 918
86 61 299 482
43 62 873 269
76 56 210 644
44 116 94 745
82 58 210 796
98 66 399 663
67 67 325 415
81 53 556 349
40 66 528 430
110 58 873 380
63 77 739 604
67 104 0 65
84 53 878 777
146 40 425 269
113 71 711 491
61 61 528 470
69 76 823 63
57 120 880 861
61 58 434 0
69 106 597 57
64 69 931 380
73 67 266 644
89 50 899 72
72 61 265 269
89 61 87 599
100 45 509 627
79 67 266 717
62 57 333 856
110 43 705 667
130 39 149 0
76 63 270 568
84 69 931 777
46 120 662 380
74 61 265 341
48 132 333 808
97 69 141 502
73 60 722 269
89 62 148 599
75 91 782 362
50 108 554 677
167 43 782 437
69 57 703 59
76 56 210 720
102 53 88 497
74 48 825 437
90 52 552 771
81 53 609 349
130 39 188 0
64 69 931 444
90 65 268 796
35 123 104 177
68 65 638 126
40 70 465 915
96 65 597 531
61 58 210 878
91 51 949 72
53 50 899 161
114 58 873 490
114 65 268 886
76 87 465 785
77 55 542 107
35 101 227 55
52 51 949 163
95 31 399 568
65 105 492 42
40 99 901 604
53 120 703 128
75 62 662 847
82 58 333 918
66 63 41 132
68 63 873 312
82 74 391 918
57 123 104 212
85 55 542 184
67 73 392 415
71 62 148 269
90 58 604 771
71 63 41 198
39 116 94 789
48 87 465 579
85 62 535 915
74 62 148 340
47 91 782 315
71 66 336 125
85 65 597 915
110 68 748 667
69 88 0 321
96 69 931 508
73 156 336 196
88 30 703 181
75 65 638 194
73 60 88 341
68 64 936 312
98 51 227 171
49 58 278 171
137 40 859 132
71 90 402 125
110 94 0 777
86 59 326 329
45 99 901 644
76 55 210 339
78 62 662 922
116 37 758 884
64 58 434 61
59 60 763 0
62 75 390 856
69 63 760 59
35 101 227 90
61 73 589 470
86 46 253 482
47 94 0 730
86 105 360 482
61 58 210 939
54 112 550 861
93 48 825 511
45 94 906 732
172 116 94 828
113 94 0 887
89 46 41 599
91 50 492 178
209 88 0 390
49 58 278 220
54 51 949 215
55 50 899 214
45 70 465 955
77 40 385 338
88 36 733 181
98 39 360 663
57 54 649 0
74 41 597 195
88 54 769 181
58 90 816 719
43 65 935 269
40 68 594 430
34 120 662 457
82 111 889 918
57 64 146 688
84 42 836 777
71 41 0 198
95 35 430 568
66 45 104 64
