4 500
1000 272 2 0 0
185 728 5 272 0
598 728 5 272 402
217 728 3 272 185
31 122 0 0
43 37 272 0
42 39 272 402
23 72 272 185
57 20 0 422
27 57 613 0
46 30 613 185
33 47 0 679
81 33 272 594
35 99 534 402
81 27 0 836
23 70 122 0
33 41 760 402
48 40 272 791
64 25 735 0
57 31 613 285
28 76 272 283
52 51 0 181
38 92 0 917
56 32 122 157
42 71 567 594
40 40 272 487
55 31 801 285
43 65 579 791
49 32 418 185
49 31 272 890
41 40 0 752
34 57 633 402
40 54 844 402
43 29 747 185
37 64 272 88
45 72 421 791
43 37 441 0
25 63 844 483
38 30 870 185
20 63 412 594
83 32 339 594
39 95 754 594
45 28 407 88
41 54 418 890
30 54 0 296
28 55 0 544
38 63 865 0
74 25 638 594
67 50 110 544
21 61 849 594
34 47 734 791
37 48 515 0
63 27 0 233
27 60 633 480
39 63 691 594
20 74 849 664
38 54 0 603
43 37 472 890
37 73 849 711
39 39 493 791
45 31 670 0
52 29 567 680
55 87 92 422
42 31 370 402
43 77 370 444
36 31 339 677
22 83 272 43
50 31 805 185
40 45 644 791
39 41 644 881
57 38 754 677
41 71 844 442
26 65 272 231
38 72 928 0
40 30 922 711
42 38 695 285
54 23 613 231
42 63 473 88
23 72 928 81
52 24 579 881
43 54 734 860
105 84 760 489
18 72 844 535
19 75 412 687
138 56 122 284
56 45 179 422
69 24 832 791
27 68 54 296
60 28 633 534
62 38 801 340
28 102 898 340
47 33 934 185
43 36 793 0
26 64 412 634
39 99 534 480
37 65 670 91
53 28 357 487
23 72 793 87
66 21 160 544
55 61 473 130
119 32 435 283
40 30 82 752
29 40 272 527
60 48 224 422
88 37 478 0
50 32 644 831
54 72 421 836
25 61 61 233
20 79 534 130
26 93 907 483
52 31 733 285
55 33 338 890
26 63 691 682
110 47 371 890
25 73 122 50
56 30 691 735
53 44 476 634
60 27 272 125
33 47 885 791
22 63 209 544
44 34 633 436
69 24 932 791
25 51 644 285
47 37 923 664
34 45 910 594
42 40 447 402
58 72 928 127
40 43 801 402
32 49 472 933
30 57 613 58
67 57 613 118
54 28 693 480
46 42 312 791
38 35 55 836
43 32 272 675
29 58 735 64
22 74 344 185
43 41 534 437
60 28 691 534
59 63 412 732
52 40 337 231
43 37 272 444
38 47 152 836
31 54 272 340
43 44 348 0
49 72 793 136
50 53 638 668
59 27 55 544
29 54 326 340
80 20 644 920
34 37 0 70
44 95 754 633
43 32 447 444
73 44 127 679
56 25 41 422
69 51 781 791
40 30 0 712
44 63 865 91
69 22 160 610
81 28 199 836
65 54 0 357
114 57 792 677
60 38 328 125
35 38 534 519
26 66 272 939
38 44 0 641
55 31 122 102
49 35 418 234
49 34 486 185
27 87 185 102
27 41 493 830
33 50 844 860
84 21 40 752
57 42 348 283
50 37 764 285
57 51 894 860
49 52 489 234
68 50 110 611
39 59 0 31
72 50 844 928
83 22 894 917
57 42 370 677
107 33 416 487
46 33 967 185
20 57 943 917
20 77 195 50
67 19 521 933
22 80 487 687
22 71 567 732
45 24 355 43
80 20 685 920
55 68 863 285
25 68 54 356
67 32 579 933
24 82 190 157
53 49 312 837
39 38 190 206
55 29 931 285
25 84 916 535
33 41 92 917
39 44 228 206
60 41 366 125
80 23 952 711
66 25 644 336
40 67 60 712
59 45 475 732
29 47 520 732
36 43 910 628
97 38 435 88
25 63 865 38
47 31 579 834
66 22 179 478
33 51 41 478
39 63 59 31
30 39 178 284
40 92 475 594
37 122 0 104
53 60 361 837
40 29 90 836
28 42 370 734
53 47 520 634
33 54 326 369
49 63 691 633
40 41 371 594
43 56 788 860
46 69 678 185
28 41 185 129
65 41 0 479
57 27 670 128
44 27 734 903
38 40 272 556
42 57 943 958
50 25 192 0
22 72 793 43
62 64 870 223
97 27 788 903
88 24 563 0
97 27 761 903
40 114 158 752
41 40 915 442
42 77 536 88
34 35 898 368
30 87 92 477
40 28 27 836
56 55 217 284
34 63 209 590
41 27 90 876
22 71 467 283
26 93 907 509
48 29 815 903
54 34 666 231
107 31 385 487
57 38 754 734
67 33 611 933
22 72 541 234
62 48 224 482
18 71 336 88
81 45 227 836
30 53 638 718
45 25 0 955
83 22 176 917
44 37 667 436
52 28 407 133
18 62 379 43
42 46 401 402
41 35 117 876
27 70 122 23
40 45 898 402
82 55 217 340
83 21 222 917
69 39 178 353
25 63 865 135
52 71 51 181
49 34 836 185
43 73 849 748
75 61 572 519
36 34 701 0
26 55 945 860
71 29 122 213
119 34 538 283
19 61 61 258
47 40 960 664
43 40 0 793
107 85 449 487
83 29 243 917
56 36 154 157
44 35 567 636
49 36 453 234
22 56 704 436
45 37 441 43
44 51 158 792
43 36 829 0
35 50 844 893
28 63 865 63
33 86 493 857
69 27 182 610
39 29 705 920
23 80 487 709
41 27 916 917
53 33 934 232
49 35 303 890
39 47 532 791
43 36 928 38
37 41 92 507
36 47 953 628
52 41 377 231
56 33 721 735
43 41 371 634
43 49 392 0
55 32 153 102
29 71 467 305
44 26 587 0
47 43 801 442
43 61 309 444
59 28 82 544
33 68 54 323
54 47 700 231
68 71 467 334
43 39 309 0
60 30 661 534
42 47 487 402
55 31 832 285
38 56 54 603
83 24 198 917
51 40 272 839
35 49 472 965
74 28 663 594
84 21 61 752
31 54 0 326
27 63 691 708
31 57 613 27
35 47 734 825
49 36 450 185
33 55 380 369
69 44 956 791
75 38 695 327
67 18 764 335
27 64 412 660
22 72 793 65
64 33 760 0
66 26 669 336
69 54 418 931
43 31 509 890
30 57 613 88
39 44 228 245
36 47 885 824
29 76 272 311
24 74 344 207
25 63 865 160
62 58 735 123
44 36 602 636
48 35 304 675
65 31 733 337
34 70 690 402
19 68 54 381
23 72 272 208
40 45 689 791
43 36 964 38
51 34 836 234
57 38 697 128
55 40 960 285
26 65 272 257
42 59 311 402
63 34 27 233
31 54 272 371
27 45 390 283
23 67 354 791
51 24 515 37
50 31 805 235
60 29 299 125
40 45 312 487
21 58 575 437
39 34 305 594
23 72 928 104
40 28 943 402
60 31 613 342
54 33 967 231
38 45 312 556
31 55 0 572
68 35 304 723
55 33 338 945
34 45 955 594
39 49 685 881
24 93 520 185
43 47 152 874
27 63 844 508
27 60 633 507
37 71 567 754
41 45 955 442
34 35 916 560
25 82 190 181
18 66 44 641
50 24 676 831
69 29 856 791
40 53 0 141
28 41 572 283
29 55 380 340
30 58 735 93
23 83 272 65
38 46 112 752
23 67 354 814
27 73 122 75
50 41 92 950
80 25 975 711
26 101 171 679
22 58 575 458
40 69 53 141
25 93 520 209
39 31 339 713
24 63 209 566
47 34 610 834
46 35 643 185
27 74 849 684
49 61 849 615
29 45 312 527
21 67 25 955
26 51 644 310
41 29 705 959
26 72 793 110
54 39 721 480
66 28 181 544
36 32 272 718
47 101 171 705
35 32 534 150
33 43 133 917
30 45 390 310
29 42 370 762
30 47 520 761
40 30 922 751
54 41 760 435
34 49 951 560
80 21 664 920
27 62 379 61
51 24 539 37
42 27 916 958
52 41 603 881
67 39 540 933
66 23 201 478
19 71 336 106
50 43 133 950
50 34 700 831
55 34 701 36
35 47 566 150
41 28 27 876
42 34 305 633
35 33 272 965
35 33 305 965
71 19 151 213
52 42 596 680
20 66 44 659
54 28 357 540
33 51 41 511
57 21 20 422
41 72 844 553
37 32 272 754
34 67 933 368
43 53 638 748
40 38 534 554
21 57 943 937
31 55 945 886
44 63 209 792
39 39 178 314
57 58 747 228
38 34 900 185
39 31 339 752
54 30 636 231
56 26 66 422
44 30 82 792
28 46 226 129
22 68 54 400
24 67 25 976
43 29 776 185
43 55 479 444
39 38 190 245
49 29 815 951
22 56 704 458
27 41 572 311
53 27 734 947
55 63 209 624
27 72 541 256
37 46 133 507
29 59 839 340
44 26 587 44
64 41 572 338
67 19 782 335
32 77 195 70
40 29 971 402
33 80 47 679
19 61 61 277
40 30 30 712
34 34 37 70
43 39 540 890
46 31 670 45
60 41 719 534
34 51 71 70
33 59 839 369
71 20 170 213
27 45 534 830
50 55 217 0
20 63 412 614
43 35 55 874
40 33 119 836
46 46 112 790
26 75 412 706
