6 300
444 341 6 0 0
438 325 5 341 0
556 170 2 0 444
556 171 3 170 444
1000 334 1 666 0
562 325 6 341 438
53 39 0 0
152 52 341 0
49 46 0 444
66 34 170 444
34 66 666 0
87 75 341 438
38 62 491 438
93 25 666 463
86 25 0 121
29 90 460 0
64 39 460 135
60 42 341 628
86 43 666 219
35 91 159 0
32 76 822 463
68 40 539 135
41 56 0 207
30 77 0 295
88 89 162 207
38 76 799 0
80 46 539 271
86 33 167 121
65 47 666 305
60 39 170 577
72 32 416 438
41 67 666 650
94 32 666 556
47 49 666 107
31 73 771 305
43 63 170 718
36 63 0 577
79 27 341 762
83 35 491 521
86 32 828 219
31 100 460 67
51 49 875 0
75 32 491 692
76 30 0 723
65 38 156 295
88 42 491 604
88 29 170 807
78 38 822 540
111 33 875 108
39 78 491 767
108 28 666 770
38 71 0 799
67 37 255 577
64 42 491 858
57 54 341 152
42 49 235 295
27 88 578 858
64 54 341 290
32 83 0 649
122 34 666 878
27 99 771 369
32 99 71 799
36 84 407 762
70 39 460 286
105 76 170 895
68 86 822 618
96 26 822 800
83 45 563 521
42 88 578 912
68 64 0 53
74 40 499 286
41 57 341 354
71 40 499 135
78 40 499 360
169 43 71 831
59 41 194 295
43 59 341 395
29 84 407 798
30 87 579 135
107 38 235 337
68 40 539 203
88 60 533 604
31 116 550 0
88 142 199 807
51 49 292 577
82 35 0 362
32 87 579 165
43 60 400 395
81 49 341 209
28 97 569 767
74 37 255 644
32 102 898 463
36 75 341 525
68 43 560 67
83 37 526 521
47 56 0 248
84 170 0 493
37 75 416 510
114 36 822 686
108 28 924 0
74 35 83 649
72 40 63 577
52 78 491 806
60 49 383 628
31 75 341 561
64 32 395 290
59 46 209 577
87 39 460 199
57 49 875 51
38 75 416 547
36 63 0 613
86 141 200 121
71 38 799 38
74 42 341 688
72 32 103 577
82 46 209 636
41 53 56 207
49 92 908 108
43 75 416 585
45 76 822 495
38 54 30 723
72 35 135 577
64 60 844 305
68 63 603 67
49 84 407 876
47 67 393 0
49 48 952 0
45 88 822 896
31 79 77 295
48 67 393 47
57 67 393 95
47 52 56 248
80 40 499 206
26 92 908 618
39 59 35 362
76 34 84 723
41 62 398 354
36 116 550 31
84 38 156 360
59 47 822 941
110 28 799 109
90 41 194 354
48 58 694 770
53 81 78 0
93 35 666 370
49 60 46 444
42 92 908 644
86 36 51 121
114 32 899 686
93 70 701 370
46 55 876 800
60 60 694 818
33 73 771 336
86 80 87 121
49 84 407 827
37 77 0 325
49 64 106 444
68 44 64 53
33 113 553 438
50 42 715 107
93 100 722 463
48 70 752 770
65 58 713 305
36 64 666 34
45 51 898 495
29 111 555 692
37 64 666 70
74 34 579 197
56 41 858 686
36 93 248 444
50 59 876 846
59 48 952 49
81 39 170 637
46 58 870 369
93 31 691 463
25 97 569 795
36 75 341 592
58 41 858 742
43 70 860 219
68 51 108 53
43 59 35 401
35 62 860 540
45 90 910 896
34 67 666 691
76 52 118 723
36 69 730 34
48 52 870 415
57 65 395 152
59 44 204 444
67 34 170 510
75 32 523 692
47 54 108 248
74 53 613 197
74 52 118 649
64 48 904 305
43 62 94 401
40 82 740 556
38 90 460 29
65 49 666 154
86 44 709 219
37 100 460 98
62 38 715 157
45 51 949 495
74 44 204 503
41 89 733 650
94 42 698 556
45 62 491 476
62 46 753 157
86 75 753 219
53 48 827 109
46 63 170 761
57 48 827 162
96 28 848 800
62 46 908 157
46 72 928 369
43 53 860 262
41 95 246 895
34 93 248 480
52 59 432 628
25 90 251 207
72 43 448 438
31 71 0 837
75 38 407 925
64 95 246 936
90 49 292 628
37 69 730 70
26 91 250 0
46 69 931 800
71 38 837 38
66 45 533 858
33 73 593 604
74 49 383 688
82 39 460 356
107 28 273 337
39 62 94 362
34 89 733 691
67 99 771 396
25 82 740 596
167 81 585 271
34 67 732 0
27 88 578 885
64 48 952 305
48 78 922 415
78 42 491 922
82 29 432 680
83 29 608 521
107 40 301 337
43 70 930 219
81 35 390 209
46 88 578 954
60 68 754 818
33 79 743 878
46 49 233 761
169 56 114 831
55 73 593 637
50 65 935 846
59 131 869 941
55 43 700 878
81 35 425 209
95 34 250 26
43 87 913 262
87 46 539 351
67 43 700 933
43 108 233 718
38 97 569 820
89 28 743 911
86 91 159 35
75 46 445 925
89 23 771 911
95 26 284 26
82 30 461 680
42 83 0 681
45 67 666 725
114 30 931 686
159 66 341 841
43 59 860 575
53 39 961 686
35 78 922 540
41 53 109 207
86 26 25 121
42 57 284 295
46 54 555 721
46 59 282 761
50 46 553 471
36 79 77 326
38 54 30 761
29 82 740 621
63 90 251 232
79 39 368 762
76 45 533 924
43 81 919 575
89 28 794 911
63 93 248 514
95 31 310 26
50 67 599 471
65 71 0 868
45 89 733 725
67 34 0 933
61 39 961 739
62 46 954 157
83 29 637 521
67 37 34 933
50 42 757 107
53 39 39 0
64 33 427 290
46 57 609 721
