6 500
421 387 5 0 0
275 344 5 0 421
304 1000 4 0 696
181 613 4 387 0
240 613 6 387 181
275 656 4 344 421
48 22 0 0
26 59 0 421
70 26 0 696
81 60 387 0
48 31 387 181
29 114 344 421
23 60 0 160
19 65 0 282
46 71 162 421
32 35 690 181
26 46 416 696
28 44 0 839
63 52 458 421
77 21 181 0
77 52 283 0
65 26 115 696
72 23 0 533
29 51 690 271
42 25 233 421
61 83 247 696
23 37 160 282
59 20 185 160
28 43 458 558
30 50 630 0
56 106 710 558
72 28 181 839
44 28 782 0
41 37 683 421
35 38 387 285
45 34 689 696
64 18 799 271
36 94 181 911
31 39 283 77
58 32 241 160
39 85 0 911
32 55 344 481
39 23 115 761
77 22 224 0
82 21 247 757
137 43 568 421
75 22 857 271
61 23 510 421
31 37 843 696
36 41 915 271
19 49 522 181
45 73 449 181
20 50 680 0
34 93 88 839
41 77 0 335
45 79 0 376
31 37 0 766
47 68 528 696
49 103 59 421
75 22 399 481
47 31 0 48
61 27 758 421
44 118 761 181
20 77 766 696
21 77 689 795
19 71 162 529
61 17 919 696
75 61 458 621
67 17 51 533
18 51 60 160
28 37 85 911
90 57 879 181
39 24 919 824
23 40 160 340
31 37 310 160
81 22 766 806
37 44 584 621
37 27 690 340
30 58 104 533
40 58 263 340
52 30 689 896
29 37 822 421
42 76 843 829
76 79 447 0
68 68 528 825
26 90 816 558
39 37 843 914
19 64 247 282
137 38 720 421
82 75 528 743
25 75 554 558
67 81 919 757
35 70 816 619
27 34 255 839
55 19 416 828
47 79 528 893
49 77 766 887
89 52 275 911
30 74 111 160
60 17 528 940
89 23 526 0
21 81 919 903
19 47 321 757
64 33 462 696
88 23 233 505
65 36 611 421
82 52 710 614
105 37 447 76
136 36 463 285
38 45 584 658
58 59 399 556
35 36 647 421
29 31 162 607
59 55 344 573
20 51 526 89
72 24 333 839
26 81 629 558
62 24 111 220
61 16 906 558
45 24 577 89
42 29 233 463
72 44 956 271
34 93 596 825
35 38 425 285
62 26 730 0
30 50 630 90
92 23 680 89
89 43 327 911
61 86 330 696
28 76 843 759
65 18 0 95
89 53 577 0
17 54 886 619
83 59 224 77
68 17 899 421
60 22 603 940
117 53 416 883
27 60 387 81
29 64 936 181
36 26 286 505
18 50 59 470
16 58 286 595
103 53 233 593
30 63 937 421
34 72 175 761
17 58 104 612
65 49 83 95
40 86 603 743
34 40 347 160
75 30 519 621
104 57 571 181
81 22 321 340
46 118 761 225
51 27 628 181
41 40 859 421
63 20 540 285
65 25 593 285
71 21 593 350
53 36 879 0
62 23 162 467
53 23 689 843
74 26 458 484
18 54 762 614
26 104 283 108
40 26 200 340
21 55 344 632
21 42 484 76
34 40 596 859
25 77 689 948
42 86 603 783
77 25 335 0
68 41 499 285
47 93 596 696
33 44 44 839
73 53 540 348
25 44 65 282
70 60 55 696
117 59 469 883
64 33 495 696
75 22 857 346
47 39 607 893
27 73 449 226
42 40 0 797
82 59 399 614
23 53 109 470
44 43 690 377
36 26 510 482
45 39 79 376
122 37 273 160
25 59 122 911
104 31 418 181
76 29 758 482
20 43 723 696
36 28 937 482
48 21 68 0
41 83 77 335
69 58 741 271
62 35 782 44
38 41 88 873
58 35 311 282
39 27 799 335
25 62 628 232
22 77 766 745
63 24 185 219
23 81 919 949
65 24 132 95
91 24 0 605
65 17 178 696
50 85 0 950
38 25 51 600
64 77 766 936
38 44 956 343
43 23 370 911
62 60 0 220
42 95 321 797
43 25 843 871
23 39 83 48
31 114 344 450
28 36 725 181
71 25 639 350
40 43 181 77
40 35 919 863
58 59 0 475
54 62 817 44
21 62 817 98
24 40 181 947
16 60 940 619
119 52 730 62
86 39 880 914
128 36 879 53
29 49 522 200
53 54 221 947
96 37 683 462
64 59 122 936
27 44 343 340
23 52 195 696
47 52 31 48
60 50 630 30
20 43 181 117
42 52 195 719
26 40 160 363
31 29 26 696
53 85 915 0
69 24 680 20
27 37 141 696
61 54 946 558
40 63 937 518
47 38 425 320
81 55 788 806
20 51 690 300
36 35 965 482
47 18 843 953
40 22 368 757
73 20 387 108
61 64 936 210
37 29 629 584
36 37 138 761
42 37 262 463
22 46 416 722
24 92 89 0
101 38 387 320
82 22 268 757
39 29 26 727
20 51 690 320
42 28 258 421
65 25 156 95
39 44 44 872
72 59 357 839
33 29 601 89
40 44 956 381
39 23 393 911
25 43 723 745
32 32 536 482
18 55 344 513
35 37 226 340
77 27 360 0
96 28 76 600
69 26 704 20
72 18 289 839
54 21 286 541
37 23 60 208
67 36 68 533
37 82 628 621
41 26 200 380
72 46 209 839
32 28 449 253
62 26 756 0
47 27 122 48
33 28 83 208
21 54 886 636
72 51 526 109
36 32 312 505
34 38 899 489
29 31 290 757
36 40 859 462
108 37 822 450
58 22 416 770
47 29 799 374
41 23 263 380
50 23 393 950
40 46 954 863
32 30 843 727
15 60 0 183
28 59 0 447
75 35 549 621
15 57 943 824
75 35 782 106
63 16 209 219
28 41 65 307
31 31 322 77
31 34 353 77
45 19 940 651
45 27 24 605
53 21 712 843
25 81 919 924
68 18 499 353
60 15 625 940
65 45 38 95
29 40 181 971
37 25 658 584
40 26 390 757
49 20 104 563
84 42 484 97
39 28 247 301
34 36 879 271
39 23 115 800
54 44 343 367
60 40 859 498
44 20 733 377
75 37 421 481
128 85 915 53
17 55 344 531
53 33 733 843
68 23 517 353
56 17 522 229
64 40 817 271
61 64 936 696
26 35 533 421
25 55 344 548
22 60 0 198
73 40 407 108
60 71 162 636
58 24 438 770
63 25 501 558
47 29 828 374
71 25 614 350
65 72 618 285
27 77 689 973
42 70 816 654
24 39 83 71
37 27 683 584
91 37 310 191
29 40 193 607
85 58 286 611
35 34 816 584
77 37 246 0
25 93 435 828
21 75 40 797
28 54 106 307
74 26 484 484
88 30 256 505
44 69 810 0
39 31 826 335
59 29 601 122
61 37 785 421
30 43 435 853
38 37 141 723
60 15 545 940
41 36 879 305
58 16 690 213
54 18 307 541
52 47 719 896
102 36 647 456
63 28 526 558
29 50 630 120
54 19 325 541
21 75 40 818
25 41 346 282
45 34 255 866
53 31 290 786
35 87 160 305
59 17 162 548
30 50 478 853
114 41 915 307
46 23 370 954
28 81 919 972
59 16 205 160
29 40 347 194
59 54 179 548
30 33 495 760
47 32 149 48
47 19 861 953
38 33 495 790
26 36 725 209
31 32 37 766
38 26 629 658
54 16 425 367
54 22 441 367
27 54 762 632
77 22 202 0
26 49 640 940
63 16 225 219
30 34 111 190
37 82 717 340
39 36 275 301
44 32 175 795
41 28 83 241
61 24 922 558
32 46 873 727
62 48 185 467
56 32 539 229
25 43 723 770
92 27 703 89
43 51 868 871
44 44 0 867
65 20 18 95
25 34 689 741
17 52 129 873
75 36 879 346
32 45 477 253
23 37 226 375
39 54 886 657
62 50 135 220
40 53 109 493
28 31 628 257
63 33 560 285
68 21 916 421
26 104 283 134
43 55 344 653
45 50 59 488
31 46 69 766
34 49 640 966
58 25 51 638
60 16 560 940
24 57 943 839
29 43 723 716
29 34 766 716
47 43 646 893
44 40 207 795
29 32 241 218
67 21 104 629
28 31 659 257
31 63 937 451
27 77 689 816
47 24 577 134
34 28 0 301
40 26 510 518
36 36 725 235
39 77 766 767
25 51 109 282
37 23 60 245
34 37 28 301
29 43 800 716
24 92 89 24
60 27 576 940
38 75 554 583
35 56 850 584
23 37 226 398
44 32 536 514
33 41 346 307
23 43 181 137
37 54 762 659
35 38 899 523
49 38 124 563
44 46 753 377
42 58 286 421
51 35 655 181
56 31 387 229
41 35 286 380
35 35 533 447
45 42 118 376
72 26 307 839
23 50 197 282
58 19 706 213
21 52 129 890
34 53 636 859
35 32 241 247
59 40 347 223
30 51 60 178
62 62 817 119
30 40 145 190
59 20 221 160
42 37 138 797
76 35 787 482
68 33 462 760
38 55 655 658
29 34 689 766
61 37 85 939
26 46 416 744
32 50 630 149
42 45 299 463
31 39 880 696
71 26 664 350
45 41 959 651
46 27 24 650
42 76 843 787
21 47 321 776
48 19 22 0
67 37 125 629
16 60 940 635
72 28 23 533
32 40 160 389
48 27 41 0
72 36 611 486
35 43 458 586
89 28 549 0
