6 50
281 1000 5 0 0
305 299 3 0 281
310 326 3 299 281
414 299 3 0 586
409 701 2 299 591
310 375 4 625 281
281 184 0 0
87 112 0 281
145 152 299 281
94 131 0 586
90 137 299 591
104 84 625 281
134 122 392 0
96 103 0 780
124 134 675 0
216 73 299 784
95 174 451 281
194 77 131 586
193 145 642 591
220 88 103 780
216 123 481 784
218 61 0 368
216 134 604 784
194 91 208 586
103 171 299 681
206 78 625 385
216 109 372 784
281 161 514 0
104 194 806 281
218 119 61 368
90 206 436 591
100 131 0 680
215 77 451 376
193 82 787 591
103 172 470 681
78 262 738 784
69 262 738 862
220 108 191 780
157 149 675 124
165 152 299 426
193 65 869 591
124 191 809 0
69 262 738 931
218 58 180 368
147 122 392 134
215 97 528 376
157 176 824 124
206 212 788 385
102 85 703 385
281 208 184 0
87 187 112 281
193 66 934 591
104 85 703 487
104 97 709 281
124 103 0 876
218 61 238 368
