6 100
382 347 6 0 0
254 278 2 347 0
290 347 5 0 382
328 347 2 0 672
746 653 4 347 254
254 375 5 625 0
174 64 0 0
119 52 347 0
62 172 0 382
75 79 0 672
66 104 347 254
126 58 625 0
100 221 558 254
75 63 0 519
67 196 151 0
128 59 625 126
171 61 0 829
71 86 779 254
193 51 347 582
221 99 558 461
83 97 151 166
78 72 172 672
62 134 347 119
137 61 172 382
163 45 451 254
70 106 452 582
79 101 141 829
48 190 810 126
208 151 0 174
57 85 154 519
227 80 779 530
60 97 789 0
107 87 558 354
60 144 481 119
164 52 347 418
73 107 451 417
100 99 248 166
83 91 558 682
109 105 347 775
87 221 779 757
119 52 477 0
65 114 233 382
34 135 865 254
128 126 684 126
96 84 154 576
74 87 64 0
92 54 398 582
80 190 810 174
100 87 64 74
72 114 233 447
55 103 244 672
153 91 63 519
171 80 61 829
107 134 645 354
221 56 657 461
60 135 865 330
82 81 0 747
110 66 713 461
54 106 683 0
126 114 886 0
66 221 558 765
75 67 481 179
111 66 713 571
83 130 649 682
92 94 141 908
75 172 0 444
82 91 81 747
150 52 452 652
73 134 347 181
66 97 789 60
164 52 399 418
79 72 172 750
119 78 399 0
119 96 529 0
98 104 347 320
92 112 235 908
72 106 683 54
205 86 779 325
75 62 496 254
102 103 244 727
75 93 79 672
96 51 452 802
150 54 504 652
79 105 242 829
198 55 503 802
227 141 859 530
116 105 347 884
116 99 248 266
169 55 558 831
92 107 451 490
49 95 151 67
133 97 151 249
140 135 865 390
99 101 246 67
46 109 238 576
156 221 779 844
57 108 239 519
169 166 613 831
50 109 238 622
88 62 496 329
50 95 151 116
42 135 865 288
78 63 0 594
102 51 452 898
75 77 548 179
101 54 398 674
