5 100
401 1000 2 0 0
257 420 5 0 401
342 1000 5 0 658
257 234 3 420 401
257 346 5 654 401
158 51 0 0
126 58 0 401
120 110 0 658
77 96 420 401
47 163 654 401
181 49 386 0
131 103 0 527
110 116 0 158
77 176 602 0
75 107 251 658
136 61 503 658
61 220 200 401
131 100 207 527
73 181 635 658
44 172 0 268
176 55 489 0
61 214 172 268
43 171 635 806
77 95 153 0
85 90 817 401
86 93 907 401
101 135 635 899
119 138 516 401
91 102 251 813
70 184 816 658
96 81 251 904
52 141 110 658
127 101 778 0
75 181 635 731
79 163 654 496
106 69 602 161
84 88 602 77
93 92 806 806
76 138 248 0
206 60 503 794
155 52 358 658
63 113 307 527
89 110 0 778
83 163 654 575
65 110 200 462
112 62 110 776
119 107 671 161
109 113 489 176
121 107 671 280
92 103 386 181
94 79 172 776
131 104 103 527
78 92 816 728
110 70 116 158
101 105 770 899
172 121 879 0
66 141 110 710
84 88 690 77
48 163 654 448
138 138 516 520
88 96 420 478
130 79 172 870
72 102 172 329
136 71 564 658
72 112 274 329
181 54 435 0
133 54 0 867
65 110 310 462
158 49 51 0
93 102 898 806
82 138 248 76
81 95 153 77
112 62 110 888
68 113 307 590
101 125 875 899
128 103 386 273
171 46 907 487
91 150 353 813
61 142 58 401
98 101 778 127
75 93 410 658
43 172 0 312
65 142 58 462
171 47 953 487
176 58 544 0
50 80 635 849
44 113 489 285
110 200 186 158
92 96 420 566
176 101 778 225
133 56 54 867
78 92 908 728
206 72 563 794
80 107 251 733
46 172 0 355
80 93 410 733
134 69 602 267
45 171 332 904
172 43 817 486
158 53 100 0
229 121 879 172
172 47 860 486
51 171 332 949
72 113 489 329
50 91 715 849
