4 500
464 466 4 0 0
536 455 6 0 464
536 545 4 455 464
464 534 4 466 0
41 39 0 0
50 52 0 464
45 49 455 464
37 41 466 0
65 24 0 677
51 34 0 228
49 42 0 345
55 31 169 677
53 98 213 0
33 51 306 677
35 27 455 654
41 30 139 464
45 20 227 345
39 57 213 108
54 39 232 228
42 36 455 803
34 57 709 654
75 38 709 728
96 26 712 803
50 34 139 551
29 76 455 725
40 38 700 464
50 66 648 0
19 45 466 204
38 44 306 838
25 33 788 0
89 29 530 803
40 53 648 136
54 31 337 108
55 33 0 101
83 32 0 831
78 43 466 307
79 36 466 385
59 29 279 551
18 56 346 345
50 41 530 892
29 38 84 831
111 28 0 566
56 37 788 156
28 72 311 0
62 120 346 402
78 20 557 307
58 53 530 942
42 140 648 50
21 39 0 914
40 23 357 677
42 118 95 0
30 36 551 385
54 49 406 677
32 49 613 803
34 52 578 654
33 46 0 156
58 27 877 156
72 24 877 273
36 58 576 464
54 18 466 253
58 31 934 156
108 32 455 892
67 33 279 610
39 144 856 803
17 56 306 915
24 83 383 0
52 55 0 514
15 59 845 654
55 31 67 566
26 69 776 464
92 72 504 464
51 34 700 551
28 77 296 464
24 73 319 228
32 72 504 556
62 34 208 551
26 36 803 728
52 16 94 345
75 28 898 728
46 26 935 273
35 52 169 793
47 25 845 464
43 66 0 742
44 19 84 910
23 74 845 559
42 37 217 464
15 60 286 345
35 67 270 108
72 44 92 156
50 61 70 228
36 31 788 297
24 63 845 511
35 25 169 867
28 30 373 464
88 26 557 0
31 32 788 379
26 91 788 70
49 54 845 605
75 29 767 803
26 32 856 885
39 121 879 70
29 53 169 732
76 26 648 263
23 36 0 785
90 23 123 910
72 46 46 156
87 39 648 176
47 32 455 845
42 42 254 464
49 44 551 415
35 93 362 915
66 46 337 162
39 137 169 828
35 48 509 307
35 56 747 728
40 24 709 688
18 45 466 37
52 39 28 566
18 45 39 914
42 48 271 228
63 29 935 319
78 39 531 725
35 40 221 793
16 60 286 389
46 40 919 559
49 43 899 605
27 89 788 410
59 57 877 214
47 56 306 953
47 41 98 566
47 36 767 878
33 72 311 28
31 49 455 509
31 67 270 143
54 135 513 253
37 24 32 831
40 42 761 688
32 77 136 156
36 57 213 147
19 58 942 605
47 37 700 504
48 36 908 511
35 74 926 728
23 89 788 333
20 77 136 188
117 35 965 156
65 26 825 156
43 39 0 957
70 72 821 0
24 96 904 654
59 38 308 551
23 74 714 0
50 49 406 731
27 89 788 437
18 48 511 204
98 38 169 902
79 23 502 385
46 19 84 954
47 36 879 109
57 15 402 345
55 33 231 677
63 39 232 282
55 33 66 101
18 65 935 382
39 52 306 876
39 21 42 345
52 84 55 514
57 17 173 551
39 46 602 307
89 24 662 803
71 24 509 654
67 22 94 397
116 91 557 88
37 60 578 688
58 21 877 345
33 82 706 263
43 37 66 742
41 82 706 342
27 33 33 101
87 22 169 464
39 46 602 346
66 27 383 162
37 24 638 688
34 79 766 654
40 54 559 803
26 39 351 610
44 56 576 552
61 27 877 403
65 38 49 677
43 45 39 957
37 23 271 270
46 18 75 785
32 26 686 803
39 23 122 831
45 65 935 419
23 89 788 356
47 41 903 464
87 26 191 464
55 17 213 53
66 28 410 162
40 37 788 212
60 17 788 96
16 51 306 743
63 36 964 319
65 24 87 677
56 46 511 37
32 29 583 0
53 51 306 785
23 82 706 296
47 72 311 61
39 45 466 115
36 23 403 464
47 18 915 109
38 59 845 690
48 36 34 228
47 56 944 464
65 24 319 280
43 49 357 717
54 43 487 892
43 48 509 342
58 44 576 596
64 41 98 613
38 50 350 838
50 96 904 678
34 25 294 270
49 21 803 754
52 33 700 602
66 34 0 279
79 26 525 385
101 26 712 899
87 24 687 176
69 36 34 276
56 15 67 621
32 83 383 24
23 75 0 808
49 38 455 754
76 23 825 221
37 69 776 490
81 32 706 383
21 45 466 154
47 39 737 504
59 39 28 618
39 44 358 876
39 45 466 76
26 39 576 500
69 35 173 608
34 39 630 654
16 51 306 710
41 104 351 636
78 49 357 760
65 26 851 156
60 24 823 96
61 37 242 551
49 54 559 843
32 31 776 527
37 22 455 574
15 57 213 183
55 57 254 53
40 56 747 763
78 91 618 725
25 38 620 596
79 24 145 831
96 29 738 803
34 27 776 559
46 24 32 868
74 26 227 390
23 36 845 582
34 56 888 885
40 42 803 688
33 25 142 397
39 53 402 876
54 43 487 946
75 25 796 803
67 29 167 397
49 38 493 754
23 83 383 56
76 34 139 601
36 66 634 464
71 45 533 654
45 42 254 506
27 74 714 23
47 49 951 109
29 33 253 390
24 93 362 950
40 43 701 136
29 39 383 79
61 53 803 878
49 37 559 204
87 29 426 464
81 33 888 919
78 20 570 725
49 52 596 204
80 27 477 574
26 32 368 108
52 19 733 602
57 34 432 345
41 58 648 339
65 97 369 280
40 44 744 136
40 38 738 464
50 55 571 892
65 25 24 677
50 42 52 464
52 35 392 228
57 49 613 835
61 36 222 732
65 26 343 280
46 55 114 785
56 32 583 32
21 42 803 559
55 31 200 677
111 46 511 93
20 77 136 208
67 18 312 610
45 37 217 506
17 49 455 540
72 34 901 273
65 28 111 677
18 50 507 0
32 53 169 761
66 28 438 162
49 21 847 754
23 82 706 319
33 80 620 621
43 24 103 742
27 30 904 156
27 95 0 41
51 42 734 551
75 35 821 803
80 52 42 384
41 24 39 0
36 50 738 383
76 32 674 263
24 63 845 535
40 74 926 763
38 33 131 228
44 68 632 552
23 80 133 101
50 41 626 892
42 39 491 803
50 45 667 892
58 18 583 942
27 33 615 32
87 77 711 176
30 29 504 588
44 140 648 92
33 95 0 68
117 31 164 228
59 31 934 214
26 93 362 974
55 17 99 101
28 53 803 939
46 41 959 559
52 39 427 228
101 29 738 899
49 53 595 415
35 99 207 902
63 99 207 937
58 87 625 942
67 31 196 397
32 80 133 124
64 34 208 613
57 49 406 781
59 109 346 551
34 56 944 885
67 61 70 278
52 42 803 602
52 39 146 345
71 27 482 654
65 30 139 677
52 85 615 500
59 17 296 492
43 61 856 842
22 37 195 228
55 42 264 677
65 18 242 612
28 37 195 285
42 60 286 422
54 67 270 174
59 41 332 492
36 72 504 618
52 42 185 345
21 83 917 842
50 45 94 464
35 84 222 867
37 58 648 380
70 107 893 0
33 26 116 397
78 25 577 307
19 65 935 400
30 45 466 223
26 39 576 526
79 33 131 266
44 20 103 910
40 26 380 677
57 18 190 551
49 23 824 754
26 59 839 728
39 21 0 189
29 33 615 59
17 51 306 726
40 32 856 911
32 38 807 527
36 58 819 297
50 38 84 860
55 17 116 101
46 21 93 785
60 15 847 96
25 45 39 932
30 27 776 593
47 43 487 845
46 28 56 868
31 27 776 623
21 56 306 932
34 40 669 654
22 39 0 935
35 28 194 867
54 29 484 253
45 37 788 252
31 30 904 183
29 45 466 175
47 58 648 417
22 83 917 863
35 37 195 250
37 28 56 831
29 60 286 360
54 66 400 108
17 49 455 557
37 29 848 221
46 30 139 505
33 53 803 967
34 25 142 430
28 33 33 128
45 50 738 419
45 39 247 345
21 59 845 669
38 23 271 307
49 30 868 754
58 24 601 942
28 32 368 134
57 15 417 345
17 60 286 405
57 26 686 835
61 48 258 732
36 27 455 689
51 23 403 500
35 45 261 793
46 39 961 273
47 18 933 109
39 29 848 258
21 45 466 55
70 42 0 394
59 118 95 42
90 23 146 910
30 57 213 198
26 51 306 759
32 37 195 313
29 44 422 79
52 24 752 602
31 57 820 379
56 16 82 621
34 26 116 430
23 39 36 785
78 28 590 725
39 56 346 363
65 19 260 612
28 73 319 252
46 20 103 954
41 32 63 0
30 43 533 588
52 36 110 345
59 19 313 492
67 21 330 610
26 65 390 610
41 25 294 304
30 61 587 385
75 36 767 925
40 23 122 870
40 28 733 688
22 42 803 580
30 58 942 624
39 31 63 345
60 17 862 96
47 33 870 464
32 36 612 0
43 22 455 611
31 48 511 222
48 56 944 511
55 24 230 53
45 33 253 419
38 55 400 838
37 47 662 688
25 42 658 596
60 18 805 96
45 33 788 25
61 31 904 403
59 30 373 492
58 37 898 345
39 25 21 189
19 50 507 18
23 38 881 582
81 79 921 919
49 32 856 951
43 42 127 742
