2 50
448 1000 3 0 0
552 1000 6 0 448
213 67 0 0
235 117 0 448
102 121 286 448
88 286 0 683
221 61 151 0
125 88 286 688
65 218 528 688
113 173 642 448
76 81 528 843
91 114 151 221
235 151 0 213
221 57 540 0
227 192 435 221
115 169 117 448
120 169 117 563
221 98 655 0
127 163 642 561
107 286 0 771
85 115 753 0
113 92 815 448
76 254 746 688
121 154 374 688
122 286 0 878
138 161 286 550
63 195 447 550
136 247 753 85
79 254 746 764
191 154 374 809
136 141 151 312
136 143 292 312
63 195 805 561
157 246 754 843
101 154 627 221
84 84 67 0
75 195 447 613
157 145 609 843
64 195 805 624
102 235 407 448
92 328 212 0
227 219 781 221
113 93 907 448
126 154 627 322
221 58 597 0
187 88 286 813
91 170 265 221
129 328 212 92
90 218 528 753
129 84 67 84
85 132 868 0
81 81 528 919
