6 50
340 301 3 0 0
291 1000 5 0 340
340 331 6 301 0
369 368 2 0 631
369 632 6 368 631
340 368 5 632 0
137 131 0 0
142 118 0 340
113 116 301 0
108 161 0 631
133 97 368 631
160 117 632 0
63 201 236 340
92 134 0 137
65 215 417 0
128 100 749 0
124 98 437 340
175 91 417 165
161 102 161 631
115 118 118 340
154 151 849 0
148 105 263 631
291 77 679 340
291 79 835 340
98 195 575 631
291 144 535 340
186 68 849 154
73 167 134 137
145 86 914 340
291 79 756 340
61 201 236 467
103 230 770 631
208 102 161 792
167 98 437 464
111 134 0 229
176 118 118 455
165 110 465 631
212 100 749 128
186 83 917 154
100 215 417 65
180 117 632 160
64 201 236 403
261 72 0 739
227 116 301 113
149 118 0 482
137 170 131 0
146 86 914 485
261 89 72 739
221 105 263 779
271 195 575 729
103 201 236 528
175 124 508 165
130 167 134 210
236 97 368 764
204 110 465 796
266 230 770 734
