6 100
416 400 4 0 0
224 290 6 400 0
584 400 6 0 416
269 310 2 690 0
731 310 2 690 269
776 290 2 400 224
102 82 0 0
53 145 400 0
67 57 0 416
127 123 690 0
81 68 690 269
160 90 400 224
224 62 545 0
57 85 0 207
97 58 194 416
40 141 690 484
88 169 831 484
52 67 844 269
50 104 183 207
63 169 831 681
104 56 400 384
120 51 400 488
89 169 831 809
38 141 690 690
189 107 400 608
93 206 194 513
57 155 535 488
61 90 0 586
190 70 690 810
107 217 183 309
47 151 539 384
142 36 690 127
207 53 82 0
179 183 507 608
104 141 690 586
92 41 197 0
103 50 292 0
215 89 911 269
81 194 0 709
102 169 831 898
142 36 836 127
209 98 85 207
60 187 813 0
210 81 0 790
109 169 831 572
120 101 194 606
210 54 81 790
103 194 0 483
112 83 607 0
215 86 758 269
70 200 490 224
92 71 760 810
62 194 0 647
132 99 194 726
90 200 490 294
142 73 763 127
104 108 292 103
38 113 287 207
120 105 295 606
65 169 831 744
43 107 400 797
67 187 813 60
50 107 293 726
207 62 135 0
142 90 910 127
67 99 194 858
103 59 135 790
79 183 507 787
107 59 135 893
103 58 342 0
105 82 0 102
115 31 197 92
57 61 539 431
63 155 535 545
62 70 690 524
52 83 456 384
152 85 0 264
142 37 726 127
52 83 456 436
35 99 194 925
171 54 400 53
171 91 454 53
62 71 760 524
120 84 451 488
59 68 690 350
134 44 507 866
160 107 400 840
224 107 293 776
97 148 252 416
40 99 194 960
163 67 844 321
67 61 57 416
98 71 760 902
112 83 607 112
64 113 287 245
134 139 551 866
92 54 238 0
82 68 690 728
67 76 118 416
115 64 228 92
61 104 90 586
52 104 183 257
142 38 872 127
82 73 758 728
57 90 600 431
75 68 690 409
