6 200
306 330 1 0 0
398 330 4 330 0
248 670 4 330 398
398 340 4 660 0
354 670 6 330 646
694 330 6 0 306
86 49 0 0
77 71 330 0
113 119 330 398
73 148 660 0
31 101 330 646
217 70 0 306
38 74 473 0
67 46 546 646
63 115 431 646
140 37 764 646
48 68 473 175
54 49 645 646
106 163 647 398
42 48 330 511
57 39 810 398
87 39 808 0
109 30 808 177
66 151 0 523
52 148 660 155
73 60 862 646
107 30 0 86
107 33 161 306
34 95 810 517
103 143 330 181
41 138 862 818
48 179 151 523
54 50 330 284
26 103 897 177
181 72 401 0
35 59 541 175
56 56 886 0
42 70 150 0
110 30 161 413
97 57 431 789
142 67 647 504
99 47 546 796
51 52 449 398
109 60 600 175
63 206 441 511
43 68 862 907
47 40 473 79
59 148 660 260
39 101 330 811
136 151 0 671
102 91 70 306
41 70 0 807
72 52 441 574
41 119 645 766
58 95 905 517
58 40 645 872
78 48 60 86
32 98 764 786
42 70 0 902
55 69 151 628
30 78 922 646
56 98 764 888
59 97 903 398
41 115 431 886
38 89 808 286
97 27 151 748
54 40 70 408
51 46 546 895
69 179 151 845
68 31 60 164
27 98 764 944
70 53 592 646
50 138 862 950
48 58 488 789
113 29 0 193
60 44 903 457
86 43 220 0
142 36 714 504
35 93 380 284
36 113 547 0
44 103 897 267
79 70 660 319
54 58 942 0
71 95 905 575
79 78 730 319
48 44 236 306
66 54 645 700
74 121 60 232
54 60 750 504
48 138 862 859
120 110 220 628
95 38 330 905
74 67 181 232
54 58 0 848
88 60 750 558
30 93 810 455
31 119 645 807
86 37 151 914
66 31 699 700
99 27 862 719
56 74 0 944
115 51 110 408
107 30 30 86
47 52 593 796
140 61 801 646
93 38 330 553
65 29 151 683
41 60 600 284
42 53 592 895
86 35 238 914
86 50 188 914
34 63 368 905
121 56 886 56
90 78 808 87
87 39 847 0
175 68 473 223
78 222 108 86
86 57 273 914
42 81 70 902
53 36 191 413
70 98 764 818
32 93 810 485
62 94 449 449
46 59 838 177
49 58 488 837
54 35 694 646
63 59 838 223
43 70 930 907
97 123 207 748
68 205 125 164
32 89 808 324
41 147 513 79
73 60 600 325
57 54 849 398
54 46 546 946
61 40 70 462
55 69 513 120
68 34 91 164
107 42 194 306
74 30 248 232
34 119 645 838
110 103 227 413
60 50 330 338
35 115 431 709
25 78 582 120
63 53 592 937
45 115 431 744
42 63 378 511
54 35 729 646
142 39 922 676
82 148 660 73
60 53 947 457
113 31 29 193
95 95 810 551
74 26 278 232
74 26 304 232
57 179 151 571
61 63 368 939
64 44 897 203
107 50 280 306
87 103 897 311
49 40 473 126
55 101 330 850
57 36 191 466
86 67 263 0
66 34 730 700
142 39 961 676
128 79 685 872
99 33 889 719
29 73 368 553
26 104 543 449
64 59 941 203
104 28 330 77
65 40 180 683
134 101 330 677
53 46 660 207
82 151 0 589
43 113 547 36
97 29 178 748
41 74 473 38
104 43 358 77
72 154 493 574
54 93 58 848
34 115 431 927
53 102 706 207
41 81 70 807
70 40 645 930
51 146 501 398
64 73 368 582
80 53 592 716
36 104 543 475
44 70 150 42
59 44 236 354
30 78 582 145
83 23 546 713
52 52 593 843
83 23 569 713
86 101 49 0
41 58 942 54
39 115 431 961
82 58 942 95
188 59 541 210
42 89 808 356
79 93 380 319
29 98 764 971
56 77 74 944
