4 200
414 258 5 0 0
1000 310 1 258 0
586 258 6 0 414
1000 432 6 568 0
70 99 0 0
46 152 258 0
65 57 0 414
69 101 568 0
72 52 0 688
90 68 568 474
101 68 258 303
52 99 0 549
57 54 410 0
62 61 0 152
109 66 123 152
58 54 730 474
58 123 730 601
35 108 730 777
60 65 125 688
50 88 568 160
79 34 783 0
74 95 258 551
31 123 0 277
38 88 783 79
115 69 189 152
62 111 326 303
111 62 437 303
86 53 853 601
33 126 0 479
124 41 326 427
70 65 125 826
248 69 499 303
91 43 568 69
61 64 258 151
127 34 568 684
146 47 258 707
42 162 838 777
42 82 648 684
37 135 568 271
68 77 99 0
90 44 853 687
127 57 857 474
70 91 353 551
43 95 353 621
77 117 703 271
127 41 914 474
51 49 703 348
77 45 820 271
33 127 730 532
137 62 437 414
81 129 871 79
65 63 114 414
50 76 410 121
40 95 258 625
91 45 664 69
62 111 326 365
53 65 568 345
43 108 730 868
68 69 189 267
87 29 190 826
70 59 126 479
62 66 123 261
42 79 99 68
40 99 0 70
152 42 322 151
62 62 61 152
33 120 448 621
68 68 190 688
73 55 0 341
132 33 410 171
47 81 838 866
73 59 258 853
34 114 669 0
63 64 375 707
167 42 0 833
43 162 838 913
68 70 305 707
35 130 870 0
51 78 99 549
35 135 568 398
45 83 42 833
88 65 99 600
44 73 838 956
92 47 636 474
49 91 477 171
145 73 52 688
31 90 910 271
47 80 568 811
83 60 375 770
58 80 807 348
95 80 568 905
68 72 807 406
58 68 258 404
50 67 258 46
44 58 730 659
50 54 760 160
47 80 838 819
29 94 568 210
65 57 57 414
90 50 897 687
60 45 955 474
59 68 568 564
44 63 870 35
89 68 258 462
43 95 353 664
41 133 435 770
47 82 918 819
68 41 176 0
35 114 669 34
36 127 730 565
47 80 568 858
90 53 947 687
118 33 636 566
78 32 125 748
42 133 435 811
87 34 190 913
37 135 568 308
50 104 656 160
111 42 814 160
118 61 669 566
73 68 55 341
152 46 364 151
147 106 317 853
70 68 190 756
37 126 0 512
91 66 123 323
38 69 189 335
33 91 477 220
61 68 568 623
59 65 788 659
92 47 683 474
42 95 258 665
59 65 788 718
91 74 709 69
41 135 568 433
88 94 164 600
58 113 887 348
65 81 177 414
58 70 367 427
63 62 439 707
63 67 501 707
70 73 185 479
68 121 879 406
91 53 611 69
63 62 61 214
42 159 99 110
56 45 730 812
55 46 856 160
91 64 258 212
63 61 0 214
50 82 486 121
89 108 730 911
86 29 906 601
55 152 258 96
111 98 902 160
66 70 367 485
127 46 602 684
61 98 662 210
122 83 42 878
73 52 0 760
42 99 0 110
87 47 0 601
132 34 443 171
74 59 258 926
47 81 919 866
104 65 125 896
51 81 177 549
33 123 0 308
37 70 305 775
87 52 47 601
64 158 410 57
215 82 648 785
147 145 423 853
44 67 933 35
67 45 955 534
50 91 477 253
46 90 910 302
53 70 633 345
79 53 817 0
56 63 775 812
78 33 157 748
59 82 648 726
61 54 760 210
41 69 189 373
43 88 783 117
50 85 325 46
56 55 752 348
86 65 935 601
32 94 568 239
53 120 448 654
44 89 911 956
87 34 224 913
75 49 703 399
42 80 178 68
77 45 865 271
57 104 464 0
70 124 444 551
70 55 752 404
56 46 856 215
87 39 219 826
41 70 305 812
58 73 784 474
74 58 730 703
68 41 217 0
