3 50
355 351 2 0 0
1000 649 3 351 0
645 351 5 0 355
132 168 0 0
178 90 351 0
239 75 0 355
166 147 351 178
101 176 175 355
229 160 351 534
81 167 498 178
173 183 168 0
187 90 498 347
118 202 351 763
116 147 553 763
169 155 665 178
223 71 0 132
108 176 175 648
77 175 0 594
178 91 540 0
169 180 820 178
119 57 351 881
190 147 351 344
246 175 0 754
89 183 168 173
121 186 553 879
107 178 511 534
88 70 498 259
95 97 71 132
79 176 175 756
121 71 739 879
165 176 175 835
79 288 712 347
116 300 700 763
105 100 75 355
108 288 712 426
68 86 175 456
192 90 261 456
178 277 723 0
93 183 168 262
187 124 588 347
178 99 441 0
229 73 689 534
83 175 0 671
67 100 75 460
178 92 631 0
122 178 511 641
229 238 762 534
124 86 175 524
88 97 568 259
128 97 71 227
119 145 408 881
67 100 75 527
121 190 810 879
