4 500
1000 421 1 0 0
469 260 4 421 0
1000 319 6 681 0
531 260 4 421 469
33 31 0 0
48 60 421 0
42 47 681 0
35 61 421 469
32 91 681 304
40 46 421 233
54 51 421 734
42 71 681 645
57 37 0 384
42 68 681 790
70 40 0 680
56 30 523 233
18 49 0 504
32 53 681 876
31 33 544 469
57 52 0 835
48 59 546 0
23 76 195 384
28 75 97 0
56 31 80 680
51 22 0 118
25 67 195 442
26 50 97 151
31 24 172 0
61 32 546 109
78 23 172 73
28 27 421 584
46 39 421 338
56 37 97 266
51 41 788 876
40 42 0 228
63 28 0 441
44 46 779 0
43 45 108 504
21 38 257 151
25 86 752 645
49 35 184 266
55 33 272 266
61 46 875 876
38 49 681 442
43 64 838 790
99 33 779 95
29 98 681 113
65 50 772 304
44 66 108 591
34 58 155 680
47 111 889 0
28 98 681 528
43 58 880 95
35 51 155 752
53 64 532 734
51 34 611 469
35 101 779 194
50 34 779 528
68 36 838 645
40 23 866 528
28 110 772 369
15 49 833 442
51 37 880 192
34 67 532 840
71 40 599 840
40 31 228 504
53 32 481 0
36 46 421 846
36 78 838 713
83 35 284 752
43 47 261 591
65 22 141 835
34 23 290 0
82 35 421 918
84 47 584 233
49 17 596 734
52 60 421 112
33 54 246 835
73 30 347 0
23 78 262 442
28 60 421 48
45 69 108 635
39 49 421 504
43 47 141 900
55 53 44 118
57 15 141 943
44 20 108 547
20 37 889 47
43 66 838 833
19 67 544 540
71 19 639 840
49 17 917 192
17 43 546 170
103 28 681 687
38 46 0 564
53 53 813 528
29 29 546 48
19 40 599 911
42 59 882 442
63 28 68 441
37 76 456 918
71 40 40 680
58 55 271 384
28 98 681 586
65 50 421 273
64 49 257 202
22 86 335 151
44 68 812 95
43 44 904 833
56 35 921 876
24 85 596 783
14 52 471 273
39 44 0 602
25 68 613 48
42 40 40 751
65 76 822 304
29 59 49 504
45 17 681 908
63 46 875 937
28 98 681 42
51 44 956 876
73 23 882 369
57 56 190 943
34 83 917 645
55 25 44 173
39 43 319 752
34 83 917 679
65 23 189 835
43 46 681 70
52 41 0 268
44 63 460 338
31 36 681 373
55 34 812 139
58 55 421 788
62 40 97 322
73 31 928 369
26 30 544 623
38 45 681 404
30 98 681 556
33 36 916 713
54 37 574 623
39 43 220 73
41 67 532 915
54 60 472 734
64 45 0 320
32 53 813 581
29 81 340 442
48 61 523 349
54 57 880 138
44 18 681 832
53 55 300 835
79 24 481 53
64 26 45 320
53 32 532 787
54 31 937 138
42 67 544 581
39 45 310 73
29 39 326 384
26 35 611 594
35 23 0 33
44 64 825 0
16 64 825 44
49 65 481 132
29 27 124 441
48 36 605 0
34 50 779 229
63 46 584 317
36 51 866 568
78 27 44 602
40 46 421 646
33 66 355 73
27 45 681 142
42 21 639 911
26 65 481 181
51 16 645 469
42 44 749 790
48 60 421 686
22 84 177 635
34 51 630 317
33 61 523 397
69 26 421 164
41 67 866 604
44 43 174 591
48 63 155 787
45 37 772 397
40 63 460 382
58 56 476 788
42 40 0 750
56 49 951 192
43 43 709 687
41 67 933 604
21 84 916 746
51 35 646 594
21 44 902 790
53 52 147 151
84 23 630 385
31 55 147 204
41 43 421 543
93 33 97 58
64 48 306 202
69 43 184 315
41 33 838 749
59 23 97 207
48 26 481 686
48 66 218 787
23 74 681 480
37 45 681 336
43 40 752 704
37 50 47 33
36 23 421 882
43 42 752 747
44 20 319 791
28 67 354 202
87 22 246 913
28 100 95 384
44 44 748 832
89 36 308 591
29 100 95 412
17 51 309 504
32 69 719 908
23 78 755 480
42 46 0 892
31 98 681 614
69 21 227 315
53 58 199 151
35 61 360 504
43 46 584 380
36 141 280 680
36 24 421 76
49 51 630 734
47 63 460 422
56 50 134 266
33 22 596 807
52 61 360 539
44 44 217 591
23 84 916 767
78 25 195 73
56 49 951 248
51 51 309 540
32 54 734 876
73 23 905 369
28 46 829 876
67 34 779 578
47 38 681 953
29 86 335 173
25 78 755 503
35 78 206 752
23 74 926 47
46 46 584 423
53 32 564 787
36 26 280 716
73 20 377 0
39 44 0 641
39 44 305 266
35 25 482 469
74 36 645 520
34 22 752 670
73 20 788 927
41 67 532 874
57 37 574 677
23 32 268 913
78 22 263 73
40 77 467 646
61 16 880 243
48 40 641 0
51 46 779 44
25 30 926 70
69 34 447 164
63 40 28 441
93 24 681 211
59 15 355 835
29 103 578 109
89 35 646 645
39 55 300 888
35 55 300 927
26 31 52 835
32 67 546 77
43 49 833 485
86 35 611 648
43 52 948 833
85 24 23 33
21 37 456 955
37 46 726 336
44 58 363 791
40 55 42 228
63 33 272 321
68 35 921 932
63 28 96 441
45 54 246 868
51 40 295 151
24 32 968 138
32 53 813 613
17 56 41 268
37 67 195 467
33 52 471 305
78 37 71 602
79 41 505 53
69 26 726 142
99 75 80 736
31 59 49 533
64 26 71 320
31 55 147 235
44 64 164 547
53 33 513 0
39 61 523 430
43 52 727 70
15 59 362 752
41 19 779 263
20 66 355 106
16 58 83 835
24 41 959 369
41 80 464 543
21 51 728 0
62 47 137 322
43 54 946 790
60 30 719 940
59 44 0 169
47 40 599 953
40 42 130 58
42 45 793 790
54 31 553 233
18 67 532 956
32 34 196 0
25 74 681 503
32 103 578 138
26 28 481 207
60 30 523 289
69 27 752 142
44 72 349 266
24 34 577 469
17 51 630 351
39 45 310 112
43 46 792 704
36 84 337 716
48 50 47 70
38 103 730 442
38 62 46 564
37 66 355 894
55 34 846 139
60 43 709 730
27 72 349 310
62 31 553 287
43 62 938 95
73 24 230 0
36 67 354 230
49 53 219 266
63 38 589 170
73 44 956 927
36 83 917 568
18 55 300 962
56 44 111 680
47 42 639 953
45 73 809 397
68 43 874 645
60 39 749 940
40 76 924 528
23 40 177 657
73 36 254 0
41 60 820 263
63 19 151 441
31 55 202 204
30 75 97 28
23 72 349 337
24 72 349 360
44 118 882 484
44 46 792 832
39 74 470 504
63 34 917 241
29 69 475 584
33 69 475 613
45 39 493 955
74 34 611 520
36 65 467 882
42 59 941 442
84 24 631 233
36 65 467 846
47 39 228 544
36 68 613 73
59 35 386 835
34 25 285 73
40 56 467 233
40 74 705 211
62 27 448 584
79 21 305 305
42 40 40 793
84 26 655 233
57 58 37 384
53 42 130 98
35 23 326 305
33 81 340 471
43 17 0 792
45 45 46 892
66 46 0 934
15 51 829 229
43 33 153 504
63 95 46 937
73 34 313 0
63 27 627 170
46 47 261 634
19 44 794 747
31 55 202 235
29 95 326 413
89 23 344 591
35 76 195 407
43 58 188 900
69 66 355 931
38 46 726 404
47 42 267 544
38 50 155 714
38 75 205 714
84 28 653 385
63 27 654 170
34 67 213 680
89 54 367 591
85 39 421 384
45 50 91 892
39 43 220 112
65 102 898 304
65 26 163 835
47 34 577 493
46 43 546 187
28 49 833 457
24 44 794 766
42 24 172 31
31 25 170 441
51 22 22 118
49 41 959 393
34 27 124 470
19 51 829 244
50 23 0 68
45 21 698 908
40 50 259 504
41 34 196 32
34 27 421 612
32 25 170 472
44 49 699 832
31 55 717 373
25 66 355 126
34 64 774 670
23 40 599 930
35 37 507 469
23 44 217 657
44 25 285 107
43 42 186 504
30 32 968 162
43 23 17 792
42 21 660 911
29 38 575 48
51 20 661 469
30 38 257 172
53 74 705 251
85 30 544 649
31 31 52 861
36 23 444 882
65 34 212 835
25 44 956 70
69 24 248 315
39 78 262 465
48 37 507 686
59 27 120 207
28 37 889 67
17 51 630 368
96 46 829 904
44 24 339 791
44 23 326 340
28 35 611 620
36 36 445 76
35 56 41 285
26 67 532 974
41 22 798 263
22 67 544 559
61 21 896 243
29 56 365 384
71 23 658 840
26 37 509 207
35 64 825 60
20 55 300 980
41 45 871 749
41 58 83 851
21 51 728 21
40 35 889 528
49 17 934 192
30 50 97 177
42 49 0 522
33 66 31 0
36 31 306 716
24 37 456 976
24 59 362 767
22 44 902 811
55 28 69 173
39 23 290 34
59 16 370 835
19 51 309 521
57 34 156 943
33 48 952 713
18 52 471 287
73 21 808 927
49 17 613 734
33 63 618 807
73 24 397 0
44 36 128 547
42 45 681 169
40 33 544 500
64 32 268 936
