4 100
1000 292 5 0 0
237 708 5 292 0
243 708 1 292 237
520 708 2 292 480
93 123 0 0
118 60 292 0
121 81 292 237
93 82 292 480
81 87 527 237
84 132 713 237
141 73 0 382
114 100 0 675
116 76 540 0
121 66 540 116
195 55 0 187
65 130 489 480
125 97 292 726
83 117 619 480
152 78 0 523
63 155 845 237
68 127 413 0
55 157 619 703
162 186 527 318
141 63 73 382
121 101 733 116
112 154 373 237
67 104 776 703
64 132 713 321
118 100 389 726
109 66 736 480
87 120 880 703
80 157 619 840
117 30 352 0
55 63 78 523
181 130 489 626
122 81 292 358
121 58 606 116
73 97 292 851
187 70 123 0
70 104 776 840
80 157 619 920
81 130 489 545
169 47 413 68
58 123 695 0
131 58 373 349
119 60 292 118
121 69 664 116
95 132 713 385
116 79 616 0
223 99 802 480
97 214 78 578
94 123 0 93
104 93 100 675
43 166 834 116
38 97 292 924
82 157 619 758
90 104 776 910
75 155 845 300
78 166 834 159
155 45 193 675
79 49 880 790
70 156 136 382
195 55 55 187
74 99 193 0
105 71 845 375
120 61 352 117
74 100 389 844
67 80 460 68
81 99 614 237
195 50 167 187
113 99 193 74
70 104 776 770
195 57 110 187
68 115 374 480
106 93 100 779
115 93 100 885
195 75 217 187
131 96 431 349
105 84 916 375
114 32 736 589
140 55 619 563
81 100 0 789
130 100 0 870
116 74 818 0
140 62 674 563
131 120 880 869
116 108 892 0
75 115 374 548
153 82 292 573
223 99 901 480
82 100 389 918
71 49 136 452
103 115 374 623
170 99 193 830
58 123 695 58
155 54 238 675
193 130 489 807
102 80 460 135
38 97 292 962
117 31 382 0
79 71 929 790
71 107 185 452
55 151 141 523
114 34 768 589
