4 400
423 302 5 0 0
577 226 6 0 423
577 774 6 226 423
423 698 4 302 0
43 72 0 0
64 74 0 423
99 33 226 423
41 64 302 0
51 44 302 189
34 85 647 0
54 55 0 708
39 66 599 189
62 58 151 0
58 44 226 702
72 44 420 702
63 43 420 847
51 65 302 293
31 56 697 702
25 57 0 560
36 77 0 854
33 47 302 91
51 64 0 207
48 47 151 206
46 85 823 0
36 93 490 423
34 71 683 847
43 33 830 847
19 74 844 702
74 35 226 823
72 37 490 556
77 32 0 631
52 30 77 854
30 113 113 708
24 58 406 189
25 91 732 0
47 45 423 91
57 47 0 87
34 93 209 0
113 30 151 310
30 76 754 847
34 105 0 487
31 92 908 0
44 67 0 309
61 41 918 702
46 79 226 897
30 112 420 774
46 54 440 293
40 63 352 423
71 37 150 854
94 38 665 189
60 67 352 543
75 44 912 847
34 78 524 847
56 47 583 423
27 103 437 0
65 33 419 543
71 38 652 556
47 44 515 91
50 42 305 897
60 58 55 708
37 58 110 631
29 98 766 423
39 64 697 767
51 74 0 258
73 23 226 522
107 37 226 595
31 113 113 776
73 38 532 774
58 32 209 87
35 85 647 91
42 85 823 93
77 42 583 479
69 30 793 556
63 40 602 847
63 49 665 283
67 44 956 847
20 76 226 310
68 40 570 556
34 46 105 487
77 20 672 479
28 75 151 254
37 43 766 482
47 46 767 189
24 92 908 81
61 41 806 283
47 55 113 807
56 45 181 310
24 92 908 31
46 55 0 762
54 69 406 239
38 55 113 738
68 39 732 51
97 30 490 459
39 53 540 0
65 42 302 124
67 41 959 702
82 35 683 918
43 49 420 804
63 36 367 293
54 48 475 239
41 61 463 847
106 37 844 741
52 60 346 189
99 35 259 423
63 23 226 760
52 42 263 595
65 43 527 556
57 38 647 34
91 25 593 0
32 58 151 62
36 60 297 823
23 67 352 603
53 47 305 595
82 36 718 918
47 85 823 46
56 37 226 254
63 42 277 760
55 45 908 134
77 35 793 625
28 51 861 556
94 31 703 189
53 47 47 87
26 97 323 702
94 33 734 189
33 76 226 350
51 77 74 258
70 37 732 119
36 71 554 702
90 43 420 910
54 37 523 239
47 63 520 459
25 87 64 207
27 79 226 943
35 66 599 271
50 50 302 41
40 76 226 383
31 85 647 126
73 37 273 522
23 61 813 189
44 62 0 43
37 65 867 625
37 41 761 767
77 52 714 479
81 33 599 342
70 54 769 119
36 58 151 132
47 58 168 807
119 30 241 87
81 33 632 342
70 42 690 556
35 73 0 353
32 45 323 728
62 37 403 293
45 82 830 890
26 93 209 34
84 41 918 763
20 76 754 908
71 42 610 556
26 103 437 27
53 67 352 649
36 42 610 627
65 39 344 124
55 47 953 134
56 65 630 423
43 83 761 804
32 85 647 157
58 53 270 702
42 81 602 910
48 32 602 952
79 38 806 344
33 67 665 346
22 84 67 309
65 40 383 124
78 40 570 624
32 44 753 702
45 37 881 741
37 74 732 346
44 38 62 43
40 63 867 662
69 37 912 556
31 45 464 702
70 36 73 353
85 30 524 915
50 63 520 506
36 69 352 463
119 31 271 87
84 40 440 339
22 77 813 236
56 30 732 556
20 74 732 383
36 71 554 738
39 65 302 344
70 21 109 353
44 58 294 423
36 72 625 702
32 58 570 774
76 42 690 626
25 85 352 41
79 42 903 344
45 31 347 897
47 63 874 189
36 41 959 769
41 90 464 733
85 48 554 915
84 41 480 339
33 91 753 734
54 41 823 135
75 38 652 627
53 77 0 890
73 42 310 522
25 92 423 138
51 76 754 949
68 52 771 51
86 29 55 768
77 47 625 479
35 73 0 388
112 28 463 888
57 45 181 366
84 37 521 339
40 57 110 668
22 65 352 499
39 59 105 521
112 33 491 888
36 39 187 854
46 55 0 808
86 22 956 914
38 55 945 344
54 47 305 648
63 39 319 760
38 56 297 859
40 70 930 662
81 43 527 621
34 78 524 881
40 65 302 383
27 77 0 943
41 34 366 0
38 39 828 625
31 47 0 144
51 42 378 897
38 47 437 53
71 42 57 560
69 51 949 556
40 41 558 339
46 48 494 293
52 27 346 241
59 54 864 423
86 29 84 768
37 59 844 344
61 50 847 283
63 45 714 283
63 41 642 847
26 82 918 423
36 72 625 738
63 47 759 283
25 88 559 91
36 39 187 927
53 57 94 87
67 47 47 140
30 48 766 452
41 62 570 806
43 66 599 228
55 58 294 467
74 37 490 628
47 54 890 236
43 79 72 0
61 46 897 283
36 69 421 463
21 73 417 499
39 105 0 521
65 33 830 935
41 73 77 906
56 71 695 423
47 56 944 236
32 44 912 922
37 71 419 608
53 73 77 947
50 55 464 189
57 71 419 645
41 64 697 806
50 80 519 189
75 37 150 925
61 57 943 283
74 36 261 823
36 61 864 482
26 87 64 232
25 85 352 66
40 75 415 423
46 57 542 293
38 58 151 168
53 42 305 947
26 91 732 25
38 58 168 738
37 71 683 881
51 44 515 138
28 75 151 282
28 88 559 116
31 76 754 877
45 88 559 144
26 92 908 55
29 92 908 105
27 93 209 60
36 66 599 306
57 47 685 34
74 25 809 482
26 92 423 163
68 37 403 355
41 65 632 806
63 23 358 760
56 39 263 254
37 58 168 631
30 77 0 970
65 49 863 935
91 29 618 0
36 63 357 823
47 47 468 91
67 36 367 356
33 82 918 449
55 42 263 647
40 59 167 668
65 38 452 543
38 78 32 631
52 53 540 39
47 63 937 189
39 62 164 521
69 38 823 556
54 44 864 135
43 63 469 804
38 62 864 518
47 46 767 236
52 42 378 948
38 67 353 859
36 75 925 482
53 44 302 240
38 37 926 518
71 41 141 560
48 48 198 206
37 68 932 625
42 59 844 381
48 56 246 206
41 55 945 382
71 42 99 560
21 67 665 379
39 37 32 669
90 27 732 612
71 20 182 560
67 57 94 140
30 79 226 970
90 34 759 612
64 152 74 423
33 74 349 91
63 28 249 760
34 75 151 487
46 57 0 585
42 41 959 805
86 22 978 914
46 44 912 954
20 74 732 403
44 41 558 379
23 67 665 400
56 31 762 556
43 49 863 847
32 52 368 728
21 76 754 928
38 56 484 53
20 76 226 330
71 24 202 560
23 67 352 626
25 77 813 258
22 84 67 331
31 45 509 702
58 31 347 942
38 58 151 94
52 33 373 241
44 51 100 43
74 30 834 482
52 43 107 854
34 56 697 733
24 61 813 212
22 65 352 521
20 74 844 721
70 21 130 353
39 41 69 669
37 42 802 767
32 69 628 774
32 47 0 175
32 47 797 702
54 39 560 239
61 37 881 786
73 24 249 522
37 39 187 963
61 32 209 145
26 58 406 213
63 39 381 760
38 37 963 518
23 73 417 520
41 37 400 0
30 50 814 452
37 43 766 519
48 49 634 952
41 51 861 584
77 22 692 479
39 42 610 663
37 39 187 890
39 39 828 663
