4 400
1000 399 6 0 0
1000 298 5 399 0
303 303 3 697 0
697 303 4 697 303
56 27 0 0
39 72 399 0
52 42 697 0
65 27 697 303
51 43 399 411
84 24 0 225
45 44 697 593
40 50 399 205
113 31 0 112
66 37 399 677
105 27 0 407
72 22 399 525
26 104 697 434
49 34 539 677
56 34 0 648
84 140 399 825
51 30 159 0
113 44 186 112
27 103 173 648
40 53 697 129
54 31 130 407
55 31 260 407
59 35 835 303
38 60 276 648
37 41 132 225
103 29 523 205
67 23 539 813
35 87 610 205
46 57 846 593
38 49 251 0
46 33 610 308
37 73 801 434
56 46 399 287
64 34 905 303
37 63 260 520
37 62 399 909
58 33 0 704
54 37 539 880
55 40 289 112
63 26 697 683
82 38 399 743
30 87 523 308
34 79 618 677
66 39 697 368
48 32 192 407
107 31 399 98
43 43 697 214
48 49 547 0
42 48 173 773
45 50 173 884
36 79 0 821
55 59 874 434
55 36 88 112
45 42 83 704
33 80 617 880
56 45 79 821
56 41 0 512
97 36 132 310
75 51 697 830
50 55 514 411
64 45 490 525
37 73 697 905
159 67 933 434
38 72 697 746
98 38 276 750
48 34 244 310
61 81 782 0
37 52 276 848
42 78 809 129
64 37 514 461
38 80 52 225
76 36 276 924
83 21 846 691
40 60 0 568
54 31 130 524
20 80 52 310
107 27 473 98
90 33 0 910
42 76 471 0
68 38 399 343
42 71 535 525
77 20 124 821
68 40 782 61
20 76 770 905
25 76 323 520
41 54 844 214
26 81 318 310
113 29 323 407
45 54 535 567
50 46 547 48
76 46 444 525
52 57 846 639
65 30 192 510
58 27 846 774
46 49 124 898
47 36 224 407
25 98 748 830
57 53 223 884
54 43 739 0
103 27 643 308
76 34 328 848
41 37 449 205
63 62 130 461
98 29 314 750
50 50 33 704
104 26 874 489
52 32 527 98
65 84 751 303
50 45 908 774
48 43 430 98
58 48 88 167
76 46 444 601
85 23 173 225
59 53 223 941
63 44 755 683
68 35 610 240
56 49 0 56
46 62 189 0
76 32 323 572
82 30 437 743
32 49 173 702
35 45 908 824
62 31 161 524
55 37 770 945
52 39 903 639
85 36 234 225
71 22 173 929
56 52 68 648
22 74 244 358
112 39 300 0
48 33 60 407
54 51 399 946
40 57 0 608
47 57 31 112
66 24 436 677
49 33 900 489
43 43 740 214
103 29 552 205
31 52 645 240
72 36 83 749
56 39 41 512
56 49 124 944
38 41 312 924
45 55 221 773
25 98 748 855
32 87 523 338
32 73 801 471
25 98 748 880
46 49 697 784
52 58 942 639
55 35 870 303
38 77 769 746
55 39 807 945
89 28 783 214
45 34 589 567
76 44 355 572
40 70 60 568
32 123 276 686
50 47 593 48
56 38 445 287
66 52 487 677
27 76 471 42
46 61 939 303
32 99 736 368
50 40 52 357
38 40 312 962
39 50 173 734
89 33 811 214
48 50 596 0
107 28 559 98
28 73 697 942
78 47 953 824
48 51 646 0
65 54 535 612
29 76 471 69
53 72 442 411
56 40 483 287
56 50 49 56
85 24 939 349
41 87 523 370
43 46 33 910
63 47 799 683
68 35 822 61
50 47 953 774
68 28 437 343
68 35 909 61
66 39 539 934
76 37 362 848
68 28 944 61
26 82 615 813
48 56 844 255
88 22 490 589
39 49 697 460
168 62 846 832
50 39 587 98
41 47 898 214
64 24 551 461
52 37 93 407
42 36 606 525
33 58 465 343
39 52 276 885
48 47 352 407
77 42 697 52
38 63 336 648
59 33 0 762
56 50 80 512
33 81 318 336
65 23 352 455
66 39 578 934
37 43 739 54
50 40 92 357
67 50 33 754
45 38 741 593
45 44 697 638
85 38 196 225
73 31 192 575
55 35 329 112
48 33 27 407
21 79 618 711
103 27 670 308
107 27 500 98
73 37 223 575
58 50 136 167
36 54 119 749
48 100 900 255
47 46 33 953
50 57 640 48
56 34 34 648
98 25 0 309
83 31 898 691
39 53 223 734
64 45 573 677
34 52 857 61
72 35 835 362
56 53 120 648
38 40 318 369
30 73 697 970
47 104 697 499
63 43 399 462
50 44 569 411
58 33 329 167
85 57 270 225
56 60 99 56
60 45 79 877
53 36 0 857
63 45 79 937
39 55 746 460
46 97 903 593
54 32 291 407
69 48 173 815
41 82 615 839
42 50 399 245
59 43 430 146
66 23 189 46
54 41 576 880
41 55 945 214
66 55 221 818
45 45 908 904
45 52 741 638
76 35 870 358
27 76 323 545
46 47 746 784
53 37 93 459
65 38 222 510
98 27 343 750
40 73 57 608
40 73 801 503
34 45 573 741
51 45 908 949
37 63 260 557
35 58 465 376
45 43 697 169
52 29 626 98
50 41 613 411
58 37 362 167
58 40 289 167
84 28 24 225
57 39 587 148
27 72 399 39
88 23 512 589
62 31 161 586
34 46 736 400
82 37 486 205
98 27 25 309
40 59 750 129
53 43 36 857
55 35 364 112
42 53 887 129
50 43 654 411
49 60 339 0
22 73 801 543
66 27 31 159
85 29 327 225
54 63 260 594
82 30 467 743
23 89 450 946
98 29 370 750
45 69 740 169
39 42 497 743
87 32 617 913
103 29 581 205
49 47 953 902
107 42 655 98
80 45 399 597
36 54 119 785
68 28 972 61
43 113 887 171
37 78 461 909
32 56 276 718
53 29 230 112
42 60 940 129
110 74 623 567
57 32 618 756
83 71 929 691
47 104 697 546
54 30 259 112
49 47 953 951
61 137 863 0
34 53 782 400
66 30 58 159
24 79 618 732
55 29 626 150
66 27 460 677
61 34 442 464
45 45 908 859
38 45 573 775
38 47 352 962
42 55 642 525
56 41 67 0
42 37 168 310
46 43 697 257
67 34 905 367
63 28 339 49
65 27 724 303
55 32 192 455
65 24 375 455
38 41 358 369
59 30 259 166
46 43 740 257
46 53 793 784
43 42 497 782
27 103 173 675
61 30 159 51
58 31 260 462
27 74 244 380
29 53 562 813
32 72 399 66
87 48 649 913
58 35 873 774
72 23 421 525
60 29 230 165
74 24 251 38
20 76 770 925
28 73 801 565
27 80 52 330
37 52 645 271
97 39 205 310
83 31 867 691
48 41 132 262
56 51 108 0
66 39 212 46
74 25 275 38
31 89 450 969
55 33 900 538
32 67 332 718
48 40 278 310
65 34 589 612
59 32 291 461
55 32 527 150
32 54 222 702
38 46 353 924
87 34 539 726
77 29 144 821
57 33 610 354
47 80 52 263
38 43 739 91
56 36 224 454
45 53 793 638
45 67 779 593
34 52 857 95
70 31 130 578
38 53 562 842
63 32 367 49
85 43 356 225
64 77 620 461
45 48 125 704
85 37 963 349
43 78 809 171
61 38 476 464
57 47 650 756
55 37 168 352
57 33 27 455
41 37 449 246
64 45 575 461
54 31 161 407
56 40 27 0
55 62 124 112
71 28 195 929
63 32 723 683
57 33 60 455
