5 100
279 373 4 0 0
333 1000 4 0 279
279 627 2 373 0
388 348 5 0 612
388 652 5 348 612
136 86 0 0
115 57 0 279
123 245 373 0
110 80 0 612
83 94 348 612
68 176 172 612
147 62 595 612
81 102 755 612
70 65 0 136
195 49 348 805
279 80 618 0
157 43 372 279
64 109 755 793
100 83 787 0
98 81 172 800
73 110 373 123
81 80 372 436
195 63 457 805
64 89 186 0
100 121 755 693
116 72 595 759
67 98 144 136
81 56 442 612
114 88 667 759
81 95 253 800
83 106 373 196
72 239 482 279
176 64 659 436
93 75 520 805
47 172 0 722
65 98 275 0
56 213 787 100
74 279 721 279
99 66 0 394
95 122 372 517
112 63 442 693
100 124 876 693
58 213 787 156
76 97 144 203
95 71 494 517
136 47 86 0
119 57 0 493
102 81 172 898
136 53 133 0
81 143 857 612
45 76 172 680
157 67 415 279
71 98 275 65
65 102 787 214
76 132 241 203
143 245 755 857
115 33 57 279
67 131 242 136
125 72 595 875
72 127 723 436
95 94 565 517
231 62 0 769
115 63 209 279
119 95 253 881
127 88 667 873
38 130 870 0
110 92 80 612
81 47 452 436
115 100 272 279
87 110 62 769
115 81 128 279
65 111 889 214
75 88 172 725
49 193 179 394
104 95 723 508
75 88 260 725
99 113 66 394
119 67 129 493
143 79 65 136
73 135 483 123
64 136 864 793
119 72 57 493
102 75 520 898
110 94 348 695
50 193 179 443
68 89 698 0
72 150 850 436
144 110 62 856
85 239 482 351
112 90 505 693
119 176 196 493
83 139 479 196
104 182 818 508
147 98 657 612
83 279 721 353
115 38 90 279
81 54 499 436
195 60 397 805
73 65 0 206
81 106 553 436
72 89 186 64
62 130 870 38
211 89 698 68
81 97 498 612
45 100 248 680
