6 400
278 408 3 0 0
339 491 2 0 278
278 231 5 408 0
383 1000 5 0 617
278 361 6 639 0
339 509 3 491 278
59 57 0 0
35 92 0 278
59 25 408 0
124 32 0 617
108 35 639 0
70 45 491 278
75 20 383 617
34 98 491 429
61 22 0 431
72 46 534 617
26 90 639 108
24 76 0 741
117 38 534 765
62 63 0 866
37 40 102 431
33 44 762 617
30 52 627 617
79 37 0 118
25 99 408 121
30 46 729 108
17 67 688 429
36 31 188 431
31 113 135 617
51 49 534 882
30 109 135 679
42 41 732 765
73 73 88 118
72 24 220 278
19 57 638 882
48 64 729 180
59 56 154 741
55 35 830 765
57 62 507 121
67 20 140 866
57 60 116 0
38 29 383 692
98 34 857 180
82 38 257 431
67 53 161 118
32 43 92 278
46 103 629 765
60 55 522 0
23 59 328 278
47 94 756 882
58 20 238 0
20 63 688 516
42 88 817 516
50 83 819 0
43 81 828 429
59 21 342 431
59 56 268 741
48 53 721 278
62 47 580 617
53 62 491 502
59 61 850 882
30 118 638 940
44 37 328 339
62 59 244 679
57 59 57 0
42 85 406 339
41 89 911 882
42 35 905 516
28 41 116 57
62 56 248 617
47 85 257 513
66 51 268 800
21 56 272 278
82 41 762 683
27 88 0 197
30 114 408 59
23 86 102 514
108 35 902 0
67 35 235 866
26 63 553 502
27 43 879 683
22 62 577 0
21 83 679 617
28 43 905 765
48 25 507 178
88 39 92 343
31 36 154 800
33 56 0 790
54 36 63 866
73 41 589 429
41 28 161 185
72 63 843 108
91 39 639 187
43 40 710 0
34 104 491 348
47 73 927 180
66 36 307 866
77 44 0 354
57 19 66 617
70 48 827 278
67 56 281 118
50 49 297 0
59 62 553 558
77 23 49 431
47 63 383 769
59 59 324 741
62 40 303 679
25 64 319 800
64 37 270 866
19 75 830 820
108 63 937 0
59 21 850 941
35 114 154 831
32 69 66 674
59 29 464 0
58 19 819 50
32 106 721 326
32 114 408 89
53 88 403 431
44 172 828 472
40 29 595 348
74 21 627 691
27 52 220 350
59 73 615 558
65 54 710 43
46 83 679 667
57 85 257 560
39 98 491 463
23 86 102 563
36 68 775 108
61 18 522 60
43 34 32 617
58 61 695 882
83 46 142 431
66 60 858 617
62 39 304 617
41 125 875 278
100 35 557 178
29 57 0 59
43 91 909 429
58 52 948 765
65 55 764 43
50 27 940 516
57 70 569 121
44 36 891 180
43 56 272 344
75 49 732 807
77 40 911 923
42 41 131 343
68 50 297 50
26 83 679 713
67 19 186 866
66 31 577 55
51 57 572 765
50 85 406 381
39 63 383 730
32 106 721 358
134 40 343 866
26 94 756 929
48 29 328 383
75 49 781 807
50 47 592 178
26 51 678 187
50 30 729 228
75 23 430 617
62 62 491 555
70 59 587 278
33 128 92 310
33 34 646 278
22 68 688 465
26 49 186 933
52 61 342 490
68 61 347 50
30 82 918 617
72 46 906 108
110 28 188 507
134 41 99 866
26 50 387 278
81 23 827 348
41 36 674 0
61 59 57 57
77 48 44 354
31 48 952 108
47 52 491 382
49 78 76 741
38 76 803 683
39 106 721 390
60 59 238 58
41 39 446 769
30 118 638 970
35 37 922 683
47 66 751 516
27 67 214 118
19 72 756 465
28 98 56 790
57 62 176 0
76 46 534 689
72 63 0 928
75 55 479 617
59 22 210 741
93 40 278 185
67 46 140 933
68 63 383 816
35 61 342 542
32 42 446 858
59 27 583 882
35 104 387 304
36 68 775 144
26 90 639 134
38 76 458 692
35 125 875 319
36 36 918 647
89 49 485 769
54 21 0 224
31 50 135 648
48 98 56 818
48 53 49 508
31 36 307 932
67 35 337 118
24 47 592 228
58 24 0 492
73 25 630 429
30 41 680 278
50 67 790 228
41 92 0 313
54 21 751 563
62 20 343 617
70 51 536 278
67 49 534 933
22 57 572 816
41 126 595 388
67 17 372 118
21 56 272 387
100 25 532 178
59 43 905 823
70 37 270 930
32 54 135 709
47 78 922 718
75 125 875 354
27 41 639 160
61 39 157 57
59 52 948 823
61 63 688 556
59 55 583 941
30 40 343 679
28 42 196 57
116 63 383 884
71 23 629 811
71 26 679 811
22 52 543 382
79 25 37 118
38 90 318 185
94 99 408 184
30 47 580 679
93 40 189 185
33 35 235 933
21 72 616 502
51 73 927 227
101 33 967 516
50 31 346 0
77 20 951 923
27 41 817 558
82 47 295 431
87 73 88 191
38 38 408 146
36 73 755 429
58 42 860 50
110 41 216 507
40 63 658 348
67 49 0 550
25 44 44 224
45 94 756 955
46 89 131 385
40 69 188 467
110 88 446 890
61 18 49 556
48 64 793 180
66 17 806 617
39 88 446 730
56 88 403 484
40 41 680 308
48 39 446 810
30 57 0 88
42 26 773 765
20 63 688 536
65 51 678 213
77 88 403 540
48 23 357 383
44 57 572 838
32 88 817 585
58 22 838 50
52 28 161 226
31 63 185 648
48 26 380 383
72 28 244 278
50 31 377 0
59 35 905 558
45 25 272 299
46 40 102 468
18 61 446 146
54 23 21 224
19 67 688 446
35 72 616 523
41 49 186 959
71 27 705 811
34 35 235 966
31 36 674 41
26 47 592 252
41 64 319 825
35 41 959 683
56 47 580 709
36 46 954 647
33 42 196 85
43 56 0 823
61 35 67 556
40 34 624 348
59 36 232 741
29 41 679 638
31 78 190 800
54 36 891 224
27 47 858 558
75 27 403 617
67 19 389 118
58 25 24 492
27 49 680 160
40 67 214 145
59 31 433 0
33 41 116 85
77 29 971 923
32 85 135 278
74 31 648 691
33 44 762 650
38 59 328 301
52 25 507 226
66 31 608 55
20 61 446 164
54 52 220 377
32 46 488 858
28 40 363 431
59 29 493 0
30 37 540 60
67 26 160 866
25 52 543 404
44 41 365 339
29 44 44 249
77 30 72 431
75 26 453 617
32 40 343 709
30 43 905 793
32 34 756 484
71 27 652 811
58 19 258 0
33 62 577 22
59 28 610 882
55 43 879 710
61 27 22 431
44 76 803 721
37 36 307 963
26 86 102 537
31 86 102 586
66 35 823 617
58 20 277 0
54 21 772 563
79 26 62 118
44 52 627 647
36 36 674 72
19 75 830 839
38 46 412 692
26 83 679 739
40 61 342 577
62 20 363 617
24 75 830 858
50 31 759 228
32 55 189 709
26 54 437 278
25 76 0 765
54 24 793 563
29 68 688 487
31 40 363 459
29 42 720 638
43 69 750 0
42 48 172 343
36 38 219 431
39 57 638 901
42 46 729 138
81 34 32 660
35 69 66 706
67 30 205 866
37 34 646 311
73 33 655 429
48 53 774 278
55 40 865 765
42 31 799 765
80 36 63 920
51 27 940 566
32 38 790 484
41 48 952 139
31 37 540 90
81 25 850 348
57 50 85 617
23 56 272 408
93 49 229 185
59 40 871 941
30 63 553 528
45 31 297 299
55 90 318 223
