6 400
289 499 6 0 0
455 250 1 499 0
1000 251 6 749 0
545 250 4 499 455
711 219 6 0 289
711 280 6 219 289
56 77 0 0
97 31 499 0
77 40 749 0
68 52 499 455
23 72 0 289
103 40 219 289
76 19 0 137
53 57 237 137
84 55 499 226
68 45 0 495
103 41 0 732
25 61 219 526
19 73 499 605
48 51 499 793
35 81 749 479
63 67 355 526
74 50 624 455
53 26 208 0
50 58 499 692
48 48 219 392
19 72 355 674
31 102 499 97
79 50 749 77
66 60 366 137
59 18 219 703
52 23 0 386
45 69 359 392
32 38 0 835
67 22 352 0
50 71 355 836
55 20 219 849
117 30 92 495
57 53 499 310
34 121 749 263
53 55 749 156
44 32 616 793
64 47 749 676
31 36 499 161
40 78 0 56
37 74 77 137
51 23 341 289
44 23 830 479
78 31 77 211
23 55 109 386
62 46 749 335
33 117 499 893
49 58 830 568
46 153 847 335
51 28 152 495
101 30 616 692
44 60 623 0
76 73 426 836
117 31 616 883
39 45 0 904
78 23 427 674
34 57 749 820
39 33 219 904
22 69 607 310
56 28 551 455
53 60 92 612
52 74 341 340
45 75 280 526
45 83 830 523
59 59 806 820
78 42 144 211
27 49 237 190
88 48 499 367
64 56 601 97
49 67 152 603
57 54 0 438
53 59 623 44
26 41 806 879
68 52 795 335
81 58 78 56
71 38 422 526
51 20 499 742
50 64 85 732
65 49 602 161
76 39 38 137
80 22 749 740
25 62 804 156
38 36 799 740
66 37 280 571
76 38 0 213
44 95 905 479
53 62 85 782
53 72 147 782
42 30 122 495
42 72 355 723
82 46 749 397
33 86 151 137
88 33 426 912
25 55 552 310
25 70 149 732
35 130 870 263
25 41 554 226
50 59 557 692
35 117 499 926
37 31 870 298
39 117 499 961
33 34 427 752
88 60 547 367
67 60 92 665
99 29 286 190
66 37 280 637
36 67 355 589
53 67 682 44
81 36 607 374
38 121 749 297
19 69 680 793
21 67 682 883
34 30 355 765
32 49 651 161
48 69 680 835
53 72 294 137
59 32 830 617
28 36 676 310
29 45 657 97
74 39 460 526
28 38 109 438
41 29 151 170
108 39 180 495
20 73 847 879
51 20 555 742
50 57 749 900
74 39 460 600
33 102 499 128
90 32 648 793
59 43 911 617
77 73 842 0
26 52 795 403
52 84 415 340
42 26 259 289
38 30 561 0
40 67 152 652
56 71 804 207
64 65 848 676
84 38 461 752
97 32 591 0
101 37 646 692
24 52 499 523
45 87 913 523
57 55 54 438
48 24 252 904
97 54 72 289
61 82 259 331
101 31 683 692
49 53 888 568
52 55 164 386
48 30 219 603
89 31 359 437
48 66 550 793
134 37 267 392
99 51 315 190
56 19 875 207
60 75 674 455
22 81 749 553
62 73 426 137
44 73 551 511
26 41 273 849
101 35 714 692
52 23 550 841
78 51 186 211
19 53 302 904
29 53 789 0
51 22 866 156
77 38 915 0
39 81 749 514
64 55 304 392
50 57 749 950
24 42 78 835
45 27 428 392
89 34 426 437
35 32 208 53
89 39 460 437
40 110 890 740
64 52 796 676
103 44 41 732
90 32 426 199
64 39 913 676
86 28 366 203
100 31 249 603
33 98 651 193
37 106 643 374
37 40 459 912
36 41 458 199
24 81 749 610
41 78 0 96
36 67 219 762
75 47 847 925
40 31 530 0
64 47 702 97
75 44 894 925
69 49 120 835
76 39 38 213
42 91 799 778
87 33 572 605
38 50 624 529
24 74 926 207
37 44 654 605
54 55 749 209
51 65 219 798
90 36 674 515
48 73 499 644
71 67 682 929
46 26 920 879
44 106 643 411
40 29 136 56
41 93 126 289
51 35 647 883
41 72 136 96
51 72 0 335
51 94 405 289
51 71 284 798
69 50 169 835
70 55 304 456
26 40 126 330
51 73 927 156
59 65 865 820
33 31 0 563
87 49 605 605
35 39 710 515
77 47 953 0
33 42 799 77
114 31 355 886
30 49 638 226
29 110 109 466
32 49 841 77
56 62 77 0
40 110 890 780
42 35 279 53
59 28 930 820
56 19 139 0
36 62 938 925
50 73 551 555
68 47 45 495
87 51 698 605
39 43 595 226
43 27 847 381
114 40 386 886
26 81 271 0
34 103 499 192
21 66 847 424
42 73 279 95
137 39 415 0
37 110 890 77
23 63 352 67
26 59 45 904
84 39 240 53
49 67 355 625
40 67 152 692
78 36 108 211
89 36 390 437
26 56 53 386
137 45 454 0
29 38 422 597
62 41 806 938
86 32 394 203
36 69 286 762
44 25 683 0
18 65 935 298
37 74 77 174
42 110 890 114
66 38 317 571
49 59 941 568
30 40 38 835
59 91 264 703
64 23 952 676
35 92 0 642
27 38 0 677
20 61 31 563
55 34 913 424
54 50 638 256
54 19 688 256
30 36 126 356
66 38 317 637
28 45 0 704
52 51 499 841
35 50 104 904
71 42 385 765
22 49 450 674
41 57 180 170
49 32 208 88
43 32 874 381
44 41 708 0
23 69 680 812
28 72 147 438
22 49 841 109
59 20 958 820
57 19 0 943
43 94 906 381
33 41 806 905
51 40 459 949
39 28 771 740
50 44 654 642
38 50 624 567
25 70 149 757
25 67 682 904
23 61 219 551
21 57 749 854
45 42 78 859
64 25 975 676
51 36 519 742
28 47 45 704
26 62 804 181
37 30 355 799
30 62 687 226
42 56 285 289
57 31 530 40
29 82 273 875
59 27 237 703
38 55 835 740
23 72 0 312
40 43 165 56
39 62 938 961
59 46 954 617
36 73 676 338
70 59 45 930
30 57 162 356
66 35 647 934
26 41 458 235
59 22 978 820
37 34 901 298
96 65 154 904
50 52 795 429
46 54 946 879
27 40 271 26
77 53 302 923
46 31 0 596
26 56 53 412
96 26 276 904
30 36 355 693
75 30 122 537
45 43 595 265
58 52 499 547
35 31 749 575
28 41 458 261
44 52 853 479
31 33 535 161
42 38 314 53
52 43 573 841
55 39 710 550
72 49 237 217
27 54 38 677
46 42 799 110
52 30 23 386
48 24 252 952
45 44 455 392
56 45 579 455
29 55 109 409
54 42 707 256
46 32 616 837
67 41 374 0
39 40 38 865
51 41 364 289
31 34 568 161
57 26 19 943
51 34 427 785
19 65 935 316
42 69 607 332
25 49 841 131
26 53 166 330
47 63 352 90
57 28 152 546
25 57 749 875
48 53 789 29
30 36 391 693
59 61 31 583
26 73 847 899
37 38 0 867
59 41 554 251
57 33 219 943
35 50 780 575
55 53 947 424
52 30 219 651
51 41 575 742
27 41 311 26
29 61 219 574
61 50 104 939
32 55 552 335
28 37 712 310
55 34 239 849
86 48 219 440
59 49 862 617
32 49 700 161
35 45 657 126
56 50 158 0
53 37 234 0
56 32 894 207
42 81 749 634
26 41 314 849
41 28 771 779
48 38 422 626
56 49 450 696
34 66 847 445
59 30 561 38
76 19 19 137
32 74 926 231
20 73 499 624
51 39 888 156
