4 50
445 402 1 0 0
555 421 3 0 445
445 598 5 402 0
555 579 6 421 445
73 122 0 0
130 185 0 445
183 192 402 0
187 106 421 445
177 134 0 575
99 97 0 752
113 227 194 752
83 114 402 183
132 134 122 0
244 122 0 201
183 161 594 0
248 97 97 752
225 178 644 445
113 165 644 670
135 227 194 865
68 178 822 445
184 109 421 632
84 287 134 575
183 119 755 0
130 236 185 445
217 152 644 783
160 114 530 632
91 306 694 183
93 287 134 659
84 126 874 0
208 53 530 792
184 109 421 816
171 306 694 274
68 117 527 445
66 100 796 783
217 104 896 783
53 191 809 670
121 178 516 183
141 178 516 304
157 146 256 0
313 134 122 132
99 126 874 84
60 191 809 723
288 146 256 157
157 178 822 513
59 114 402 266
151 47 796 849
151 53 843 849
149 41 0 851
119 54 527 513
208 61 583 792
149 56 41 851
120 114 402 325
128 122 0 73
119 63 581 513
