5 400
265 397 4 0 0
735 195 2 0 265
735 529 6 471 265
265 603 2 397 0
735 276 6 195 265
114 34 0 0
59 44 0 265
48 36 471 265
34 61 397 0
33 50 195 265
75 29 0 575
47 29 661 0
88 25 471 566
41 31 195 457
39 25 333 457
86 70 0 736
55 66 333 671
37 46 0 822
34 41 195 346
69 71 400 457
36 138 195 571
57 67 521 0
44 43 471 406
51 18 471 781
22 63 333 822
75 19 146 0
88 48 96 822
17 63 702 406
69 53 195 705
61 27 577 406
81 97 702 485
27 43 661 111
70 41 815 111
32 55 521 122
23 44 621 265
30 85 667 566
56 76 471 654
24 38 754 265
54 75 0 417
106 56 752 566
151 43 0 114
62 19 552 781
67 31 869 566
65 93 907 111
40 42 0 650
69 41 195 850
52 69 331 346
24 80 795 0
75 22 93 265
39 97 754 327
87 74 776 781
31 49 44 265
34 28 139 265
70 24 144 822
39 26 333 880
71 71 400 526
37 100 776 868
82 48 631 781
63 79 552 843
79 23 765 406
75 28 639 406
56 65 631 863
39 97 236 850
39 72 319 265
31 65 831 265
30 44 679 781
41 22 723 781
114 35 69 0
41 63 639 481
24 66 521 57
79 21 857 406
24 75 396 822
40 25 139 336
89 66 934 566
25 83 795 54
64 30 661 47
66 38 248 705
99 28 577 467
37 64 333 919
25 40 667 638
84 25 397 71
48 52 195 298
28 66 195 380
42 152 319 304
53 97 236 889
44 138 333 956
64 67 333 537
151 45 43 114
76 53 195 774
39 149 851 327
90 24 96 910
25 51 856 111
59 68 331 398
44 21 104 0
26 51 856 186
41 105 90 650
28 104 896 265
43 33 850 781
107 27 808 566
51 120 547 654
41 29 808 673
75 58 88 114
44 56 850 824
32 32 587 57
16 59 851 366
48 36 0 471
54 120 75 417
37 55 397 34
81 72 449 71
37 35 34 0
40 28 754 366
59 26 399 398
45 42 90 691
42 96 0 859
77 45 146 75
35 39 146 152
34 36 471 710
93 39 471 313
113 31 185 152
37 34 906 406
35 51 195 498
38 44 510 313
51 81 471 884
77 71 238 75
98 59 195 607
57 61 878 54
51 25 704 111
79 46 811 406
52 36 471 832
52 34 400 346
38 25 195 533
44 96 0 901
53 66 934 655
104 48 77 471
42 24 333 726
35 38 395 726
47 79 254 607
20 47 286 705
57 25 588 0
45 38 433 726
74 71 400 597
113 46 261 152
36 47 191 75
44 51 144 892
55 111 510 351
76 49 44 341
32 125 70 736
70 65 869 633
48 22 544 265
34 45 216 152
42 94 906 443
21 73 722 47
58 60 876 868
24 72 399 671
39 32 907 176
77 21 93 340
65 39 576 122
57 30 939 54
79 63 514 406
76 55 521 189
41 40 621 311
52 27 125 471
51 79 254 654
55 96 0 945
54 43 70 768
38 24 514 485
50 93 907 215
41 26 534 566
39 30 776 905
32 66 934 708
32 36 307 152
19 70 261 380
58 31 236 942
46 56 752 672
36 123 72 575
23 45 707 638
65 81 471 935
74 26 876 926
26 36 875 0
76 58 88 189
77 30 309 75
21 57 547 705
50 72 449 152
47 27 534 607
110 52 397 155
27 66 621 352
68 80 696 863
54 67 687 352
56 39 776 944
143 46 615 122
43 23 42 650
69 80 696 931
75 19 195 0
45 111 704 162
104 41 36 471
78 65 869 703
36 26 343 152
58 111 704 207
74 25 931 926
58 31 936 868
76 26 604 705
34 65 631 919
70 67 333 601
94 25 552 906
39 123 72 611
75 20 258 0
19 70 125 523
63 72 449 202
81 53 799 485
40 90 910 366
93 44 0 324
71 18 507 710
41 70 597 566
39 72 399 880
81 66 852 485
37 26 397 919
44 94 906 824
57 48 613 0
43 25 883 781
31 32 831 296
18 51 690 0
77 23 343 188
38 24 120 910
33 30 245 265
41 37 560 566
52 45 507 832
43 65 935 781
55 18 547 726
18 70 261 418
41 46 661 311
16 61 939 176
34 41 195 919
22 45 507 781
77 35 34 37
78 39 146 187
81 39 538 485
47 106 561 607
47 41 195 953
19 69 782 366
116 43 471 450
81 31 164 336
34 51 896 293
39 40 359 880
75 24 115 265
22 60 571 781
61 38 395 761
26 39 576 187
41 66 521 81
34 27 396 846
43 27 908 781
82 31 745 781
44 23 639 522
30 31 366 188
33 44 275 265
127 43 661 138
59 46 425 398
20 49 44 296
33 70 125 542
22 42 0 690
32 83 795 79
71 22 525 710
29 45 507 803
37 36 471 744
52 39 576 213
31 35 667 406
36 63 333 844
36 28 369 152
53 51 856 212
44 40 662 522
34 48 423 846
79 23 788 406
94 54 577 906
32 31 691 47
67 61 808 714
43 24 514 523
23 45 216 186
18 60 940 406
107 34 835 566
52 43 152 471
58 66 267 942
45 63 132 691
44 35 667 437
61 35 604 406
19 70 261 399
25 51 856 136
38 67 554 313
57 31 969 54
64 51 144 936
75 30 165 0
20 47 191 111
41 47 707 311
41 45 707 661
96 38 357 726
63 25 752 718
37 50 46 822
58 33 967 868
86 25 65 650
46 89 665 265
38 56 220 533
41 22 723 822
38 77 754 289
23 44 679 811
56 26 815 944
52 24 120 948
48 55 566 265
21 69 782 385
38 25 114 340
56 36 0 519
25 86 729 111
33 47 286 746
24 59 851 382
54 82 113 768
24 42 0 712
81 36 307 184
76 37 630 705
32 34 605 467
30 80 795 24
39 80 391 265
26 39 565 726
27 66 621 379
48 72 247 298
47 54 741 0
41 28 226 457
32 42 358 457
77 58 339 75
37 48 423 919
93 40 667 688
39 25 114 378
38 57 276 533
19 60 940 424
25 49 44 316
31 36 399 695
31 36 435 695
84 41 815 181
81 82 918 485
25 40 667 663
43 23 42 693
35 55 521 154
41 25 139 376
32 31 691 79
43 73 722 68
25 51 856 161
51 38 433 771
88 38 496 566
29 39 565 752
21 70 261 436
37 69 452 34
40 60 571 803
41 32 837 673
65 42 619 57
48 42 358 489
63 31 777 718
35 27 168 822
67 34 900 566
84 27 422 71
51 18 489 781
34 95 236 346
54 24 333 768
23 61 939 192
62 63 702 423
33 32 587 89
48 37 507 265
34 53 947 293
70 42 104 44
34 29 902 926
41 31 934 740
37 56 139 299
54 34 911 0
75 119 278 0
56 35 841 944
35 87 246 498
23 44 621 288
21 47 286 725
56 45 216 209
49 66 195 408
28 36 875 26
79 21 707 702
79 38 248 771
21 47 191 131
75 43 29 575
75 44 214 0
41 79 254 457
79 24 728 702
52 37 434 346
47 31 366 218
24 39 792 265
35 27 168 857
41 25 333 496
34 63 458 0
41 35 965 740
44 21 125 0
26 86 729 136
47 65 631 953
67 34 605 499
29 51 690 18
54 55 945 0
79 28 878 406
74 44 956 926
34 28 167 265
29 44 679 834
42 85 667 596
39 70 806 905
31 33 863 296
40 29 902 960
71 47 286 779
