2 500
1000 336 3 0 0
1000 664 3 336 0
284 40 0 0
274 131 336 0
82 321 336 448
1 13 670 0
1 10 336 274
43 10 670 143
319 336 0 381
36 1 670 10
20 15 0 284
157 330 670 291
73 12 336 281
43 309 665 448
5 71 921 143
11 101 336 412
3 5 670 1
9 106 867 1
9 6 0 372
104 86 665 751
249 20 751 751
27 79 921 264
7 65 216 0
5 277 336 276
133 27 905 10
1 1 263 372
224 4 974 448
1 24 336 427
1 23 754 1
245 185 336 726
1 40 728 0
196 329 336 530
8 79 0 313
3 33 665 894
72 19 732 894
8 5 634 427
27 155 717 10
5 51 619 276
133 38 962 10
13 33 872 10
1 1 703 0
79 3 974 672
5 8 842 1
9 68 195 372
29 329 336 971
1 112 336 275
50 120 216 156
1 100 552 275
1 292 44 284
64 34 551 281
7 79 717 41
10 16 634 436
1 14 513 274
92 203 467 0
9 64 272 372
32 132 0 321
9 12 41 372
79 13 977 672
1 263 336 423
1 14 378 427
78 22 216 206
84 8 665 631
1 2 144 372
43 191 336 354
1 4 670 5
1 2 675 1
51 43 507 281
2 29 665 950
6 17 850 1
13 23 665 910
2 42 336 434
2 8 850 7
7 33 144 374
9 27 973 1
224 12 988 448
78 71 265 206
3 15 484 281
39 86 665 855
1 204 378 440
101 33 872 42
33 28 83 0
2 18 177 374
46 5 953 10
36 259 665 715
73 7 499 281
1 4 711 1
9 44 0 304
224 6 982 448
1 1 144 373
49 43 792 143
7 79 921 238
284 1 111 0
34 12 665 966
30 191 467 92
1 20 153 372
4 38 599 423
1 215 336 397
13 41 665 953
3 67 665 900
3 65 777 1
23 2 44 289
1 1 171 373
5 42 336 428
1 1 188 373
1 2 191 373
1 173 827 0
131 11 593 281
9 3 657 427
131 13 650 281
27 120 216 126
2 7 263 374
1 8 32 372
1 14 850 9
22 34 921 155
60 129 792 192
4 34 677 1
11 6 664 436
43 3 527 354
1 1 194 373
1 2 683 0
3 4 990 672
1 1 665 908
21 129 792 267
2 155 717 37
249 130 795 751
224 1 978 448
16 122 670 260
1 1 375 427
1 1 676 908
5 40 336 407
1 21 44 312
50 1 484 284
51 26 310 321
6 171 378 441
117 4 613 281
131 2 663 281
6 1 40 372
22 202 89 289
11 4 650 436
1 17 582 440
34 3 979 448
1 1 40 380
1 1 376 427
1 7 652 275
1 5 44 285
1 23 9 372
2 1 670 8
1 80 674 8
78 1 585 281
1 1 865 7
117 81 711 143
152 99 467 122
2 6 634 446
14 37 613 398
2 33 637 423
29 13 941 631
54 1 550 281
117 6 705 143
9 78 348 281
131 4 587 281
107 1 586 281
1 1 694 0
63 2 969 631
1 3 166 373
3 80 674 5
7 4 754 3
71 10 695 143
1 1 40 378
1 4 15 284
81 18 771 751
1 1 193 373
152 63 566 122
53 28 941 662
53 24 771 947
1 270 66 312
13 26 706 953
1 25 53 372
1 2 608 274
1 1 792 288
2 16 716 908
76 143 717 67
3 95 826 288
1 4 688 0
1 2 754 2
4 2 0 353
1 22 706 0
3 43 711 2
1 215 336 406
1 10 654 436
3 44 665 897
1 3 700 0
67 55 281 0
79 6 994 672
3 1 6 372
12 19 732 966
1 1 182 373
4 8 842 6
2 1 675 2
84 13 867 631
1 1 190 373
1 52 792 252
1 1 864 9
3 20 698 894
158 51 165 0
16 10 732 978
2 28 941 660
64 136 348 290
11 118 670 280
22 43 507 332
213 72 593 726
7 18 639 427
14 38 924 715
5 175 376 407
1 7 626 440
10 72 593 939
2 9 742 978
23 39 50 289
1 1 189 373
12 1 586 400
1 56 665 952
75 194 673 631
1 10 172 373
3 13 719 897
1 167 346 274
1 8 618 440
1 1 169 373
12 29 15 286
26 76 796 41
9 9 490 284
11 9 742 989
9 21 426 281
126 51 165 158
84 61 880 631
1 70 53 377
3 176 437 412
61 44 921 177
115 24 771 832
1 1 550 347
133 29 671 10
26 4 990 675
1 1 692 0
5 6 613 276
23 45 291 289
14 45 955 155
59 41 281 67
30 12 658 92
3 79 921 148
133 14 932 10
74 54 521 726
1 11 665 909
1 56 614 274
131 4 604 281
35 1 585 377
1 292 44 286
1 1 693 0
11 33 872 23
117 19 617 281
8 215 336 398
1 47 53 380
11 57 613 412
1 1 633 440
8 33 872 34
131 2 611 281
8 45 955 169
1 37 674 9
45 3 979 627
1 18 524 275
1 11 721 952
3 10 709 897
76 12 860 67
5 18 177 376
82 8 657 448
2 91 53 378
86 65 216 40
1 17 676 909
1 5 793 288
28 3 971 631
4 194 673 706
9 6 664 427
7 2 270 374
1 9 263 373
1 61 275 285
1 1 40 379
22 50 924 729
9 242 392 427
1 4 650 447
87 9 953 56
1 17 15 303
1 13 764 2
5 67 665 903
78 27 238 206
1 13 793 290
2 292 44 287
1 79 921 154
6 65 777 4
32 116 189 321
3 7 263 378
22 72 593 949
1 1 585 359
13 35 965 177
5 6 484 334
1 1 670 4
284 53 112 0
7 4 485 284
117 14 636 281
1 3 671 4
49 68 835 143
6 10 732 994
33 59 216 7
61 9 490 293
1 2 865 9
1 5 161 373
1 1 659 275
2 155 717 39
14 12 962 715
9 2 7 372
133 7 946 10
2 38 694 950
4 122 670 276
8 257 79 313
5 1 670 46
33 6 275 7
14 79 717 53
8 8 32 373
51 1 789 751
4 91 53 373
245 8 575 726
1 1 360 427
5 79 717 48
5 194 673 710
1 6 664 447
1 9 640 446
1 1 676 2
284 43 40 0
1 32 684 908
3 263 336 424
2 1 866 7
1 33 793 289
2 14 718 894
21 2 969 694
1 10 654 437
1 8 756 2
1 1 865 8
1 1 699 0
1 18 590 274
2 18 639 434
1 22 173 372
19 308 2 353
3 14 378 433
1 14 15 285
23 4 46 289
2 7 263 376
131 2 608 281
1 10 640 447
1 22 804 288
140 309 665 491
1 4 677 908
15 37 844 252
1 1 705 0
1 1 377 427
1 1 613 274
1 1 675 4
1 1 674 4
6 1 550 348
1 15 29 285
12 1 550 335
1 1 65 312
1 12 32 303
14 52 792 253
15 2 484 339
1 10 542 275
249 75 925 751
50 1 489 284
2 4 670 6
9 9 742 980
1 2 693 909
1 2 634 435
7 5 758 3
1 2 695 0
1 1 636 435
2 33 637 425
1 19 599 440
5 8 378 428
4 14 763 3
9 4 660 427
2 34 921 152
3 1 6 375
46 1 958 10
1 155 120 285
1 22 732 9
171 54 521 800
11 4 788 280
1 1 792 290
1 2 697 0
10 7 654 438
64 34 551 345
1 1 792 289
4 23 9 377
40 44 688 910
131 2 591 281
3 120 216 153
3 14 763 7
56 3 971 659
1 44 100 380
1 10 666 908
1 39 715 1
245 10 583 726
1 63 57 285
7 85 549 441
12 42 336 436
42 1 670 69
1 10 660 275
34 12 677 966
43 21 530 354
1 14 718 896
1 46 527 274
27 22 665 923
1 21 711 9
145 3 979 482
5 6 386 428
32 1 670 111
34 43 689 966
1 20 806 290
300 336 0 700
81 5 790 751
15 4 486 339
1 42 336 433
1 59 768 0
1 14 361 427
2 7 858 7
1 1 704 0
3 1 6 378
15 2 0 357
251 1 83 33
4 23 9 373
43 4 485 291
30 1 789 802
48 35 965 190
1 2 637 435
93 20 84 33
131 1 610 281
1 7 154 373
131 5 665 281
1 2 611 274
133 17 700 10
1 1 649 446
4 242 392 436
1 21 695 909
19 79 921 245
2 1 676 3
9 37 447 281
1 8 49 285
1 1 610 274
1 6 798 288
158 27 84 126
12 1 585 365
2 45 955 152
5 8 992 143
29 15 954 631
1 20 24 284
1 5 19 284
1 140 378 447
117 15 680 143
1 9 145 373
1 1 685 0
12 1 586 388
1 3 671 8
1 2 686 0
1 7 265 372
1 17 573 274
15 40 881 252
46 3 959 10
1 1 170 373
46 10 695 214
1 202 89 311
1 21 123 377
1 66 78 372
8 176 437 415
59 14 322 67
50 4 990 701
10 3 661 438
32 57 132 321
1 3 681 908
74 10 670 186
1 7 146 372
27 1 687 923
1 5 183 373
1 1 264 372
73 1 506 281
1 79 921 151
1 3 671 9
5 1 585 360
4 14 378 436
3 34 551 409
1 76 448 275
5 29 15 298
152 41 629 122
18 1 670 51
32 5 305 321
1 31 518 447
93 7 104 33
49 18 903 143
