4 200
351 443 1 0 0
649 421 5 0 351
649 579 5 421 351
351 557 2 443 0
109 12 0 0
319 186 0 351
331 269 421 351
147 106 443 0
285 308 692 0
39 16 639 0
53 4 633 0
1 1 633 234
2 1 633 268
219 2 571 0
11 101 211 0
34 1 637 0
125 11 678 0
351 7 549 0
178 1 570 0
103 178 421 682
35 4 443 147
19 4 635 268
13 2 634 234
169 1 570 182
1 1 637 234
94 1 633 140
93 7 571 219
1 1 633 241
336 193 211 15
65 1 635 140
1 1 637 248
11 1 634 268
132 47 586 219
3 232 211 11
13 1 637 250
2 1 636 234
2 1 637 263
339 13 557 0
3 1 633 317
2 1 633 259
1 2 637 266
1 1 637 267
30 1 634 309
93 7 579 219
1 2 635 205
28 1 556 0
62 106 443 182
19 348 0 670
119 1 556 75
330 5 348 670
91 322 678 682
209 3 689 0
13 211 0 320
4 1 633 252
1 1 570 178
16 211 0 283
8 1 633 307
3 1 633 262
12 211 0 306
174 211 0 109
178 348 0 775
21 54 599 682
39 7 579 312
1 1 636 140
25 81 452 147
1 1 633 248
4 1 633 244
144 49 599 856
13 1 633 320
174 12 653 682
4 1 633 237
154 11 678 197
23 1 689 209
92 1 634 140
98 3 689 253
141 35 597 0
1 1 638 248
1 1 633 242
1 1 570 181
24 1 633 283
8 1 638 234
39 8 571 312
10 19 452 172
1 1 633 236
87 4 633 53
3 124 312 0
1 1 637 265
1 1 633 265
6 1 691 209
58 1 636 147
1 50 0 318
120 322 678 880
26 2 635 208
21 2 689 232
1 1 635 207
2 1 634 232
1 1 633 249
1 1 637 230
1 1 570 180
27 178 421 943
13 1 637 235
25 14 533 147
230 1 638 0
1 4 635 287
4 1 638 230
2 45 166 318
2 1 633 315
107 106 443 244
158 178 421 785
12 1 634 339
1 1 570 179
2 1 636 145
1 1 633 261
61 4 635 290
66 308 692 285
219 2 590 0
336 39 404 15
1 1 636 207
21 2 634 247
12 6 557 339
4 1 636 141
1 1 638 267
93 1 578 219
2 1 638 263
331 310 690 351
30 123 421 970
2 1 633 250
11 13 665 682
153 14 576 0
1 1 638 249
2 1 635 288
15 1 636 253
2 2 637 288
8 131 312 3
3 7 436 0
82 142 69 0
1 1 636 236
5 3 594 0
109 57 12 0
23 1 690 209
1 1 633 243
1 1 638 265
47 1 556 28
196 1 637 34
319 221 200 351
56 1 556 295
10 78 471 172
47 153 0 953
7 1 633 276
163 13 665 693
1 232 211 14
1 1 633 267
1 1 636 288
144 30 648 856
10 7 563 339
18 1 633 333
10 128 0 333
330 68 353 670
1 1 636 289
1 1 637 249
101 1 556 194
1 1 633 256
72 4 678 125
35 5 447 147
6 1 633 270
319 14 186 351
107 322 678 773
219 3 573 0
25 2 547 147
1 55 544 970
153 54 599 703
219 2 592 0
1 1 633 235
219 1 632 0
212 23 655 0
1 1 633 266
37 23 655 314
8 211 0 343
102 23 655 212
13 1 638 250
66 14 576 153
72 7 682 125
3 1 637 231
27 142 69 82
2 1 633 257
86 348 0 689
78 35 597 141
6 1 638 242
16 1 636 237
47 1 347 953
1 2 635 206
10 70 128 333
2 7 563 349
178 16 639 173
47 194 153 953
1 166 0 319
29 55 544 971
7 211 0 299
1 116 50 318
30 1 634 279
10 13 198 333
134 16 639 39
38 1 691 215
214 3 594 5
