2 500
685 1000 3 0 0
315 1000 4 0 685
242 218 0 0
10 30 0 685
62 114 505 0
61 61 532 685
27 218 782 685
1 243 0 351
9 39 532 937
86 95 782 896
4 250 532 979
93 5 782 741
18 1 692 685
42 73 218 0
3 24 239 685
42 69 713 937
62 209 791 741
17 64 532 909
64 83 310 351
101 20 735 685
11 45 532 962
1 10 532 958
44 158 0 407
278 20 158 407
48 44 791 848
28 1 293 407
3 160 532 926
21 103 610 937
5 27 0 368
131 17 293 554
15 287 218 283
11 287 218 222
3 293 239 871
1 218 782 721
186 65 308 685
17 97 782 724
5 49 0 474
1 218 782 723
42 195 310 415
14 3 571 937
115 293 239 885
3 164 782 982
13 5 293 524
2 19 571 952
1 1 532 930
81 12 263 685
1 1 0 242
1 9 571 956
209 6 186 407
87 14 296 407
16 91 127 242
126 14 388 685
1 27 571 951
7 287 218 270
7 59 782 993
1 1 606 937
12 79 594 962
108 47 735 829
9 15 71 474
163 53 532 746
273 93 505 370
40 3 817 370
6 175 218 277
50 127 0 281
4 100 900 848
51 22 49 474
1 144 546 958
255 101 192 407
117 1 295 407
89 10 714 685
1 99 782 722
71 21 218 151
34 236 269 151
12 312 505 673
1 3 571 954
6 4 298 524
8 2 582 937
6 49 643 930
6 2 532 946
17 14 388 854
161 3 46 685
64 85 393 351
4 1 782 882
3 2 606 948
11 3 607 937
10 293 239 875
163 8 682 746
1 7 782 895
186 5 294 685
1 22 841 993
23 42 192 662
17 55 637 909
8 1 782 887
23 136 505 643
1 12 927 722
86 123 877 896
160 7 49 525
148 15 692 713
5 1 542 946
14 172 218 256
23 158 0 451
76 22 692 861
1 1 606 947
1 11 532 929
1 144 388 811
1 39 571 955
53 278 218 298
252 1 724 685
28 76 842 370
315 14 823 370
117 1 294 407
69 6 186 616
1 111 532 934
2 1 783 882
1 27 594 974
17 1 577 962
4 15 582 947
4 119 594 975
17 16 578 962
1 1 656 974
119 158 842 520
2 111 532 935
163 2 690 746
18 1 817 410
2 24 582 945
22 42 835 848
2 16 946 982
226 2 820 410
42 3 388 812
4 4 787 882
5 130 402 812
82 195 310 457
6 3 305 685
6 7 532 952
48 9 782 834
6 1 298 545
10 3 676 962
1 14 532 960
7 1 293 537
9 7 300 545
234 194 806 0
211 72 86 474
62 82 918 370
4 159 841 995
1 3 624 974
3 312 505 666
1 8 622 929
6 130 402 819
11 1 974 982
8 10 392 812
31 27 478 351
1 20 478 414
1 39 571 957
1 3 598 956
252 7 726 685
16 170 0 352
34 114 842 639
46 5 837 370
12 2 837 416
205 5 837 434
18 1 274 662
3 2 608 948
269 16 30 685
1 3 302 524
10 70 400 256
1 1 621 974
46 19 956 639
9 28 946 984
5 140 170 352
8 164 782 985
37 127 0 244
76 10 714 774
1 312 505 669
13 1 298 530
151 214 291 0
130 2 239 741
120 2 305 691
5 3 784 882
8 1 692 703
2 312 505 671
1 22 634 974
4 20 0 389
1 1 782 886
180 30 0 707
12 6 565 946
2 105 400 266
6 45 532 973
62 67 127 283
12 28 685 962
68 24 194 283
46 3 837 639
1 90 532 932
1 3 631 929
1 27 595 929
136 194 806 234
35 11 647 746
8 20 584 937
2 105 400 268
1 111 532 933
252 1 725 685
154 193 46 846
261 301 505 109
126 116 416 685
16 19 663 746
46 25 975 639
1 159 841 994
7 1 299 545
43 3 735 786
8 2 604 937
15 127 0 336
1 1 789 895
1 7 532 959
6 112 393 277
185 3 0 500
1 1 632 974
1 5 532 961
12 1 293 437
2 126 1 242
18 13 693 685
1 4 293 544
2 1 539 952
1 2 542 958
1 3 539 954
1 1 299 552
109 60 218 42
1 78 922 993
18 27 478 388
6 283 27 368
9 3 307 545
163 62 585 746
1 1 783 884
1 8 574 937
12 6 679 962
47 301 505 62
2 130 402 817
17 41 596 909
7 22 543 946
14 49 0 479
1 312 505 670
275 2 818 410
46 2 840 639
1 1 307 691
1 111 532 931
3 8 574 948
2 7 692 711
101 1 780 685
1 7 539 959
46 16 30 954
1 23 690 958
186 19 275 685
2 5 837 428
1 2 705 974
9 1 574 939
88 22 918 432
21 287 218 233
7 49 0 493
8 27 478 406
2 1 699 711
21 5 305 524
2 1 293 435
11 114 842 673
147 19 663 762
1 104 539 930
1 12 598 951
7 3 302 525
1 1 837 433
18 5 27 389
78 4 787 741
1 1 783 886
17 12 263 766
1 1 841 433
29 11 402 825
1 1 623 974
3 1 542 955
1 1 633 974
12 30 0 695
1 1 863 993
1 159 841 999
1 1 544 958
179 1 307 692
93 7 707 713
49 3 820 636
6 8 534 946
1 4 787 886
3 9 296 498
8 20 694 703
1 6 533 930
19 195 310 666
2 3 539 956
130 22 241 741
2 1 837 431
1 15 864 993
16 228 52 389
12 22 0 393
153 187 598 370
186 15 373 685
1 46 881 722
1 1 539 955
3 7 20 389
1 5 888 993
1 1 622 974
1 5 837 430
16 27 0 373
15 3 299 530
1 36 656 929
29 24 413 825
3 1 606 944
11 3 839 416
1 17 639 929
4 9 597 947
1 1 0 243
1 8 622 932
1 2 634 929
1 2 637 929
1 293 239 874
44 82 900 852
14 10 390 256
5 22 543 953
1 114 842 684
1 5 20 392
273 32 785 370
1 14 643 936
101 25 755 685
1 35 657 936
6 2 392 848
42 1 391 812
1 6 540 961
17 81 451 854
12 3 673 962
71 30 239 151
28 10 392 820
6 1 606 938
2 1 540 952
17 121 879 724
1 140 546 961
3 2 296 537
1 60 940 722
17 49 402 854
87 6 714 850
126 3 402 685
1 35 470 256
197 1 817 428
15 2 787 819
3 48 127 345
13 3 302 532
1 1 545 958
28 3 820 370
8 8 783 887
108 15 71 577
1 4 838 431
1 2 686 961
60 2 305 811
37 236 269 185
87 4 720 850
6 19 175 345
23 14 296 501
127 195 310 539
2 1 298 543
1 1 688 961
1 11 599 954
23 32 234 662
45 209 791 803
1 9 879 993
88 7 263 783
75 1 293 449
18 8 706 685
15 283 27 374
2 258 52 405
88 5 270 783
120 187 598 523
161 190 49 685
8 2 22 393
2 14 700 711
2 1 541 952
113 30 0 887
129 1 822 410
4 1 296 540
2 3 676 972
8 1 693 703
109 13 278 42
1 1 540 955
1 3 838 433
17 97 532 983
10 1 297 544
1 12 631 932
1 1 712 974
23 5 288 662
29 24 239 712
22 46 437 825
15 1 789 819
2 12 962 982
9 3 293 545
1 4 838 432
26 13 835 870
1 45 660 974
2 22 0 405
1 1 299 553
88 53 947 432
43 44 738 786
9 6 576 939
23 24 239 689
1 35 560 929
55 7 707 806
22 23 877 848
186 4 301 685
4 1 297 540
6 8 394 848
11 140 170 357
2 218 782 712
3 23 690 959
2 20 590 952
7 95 437 847
1 9 601 956
53 9 496 298
94 15 71 483
1 12 0 331
4 1 542 951
1 1 239 688
1 17 242 688
4 127 0 332
88 7 940 432
1 7 498 414
1 1 790 895
2 1 822 625
3 1 298 551
1 2 259 688
11 16 984 982
9 1 296 545
160 5 56 525
36 11 405 685
1 1 783 885
4 14 296 494
16 30 280 389
2 123 218 254
1 9 975 982
23 13 275 662
1 2 25 392
160 10 61 525
5 3 24 393
17 153 629 983
1 1 541 955
3 5 305 498
5 1 274 680
2 144 546 959
62 187 619 0
12 3 820 398
60 1 817 625
8 1 790 819
9 1 822 627
26 52 848 870
18 20 32 389
7 218 782 714
1 1 630 932
1 12 574 954
6 2 22 401
22 49 483 825
25 91 127 258
1 3 657 974
186 2 299 685
1 8 574 938
1 67 243 351
44 14 986 852
1 18 580 956
1 5 707 974
1 81 46 331
16 99 593 685
7 1 790 827
1 34 12 331
9 3 24 398
2 164 341 254
9 1 575 939
6 27 478 382
1 2 240 688
1 1 689 961
23 8 266 662
1 5 627 974
1 2 261 688
44 4 982 852
1 1 636 929
278 8 178 407
1 29 893 993
1 1 939 722
86 1 822 539
90 11 405 721
163 5 658 746
9 35 470 257
252 1 733 685
101 1 781 685
3 48 127 348
128 11 647 781
1 3 537 961
1 1 630 929
185 46 3 500
1 3 839 427
10 9 975 983
7 2 294 537
23 176 641 643
122 76 842 398
45 99 593 701
1 17 543 929
1 13 586 954
252 1 734 685
