4 400
398 521 3 0 0
602 340 5 0 398
602 660 5 340 398
398 479 6 521 0
260 116 0 0
1 28 0 398
107 164 340 398
76 162 521 0
50 113 683 0
4 7 683 104
19 6 842 104
79 89 911 0
1 1 940 104
1 4 252 0
181 12 0 665
331 78 664 398
17 8 683 216
300 6 340 700
12 21 797 104
57 9 0 569
125 59 136 665
96 74 842 295
101 173 252 72
171 77 263 398
123 249 415 700
78 13 755 104
152 114 0 402
139 3 206 665
95 67 683 121
55 103 0 846
33 269 252 263
153 50 200 402
28 70 415 972
138 3 0 260
133 1 21 665
73 16 765 216
42 28 83 665
1 269 252 387
2 66 0 399
240 17 235 665
335 8 214 665
52 12 958 104
84 3 252 173
91 151 252 296
4 22 729 104
59 10 340 632
17 1 751 104
44 47 683 292
68 46 510 632
17 35 690 104
1 1 753 104
1 50 842 208
12 107 116 0
11 109 521 76
80 5 223 0
95 1 750 121
104 56 796 0
30 324 340 529
12 134 49 260
186 266 664 729
331 9 902 398
75 61 781 216
77 336 664 915
9 192 252 47
95 105 235 905
8 4 683 113
70 55 24 665
23 1 765 289
126 203 49 272
4 1 753 105
4 269 252 68
335 2 222 665
102 12 818 104
210 15 136 790
4 4 683 270
1 14 198 398
10 93 258 173
23 263 258 240
61 1 79 665
31 3 22 260
6 200 0 561
67 139 351 173
2 96 0 554
46 269 252 1
17 80 842 162
28 1 691 216
10 24 818 206
23 72 268 665
42 39 114 402
217 72 268 688
48 70 930 729
25 18 940 105
32 98 842 212
7 55 24 829
54 3 490 173
54 86 683 50
11 81 252 56
1 22 729 117
27 69 842 247
303 162 521 95
1 1 754 104
65 16 252 665
68 135 375 632
61 13 250 402
248 77 116 12
14 50 200 555
4 12 876 398
1 34 90 398
96 42 185 569
23 10 71 569
44 9 250 463
4 77 444 47
335 3 224 665
19 10 258 221
68 25 350 632
10 1 753 109
96 13 22 569
4 7 683 109
107 27 22 291
9 98 842 274
12 69 183 260
95 3 751 121
1 162 521 94
335 2 212 665
100 10 4 260
180 11 223 80
1 1 255 173
46 18 922 162
2 200 0 559
1 15 943 104
1 2 753 119
39 148 340 572
5 324 340 625
58 22 848 104
163 2 80 665
54 2 769 50
1 47 456 0
4 26 683 274
1 16 258 216
6 138 252 392
1 3 842 211
112 29 768 104
13 19 490 227
91 71 403 296
96 9 13 569
1 121 252 67
18 28 709 274
13 1 3 260
228 42 958 170
331 89 911 398
1 1 923 211
70 6 206 813
80 16 236 0
22 19 870 104
1 20 178 398
9 6 206 804
54 25 771 50
302 3 876 427
4 78 687 270
6 2 687 113
180 17 235 80
138 70 930 777
210 2 151 790
5 15 444 51
201 4 227 665
3 200 0 556
5 324 340 559
139 1 83 707
104 16 895 0
156 18 940 130
103 14 916 295
1 7 924 211
29 62 842 179
4 1 754 105
5 1 755 182
98 1 3 300
5 1 689 113
2 1 250 507
31 27 81 569
20 5 897 398
12 98 842 283
1 71 852 211
10 33 24 836
94 6 24 735
104 43 852 0
5 134 742 398
9 10 340 691
9 22 729 108
5 62 459 51
1 9 931 211
19 4 347 221
3 197 66 399
3 11 757 182
90 2 256 173
32 8 683 233
27 18 904 179
1 1 754 109
17 4 725 104
16 3 209 665
73 1 255 190
5 18 4 360
66 4 970 104
33 18 4 365
1 6 214 398
27 21 797 189
33 93 258 183
1 1 212 398
73 21 797 116
54 17 499 173
1 1 753 120
1 200 256 0
22 6 842 123
62 82 683 336
100 1 14 260
83 4 930 295
31 9 757 185
22 1 3 278
16 6 230 0
35 8 227 944
3 48 892 208
65 104 81 600
1 62 28 398
181 1 22 665
7 158 521 87
4 93 258 217
17 1 752 104
1 8 683 265
6 3 252 257
66 14 940 286
125 11 195 665
42 25 111 665
139 52 84 707
156 1 23 665
3 88 842 244
112 1 954 286
96 113 227 569
37 2 250 532
2 10 930 244
34 1 79 726
323 134 742 406
43 5 516 173
4 8 683 266
10 22 57 836
65 8 227 866
29 9 888 398
1 9 274 216
19 1 23 821
11 1 255 179
96 36 35 569
2 2 904 206
1 1 257 398
9 5 897 418
1 1 756 182
19 79 268 221
1 2 230 398
11 188 333 56
2 22 729 119
67 1 754 121
7 74 842 391
180 1 234 80
25 12 876 402
102 5 830 104
25 77 911 79
58 11 889 104
6 131 390 392
1 23 234 398
26 13 0 626
117 6 206 883
11 26 630 76
15 12 251 507
27 8 911 247
7 5 958 163
86 12 765 312
86 1 79 760
46 14 940 352
24 324 340 505
53 159 505 572
28 166 498 972
102 7 835 104
57 4 9 569
37 11 252 532
1 1 754 120
23 15 766 289
1 66 0 401
152 47 153 402
21 1 250 511
13 13 0 652
7 4 679 87
2 50 842 209
5 1 255 174
1 10 930 246
2 200 0 567
1 7 845 211
4 269 252 388
1 54 124 398
44 35 730 292
1 1 3 273
73 10 71 592
31 1 756 185
210 50 156 790
94 10 30 735
14 165 340 611
54 6 493 173
112 3 955 286
107 3 781 291
25 40 900 104
27 17 923 247
2 324 340 630
175 16 252 730
15 1 755 201
1 18 503 0
86 3 777 312
66 26 974 104
14 1 755 187
27 4 919 247
2 104 96 554
11 1 754 188
302 9 893 427
1 1 754 110
8 324 340 564
7 1 754 112
80 2 228 0
17 1 754 199
54 60 705 216
54 13 692 216
20 1 691 244
3 1 689 118
181 1 82 665
48 1 21 798
13 7 227 931
86 1 780 312
94 39 40 735
107 58 784 291
248 30 193 12
2 16 906 206
1 22 729 118
64 6 230 16
154 33 103 846
99 20 0 901
100 7 15 260
201 4 231 665
8 21 28 260
1 1 683 108
1 1 756 184
4 1 3 274
1 1 754 111
1 1 213 398
1 1 233 398
20 10 930 378
11 27 656 76
107 160 504 398
1 1 232 398
13 1 234 931
33 40 900 129
3 134 742 403
1 148 373 67
1 2 941 104
25 12 988 79
1 2 261 398
8 336 664 992
1 6 684 108
181 9 12 665
302 14 879 427
2 12 958 156
1 1 258 398
91 47 474 296
1 1 756 183
10 12 251 522
21 8 227 979
110 39 114 444
14 26 683 278
11 5 516 216
1 23 283 216
7 7 963 163
31 3 25 260
149 249 415 823
31 77 108 569
1 10 220 398
210 3 153 790
17 3 209 787
6 1 691 264
99 83 20 901
26 19 870 126
5 12 958 158
1 45 306 216
17 6 842 145
39 17 488 572
1 2 259 398
10 19 870 152
13 12 509 227
44 4 259 463
6 1 23 840
2 1 250 509
83 6 934 295
2 2 687 119
18 28 737 274
101 96 425 72
68 108 556 632
106 3 209 681
23 21 28 268
31 2 766 185
300 69 346 700
18 2 80 828
28 13 485 972
