3 50
615 442 4 0 0
385 1000 5 0 615
615 558 4 442 0
343 32 0 0
385 7 0 615
283 103 442 0
232 140 0 383
332 342 442 283
1 13 406 615
23 8 376 383
383 364 78 0
385 364 42 615
196 158 784 283
385 315 685 615
145 279 406 619
174 313 635 0
2 279 406 617
232 55 387 383
208 11 376 407
2 1 386 383
2 16 669 615
322 2 39 615
66 3 784 479
232 36 198 383
1 263 406 616
196 20 942 283
385 1 41 615
383 46 32 0
236 279 406 764
63 2 39 937
2 216 784 545
21 32 7 615
1 1 386 406
21 1 386 385
283 75 545 0
34 32 0 343
1 10 376 406
196 38 962 283
6 32 0 377
66 195 805 479
232 96 280 383
283 52 948 0
364 32 7 636
109 26 635 174
95 58 140 383
137 58 140 478
68 216 784 547
109 287 661 174
283 15 620 0
232 46 234 383
1 250 419 615
66 18 787 479
23 2 384 383
