3 300
1000 476 4 0 0
566 524 2 476 0
434 524 4 476 566
256 60 0 0
428 91 476 0
4 133 476 566
315 23 839 566
228 358 476 609
98 25 975 566
171 24 0 479
11 51 0 256
178 6 0 822
47 126 89 479
13 88 369 479
9 7 476 600
138 40 476 428
29 15 623 428
122 10 349 256
14 343 133 822
16 63 0 427
4 93 349 473
43 68 555 428
14 349 0 443
140 117 359 256
20 82 369 749
11 67 0 457
1 11 889 428
25 16 359 448
22 94 369 492
104 6 516 428
159 314 0 268
62 23 431 0
16 39 811 428
3 282 67 457
124 2 924 428
202 105 567 0
24 147 476 576
1 2 0 267
121 43 932 566
269 81 89 530
33 38 359 415
178 14 73 822
103 25 975 741
3 51 713 600
5 363 476 571
118 173 827 0
1 73 349 477
138 12 672 0
40 18 351 530
226 69 567 202
1 58 291 267
11 221 128 256
7 67 0 468
73 2 975 905
9 51 515 600
3 7 516 559
15 259 60 0
242 18 351 580
1 84 713 607
1 41 476 570
25 101 375 448
113 4 862 566
1 147 566 600
35 68 555 474
6 19 457 479
138 11 850 428
79 1 839 881
6 5 911 428
1 3 349 478
256 112 319 0
1 2 147 267
30 1 861 428
1 88 713 608
1 87 389 478
1 147 63 427
310 173 827 118
10 8 351 570
50 22 889 459
138 45 431 118
23 242 89 799
1 70 24 267
58 22 454 0
144 363 476 837
73 21 451 749
9 3 512 600
10 286 63 433
420 24 762 0
13 1 998 905
2 126 713 603
4 139 89 526
187 90 369 562
434 39 893 566
5 19 457 487
71 17 459 562
8 15 983 905
178 30 43 822
321 31 862 679
193 78 684 0
1 1 19 267
1 7 466 477
1 1 763 570
3 40 93 822
1 2 457 485
113 5 888 566
90 25 864 428
3 17 0 475
63 259 60 46
45 36 636 202
8 3 861 537
70 13 463 492
1 1 457 486
1 11 422 477
95 10 349 378
56 23 431 62
4 207 632 566
1 3 473 477
109 188 623 457
138 74 926 428
76 1 999 905
1 39 516 565
132 13 911 434
34 1 91 822
4 141 228 526
24 94 369 538
41 1 852 881
1 126 713 606
1 114 162 267
343 46 43 479
1 27 797 607
119 12 840 881
1 12 2 267
1 4 472 486
19 117 359 396
313 15 932 687
313 14 947 687
1 4 20 267
184 12 672 138
83 12 672 345
161 36 636 267
12 3 861 554
11 77 51 256
159 34 314 268
33 9 456 415
1 53 94 267
122 3 811 444
164 209 133 836
84 1 834 609
3 75 764 600
1 38 801 608
313 8 961 687
9 3 861 545
87 7 983 913
343 12 24 479
1 1 161 267
144 5 834 693
51 1 348 268
1 15 352 478
23 12 672 322
1 10 770 570
77 23 975 664
1 9 436 477
113 10 878 566
2 286 63 431
56 22 454 58
10 10 359 570
1 23 609 566
73 4 472 749
77 2 998 664
17 282 67 462
8 65 762 420
1 6 828 607
122 36 814 444
1 15 461 485
2 43 555 471
4 139 210 427
16 11 715 428
84 3 836 609
24 216 623 576
109 2 862 428
269 171 170 530
1 18 555 473
9 26 486 600
95 4 977 905
67 1 998 933
52 26 528 428
1 23 609 569
164 60 342 836
1 126 713 605
1 15 448 477
1 4 764 570
3 147 63 428
177 1 92 822
175 34 93 825
113 11 786 0
313 1 974 687
8 119 566 601
47 143 226 479
269 10 341 530
116 17 459 633
22 1 348 319
84 1 835 609
14 1 839 986
9 2 981 905
313 5 969 687
50 1 861 458
19 1 999 981
29 77 638 428
6 8 916 428
307 41 786 113
1 1 459 485
26 1 839 960
235 34 684 193
1 15 609 568
1 1 780 570
1 9 152 267
1 22 367 478
1 5 834 607
178 4 87 822
1 2 768 570
1 8 458 486
24 94 369 514
14 2 924 552
131 6 522 428
235 44 718 193
23 20 331 799
83 1 348 344
2 25 598 471
20 259 60 15
10 59 397 415
29 1 861 508
48 25 864 518
57 2 889 509
11 259 60 35
1 5 14 267
23 59 397 425
57 68 555 509
1 246 517 570
144 1 91 856
175 6 127 825
1 2 624 568
9 1 998 924
1 1 460 485
80 24 0 650
279 7 36 479
1 6 626 568
19 363 476 981
1 67 0 478
1 58 781 570
1 18 609 567
47 11 215 479
6 1 998 918
57 20 891 509
3 50 17 475
131 1 554 428
6 32 523 559
22 2 975 978
1 1 825 607
30 22 889 429
4 22 454 114
1 3 463 477
29 85 726 428
1 3 149 267
3 1 348 341
64 7 36 758
1 11 900 428
113 30 797 0
61 1 981 939
1 3 445 477
79 24 528 480
1 50 573 473
178 37 6 822
10 11 715 444
1 6 466 486
1 2 826 607
2 282 67 460
61 1 982 939
61 25 975 844
147 259 60 109
18 36 636 247
9 3 483 600
1 5 627 567
16 74 402 836
79 2 552 480
74 24 0 748
4 34 442 473
1 15 276 267
25 2 981 914
1 1 824 607
87 8 990 913
8 28 685 601
3 7 516 562
1 3 433 477
78 10 852 922
33 11 465 415
3 11 715 454
18 24 0 730
148 74 402 852
27 6 516 532
113 12 866 566
2 36 636 265
41 9 853 881
53 82 369 769
1 1 92 999
