3 300
574 397 2 0 0
426 1000 6 0 574
574 603 2 397 0
7 152 0 0
175 392 0 574
73 367 397 0
2 40 0 292
106 61 0 428
83 172 764 0
61 223 449 574
2 104 0 369
1 8 0 401
57 9 764 333
3 118 773 333
4 1 370 0
6 2 391 0
333 42 936 0
77 23 175 292
11 22 745 574
42 2 383 292
129 104 156 428
1 213 745 672
7 1 764 242
11 8 764 548
26 1 772 548
85 21 370 18
14 21 156 557
28 123 52 292
2 32 745 669
33 1 391 235
1 255 745 671
12 1 901 574
25 51 209 292
13 3 764 561
232 95 397 302
9 18 371 0
2 68 160 0
20 367 397 157
7 1 46 292
129 29 368 428
22 156 0 534
145 4 764 402
8 1 394 235
1 39 209 363
3 99 298 557
4 1 370 9
3 11 156 571
31 123 52 321
17 123 52 352
234 94 773 340
24 3 391 268
53 3 43 292
26 6 46 316
35 3 383 334
69 2 768 402
5 2 767 561
15 296 449 916
145 1 391 20
145 255 745 855
3 56 169 571
91 47 392 574
8 3 769 561
57 2 395 235
95 12 988 574
24 5 47 292
9 22 958 672
1 1 764 559
20 20 980 672
4 1 46 342
4 109 891 333
212 160 0 14
1 15 209 367
60 20 980 724
43 173 449 957
194 19 978 0
4 20 958 739
6 20 980 714
129 22 346 428
6 4 48 342
105 52 397 177
75 213 745 674
31 11 198 292
7 130 214 369
22 20 980 692
2 9 958 681
68 296 449 784
3 367 397 534
129 41 260 428
84 156 745 585
292 73 228 0
1 1 370 4
60 4 393 20
129 45 301 428
11 174 209 352
95 3 770 402
13 32 0 294
5 160 0 7
2 6 766 559
42 213 745 813
1 174 209 368
8 1 767 566
5 1 47 342
1 1 765 559
95 29 902 574
1 1 46 315
15 156 0 559
40 1 394 252
53 21 370 237
77 139 397 73
1 3 371 9
9 22 958 730
1 15 371 10
64 296 449 852
17 173 0 402
21 256 471 177
40 22 958 690
19 1 901 620
134 21 370 103
4 183 214 397
21 1 46 348
1 3 43 345
335 57 392 665
1 1 370 8
92 293 471 210
210 73 672 574
2 22 361 292
98 22 449 177
26 214 0 375
5 1 370 13
106 10 62 428
2 7 773 338
9 99 298 565
2 5 386 10
106 51 105 428
1 1 395 401
11 49 794 574
333 3 997 0
2 91 800 338
20 3 43 349
3 2 389 0
3 3 43 346
33 2 392 235
5 1 769 569
3 4 294 571
27 22 449 275
34 2 0 307
26 10 198 323
1 1 764 560
2 52 397 282
35 152 209 317
62 1 42 307
8 223 449 635
21 1 901 599
8 213 745 800
3 109 891 337
41 213 745 759
21 1 48 348
91 171 765 242
15 50 397 287
2 1 901 586
26 19 978 307
2 118 745 808
21 296 449 936
1 86 13 401
3 213 745 810
62 24 18 307
292 69 301 0
20 11 198 349
54 22 361 298
12 1 764 390
1 296 99 401
4 22 361 294
1 1 46 309
84 32 536 73
18 367 397 556
1 115 52 320
1 8 167 320
106 33 72 428
33 37 727 177
25 101 260 292
12 8 765 390
4 223 471 198
6 5 386 12
16 181 397 537
1 2 8 401
71 20 980 784
1 160 0 12
14 6 391 6
3 174 209 364
84 196 568 73
42 10 387 292
2 1 46 346
5 1 46 310
6 110 104 369
91 10 439 574
5 2 770 569
215 1 392 20
6 4 393 0
1 135 248 363
2 22 958 688
35 10 387 334
95 57 931 574
40 1 61 428
8 256 471 202
11 12 767 574
1 213 745 673
10 213 745 749
5 296 449 931
2 95 863 808
3 156 0 556
3 69 225 571
251 392 0 749
1 3 10 401
43 123 622 957
105 19 978 194
116 2 978 739
11 1 901 588
3 367 397 553
155 28 764 83
159 144 792 83
2 1 370 290
5 1 46 299
5 99 298 560
7 6 974 681
28 53 344 369
155 4 393 80
1 160 0 13
66 160 0 226
1 17 374 9
2 19 372 290
26 1 208 323
141 75 449 643
11 6 843 574
15 1 447 287
2 1 371 290
5 1 46 304
1 98 224 367
232 272 492 302
4 1 61 468
3 16 958 685
234 133 867 340
66 20 958 743
26 224 173 402
42 2 385 292
11 49 852 574
1 61 322 367
7 1 448 287
3 2 167 571
2 20 780 338
1 223 777 669
1 1 448 294
58 1 61 476
1 223 777 670
7 139 397 150
14 121 177 557
11 15 779 574
84 1 764 249
22 1 47 347
8 1 768 566
170 68 160 122
2 1 448 295
1 1 765 560
9 173 0 419
1 1 901 668
4 104 0 371
1 1 396 401
3 52 397 284
6 2 389 3
5 1 448 297
4 33 694 198
120 68 160 2
2 1 40 292
29 1 901 639
1 16 958 683
77 1 768 471
21 3 49 348
35 1 386 334
141 148 524 643
13 6 32 294
21 1 769 471
62 16 2 307
4 1 61 472
13 5 38 294
8 19 978 299
2 7 967 681
11 3 849 574
4 20 980 720
46 20 958 809
16 186 578 537
56 1 769 492
3 1 370 5
9 1 394 243
2 118 773 336
21 130 214 376
7 15 371 11
1 4 764 547
28 2 0 341
7 8 152 0
1 16 958 684
51 3 770 497
70 1 391 165
2 2 41 292
4 28 764 238
