3 400
1000 323 6 0 0
425 677 1 323 0
575 677 3 323 425
5 12 0 0
252 186 323 0
169 255 323 425
7 161 654 425
20 191 0 522
46 38 677 0
36 4 0 286
41 95 0 322
51 29 0 405
173 218 323 252
181 23 0 819
227 323 0 592
7 10 240 286
204 159 654 693
59 1 262 522
117 216 94 0
40 8 269 522
229 23 627 0
181 218 105 819
26 81 677 132
8 13 541 252
3 1 269 562
2 23 0 123
100 323 677 158
123 136 541 302
37 323 0 485
50 27 642 252
28 37 831 425
36 67 35 286
19 59 541 260
128 80 25 819
7 3 290 562
36 3 213 286
302 26 323 698
10 323 677 57
2 15 626 252
12 47 541 288
5 92 204 322
1 1 268 522
1 4 541 301
37 38 0 86
1 16 677 112
12 2 627 229
42 2 0 138
5 16 626 255
37 126 677 67
5 7 269 578
20 21 102 286
1 7 541 300
8 19 559 252
16 19 271 562
1 1 626 301
1 14 626 254
240 50 831 453
156 76 578 425
25 83 240 297
28 35 0 46
80 76 578 586
2 5 216 286
26 31 4 286
36 36 177 286
7 94 0 74
15 88 0 236
1 1 640 254
4 11 0 37
8 1 624 252
5 68 578 581
2 1 641 252
1 1 641 300
13 15 662 229
37 2 12 0
17 43 0 269
240 24 881 453
1 94 0 42
13 67 0 180
1 17 868 425
1 3 628 301
8 26 578 252
7 323 0 456
1 9 35 37
83 2 194 322
28 63 937 425
14 20 29 405
2 3 673 0
1 15 602 300
1 1 558 300
1 3 631 301
77 255 323 594
26 262 0 548
4 20 604 252
37 53 14 0
70 5 263 522
2 15 14 37
83 79 115 322
213 8 813 693
42 19 44 138
1 40 250 286
11 1 262 581
53 47 25 947
1 323 0 474
67 65 582 698
1 73 250 295
15 5 77 123
3 5 82 37
8 33 627 244
1 5 617 300
235 22 582 765
49 285 715 0
66 92 509 0
4 10 240 293
5 7 197 322
20 14 702 112
2 29 23 123
83 20 95 322
2 21 269 583
4 12 677 128
21 4 673 78
1 11 624 300
1 1 676 0
30 3 310 562
28 7 650 0
11 75 102 311
169 229 94 117
3 323 0 477
5 5 89 37
16 294 29 419
56 27 67 180
16 1 88 236
53 4 72 947
42 37 7 138
229 8 665 0
1 1 641 254
2 114 0 587
10 1 662 242
17 193 323 671
1 22 0 589
1 26 559 300
5 12 0 21
25 69 868 428
2 262 0 590
14 20 290 576
36 19 221 286
1 73 250 296
16 9 693 112
121 109 654 432
1 15 587 300
11 1 270 562
294 49 499 698
1 13 868 426
94 187 813 906
1 2 639 300
140 177 654 553
1 1 585 300
20 67 0 216
3 26 627 241
7 21 269 585
2 1 269 568
10 191 323 688
6 262 0 542
1 27 599 301
1 46 891 425
75 1 676 3
1 7 0 41
213 179 821 693
83 1 196 322
3 1 4 138
1 1 268 590
1 3 550 300
2 323 677 380
2 1 270 573
14 88 0 251
45 197 803 67
1 6 88 268
42 6 63 138
3 59 0 43
1 12 794 112
1 3 885 425
103 3 673 126
32 13 578 666
10 31 4 312
8 2 660 244
1 1 553 300
71 3 673 7
12 54 588 288
24 276 677 354
6 7 316 562
21 294 29 435
5 1 87 37
10 11 666 242
1 1 88 37
1 25 574 301
14 24 554 671
53 18 87 947
6 8 315 322
15 12 82 123
67 7 647 698
229 8 657 0
1 9 546 301
1 2 7 41
10 64 514 688
1 5 82 40
5 7 250 290
1 1 548 300
1 1 268 591
5 323 0 463
1 1 269 566
4 13 689 128
1 1 676 2
12 11 0 126
14 93 230 405
3 4 554 685
16 206 794 113
1 1 269 565
11 38 677 46
11 54 23 127
1 1 82 41
23 95 0 382
5 38 44 37
8 1 269 570
1 1 868 427
1 20 290 590
1 14 22 589
18 1 2 138
4 323 677 417
38 1 676 126
1 185 77 589
15 2 4 165
32 63 591 666
40 42 281 522
1 66 871 427
1 11 899 426
19 2 216 288
12 12 11 126
1 9 281 578
1 1 586 300
16 1 268 538
5 66 257 290
302 32 548 698
17 51 43 269
3 160 794 129
117 13 310 0
1 1 625 252
29 56 38 86
1 1 676 1
1 1 627 301
15 5 216 307
1 4 83 41
1 3 881 426
1 1 88 38
95 95 905 453
30 8 315 329
1 1 269 567
35 323 677 382
1 323 0 476
2 148 114 587
1 1 549 300
53 11 76 947
6 1 268 532
6 323 0 468
26 47 953 354
5 75 102 306
17 7 516 671
8 285 715 49
16 12 0 5
17 21 523 671
24 3 4 141
181 2 23 819
302 2 580 698
15 16 677 113
1 1 936 426
49 118 509 203
24 8 669 252
1 4 635 300
2 276 677 378
8 1 3 138
5 323 0 480
1 1 892 426
3 1 11 37
1 3 0 85
3 73 250 287
6 262 0 574
6 5 554 252
23 5 89 236
1 1 622 300
5 8 646 581
1 4 554 300
137 118 509 66
9 5 89 259
16 1 2 156
4 25 52 123
46 8 315 359
1 23 0 125
28 42 600 260
3 21 14 39
1 5 9 41
8 49 499 992
26 8 669 276
121 68 763 432
1 35 59 43
4 1 35 38
37 27 67 0
4 15 123 286
3 3 673 4
3 88 0 265
8 126 677 104
14 17 293 562
1 323 0 475
1 1 869 427
2 2 5 138
1 33 290 286
103 159 654 897
1 9 59 45
19 3 218 288
1 20 290 591
1 323 677 424
65 1 676 164
78 111 204 327
20 39 138 286
26 242 758 132
27 4 673 99
1 7 87 45
1 35 59 44
15 1 6 165
1 19 555 301
3 9 653 241
302 150 349 698
3 1 88 39
96 323 677 258
1 15 62 589
42 25 69 138
9 1 268 523
20 71 191 522
3 323 677 421
8 56 38 115
1 6 893 426
3 20 558 685
1 8 315 328
40 4 277 522
78 7 197 327
1 3 888 425
3 9 281 580
1 34 3 85
4 8 36 38
9 59 541 279
2 29 23 125
5 5 276 578
16 15 123 290
1 182 818 112
2 6 29 37
235 50 604 765
8 1 2 172
24 7 316 568
1 26 36 589
66 26 601 0
6 1 3 174
23 67 0 193
1 3 11 40
1 57 37 85
14 181 49 405
1 12 806 112
7 262 0 580
1 9 281 579
3 1 270 575
7 3 290 569
7 12 0 30
1 8 884 426
3 2 12 37
1 1 870 427
1 19 68 45
1 8 634 301
4 12 0 26
4 1 625 256
2 20 604 256
28 1 3 146
36 1 268 554
30 3 313 562
5 19 296 322
4 94 0 81
9 1 88 252
17 10 544 671
12 32 630 229
2 3 673 2
19 95 0 363
20 78 716 112
2 20 604 258
2 5 554 258
1 1 623 300
7 16 815 425
3 1 625 253
1 1 545 301
1 26 910 426
1 88 0 268
10 3 663 242
28 59 35 46
3 46 954 129
145 95 905 548
201 7 650 28
12 1 629 229
7 1 88 261
1 2 5 140
