3 500
1000 353 6 0 0
472 647 1 353 0
528 647 4 353 472
1 59 0 0
1 7 353 0
195 191 353 472
135 10 657 0
10 1 353 174
1 143 675 472
49 304 353 69
37 343 657 135
5 1 646 174
49 1 364 0
8 2 353 5
298 282 364 174
85 112 353 795
1 1 353 219
2 4 360 0
23 232 700 0
178 353 0 416
9 17 675 820
69 44 453 0
5 27 0 123
90 130 675 501
32 3 435 0
1 43 375 0
3 1 353 299
1 2 360 4
7 1 435 56
1 7 177 0
13 265 675 982
62 60 375 7
42 1 360 5
1 1 675 978
18 2 360 174
4 1 362 5
15 164 782 820
4 66 675 995
57 10 782 874
4 105 0 678
106 60 722 820
41 3 353 13
131 4 647 174
10 57 943 982
1 1 442 0
50 68 932 0
1 20 675 489
23 3 368 0
37 144 513 0
2 24 288 0
80 1 354 219
18 147 27 123
56 304 353 118
32 65 657 191
206 160 0 682
2 1 646 305
1 248 675 981
1 93 0 888
16 114 675 473
1 325 675 979
3 1 360 47
6 12 437 56
4 177 0 46
7 343 657 462
118 111 177 5
8 1 361 5
104 37 960 874
2 1 366 0
9 1 366 21
15 14 848 473
7 343 657 381
20 39 636 795
93 49 0 907
1 56 741 995
173 9 355 299
9 5 932 126
1 7 0 5
2 343 657 469
49 4 722 929
1 198 105 678
5 275 0 594
1 8 375 6
4 44 657 185
46 1 442 10
56 138 215 123
27 1 361 20
31 1 353 247
1 4 923 981
1 84 741 999
74 222 778 191
278 27 0 138
80 4 356 219
8 5 355 5
100 232 700 30
33 81 782 835
18 353 0 601
83 283 353 917
135 17 667 0
2 56 105 680
33 7 778 265
2 1 353 238
97 2 353 375
80 16 722 191
16 1 363 5
7 232 700 23
1 1 445 0
1 18 657 189
15 4 353 54
1 32 303 678
5 2 442 3
182 325 675 591
2 1 353 236
122 124 512 795
16 83 917 473
3 178 675 492
1 316 657 190
104 74 886 874
2 31 741 996
32 2 358 13
4 28 0 27
178 34 636 822
56 1 438 0
9 1 449 56
6 36 657 366
1 12 818 472
3 20 943 992
6 22 0 40
1 50 303 679
1 27 973 190
57 131 544 472
54 1 354 299
206 193 160 682
1 2 443 0
1 1 353 232
46 1 355 219
18 1 355 174
16 50 867 473
3 85 92 0
5 232 700 130
15 29 693 366
22 1 360 192
15 45 946 820
17 1 367 0
13 1 451 56
1 1 363 4
69 2 371 0
7 2 761 191
1 19 675 980
10 17 0 128
13 1 363 46
1 12 375 1
199 9 215 179
49 18 764 929
1 325 675 189
38 30 215 378
1 259 741 998
1 1 435 63
11 1 354 360
3 5 963 992
11 1 646 240
5 33 59 0
5 43 387 1
268 123 27 141
3 86 675 495
16 5 862 473
4 6 0 1
18 24 0 9
13 149 28 27
15 1 646 203
6 37 963 495
9 4 0 55
1 1 436 56
1 304 0 599
1 1 353 235
1 14 848 488
15 1 366 6
7 1 646 252
1 28 0 36
45 2 368 23
7 188 27 409
1 12 437 67
1 17 418 0
68 49 40 55
116 215 785 265
1 75 92 4
1 6 437 68
41 1 356 13
3 2 286 0
3 15 78 5
1 40 772 980
1 13 825 999
1 11 958 981
12 1 361 47
24 3 435 32
122 7 465 795
1 144 772 996
69 2 373 0
45 3 357 174
132 16 684 0
20 65 657 346
5 7 437 62
6 144 782 868
190 23 738 191
55 129 224 179
1 1 930 981
1 15 977 981
8 65 288 105
26 1 365 0
9 55 937 126
10 1 362 39
47 325 675 773
2 81 177 1
1 153 682 978
190 5 773 191
1 1 360 2
18 33 174 123
2 325 675 490
1 2 286 4
1 6 676 978
1 91 0 50
74 343 657 388
21 1 646 343
1 343 657 471
56 37 849 874
128 191 353 667
3 5 899 492
1 19 9 5
21 1 355 265
34 17 12 55
175 10 761 206
1 353 0 600
3 69 9 6
1 1 646 251
2 1 354 371
5 126 863 835
1 10 184 0
1 1 354 373
34 28 12 89
5 10 763 191
7 1 450 56
59 123 0 619
7 1 444 3
4 28 258 1
1 49 304 599
19 2 353 200
105 5 348 0
1 170 830 472
4 12 375 2
7 8 445 3
5 22 0 31
3 16 881 492
1 135 865 999
7 10 763 199
41 1 357 13
49 38 726 929
2 1 442 1
34 11 29 55
3 60 722 926
93 204 49 907
22 1 354 174
3 1 897 492
3 28 0 37
83 7 778 298
2 100 253 680
59 4 0 64
14 1 646 446
1 18 335 678
2 1 449 65
149 45 675 829
1 177 716 489
1 39 675 999
3 6 447 0
1 1 436 61
38 108 245 378
1 8 992 981
2 2 445 1
33 6 989 835
2 3 361 2
33 5 995 835
5 1 365 49
1 3 167 4
104 3 997 874
1 1 354 374
1 6 443 68
56 3 439 0
7 2 366 62
1 5 430 1
2 1 646 312
110 16 722 271
1 22 978 992
51 68 932 75
3 16 684 132
4 1 354 196
1 4 931 981
1 20 935 981
1 2 286 3
5 8 992 126
47 62 782 931
20 1 364 49
9 2 358 45
5 202 761 495
9 8 4 55
9 8 657 372
3 1 436 58
5 4 360 214
6 2 362 174
1 1 360 3
105 16 312 0
3 1 898 492
4 1 367 17
19 37 849 959
1 188 812 980
13 343 657 172
8 6 6 64
1 154 772 997
59 1 5 64
1 74 926 997
15 1 365 54
175 2 771 206
122 13 499 795
13 1 355 286
1 1 366 5
47 1 353 328
11 1 360 56
1 202 761 500
49 6 6 74
12 1 646 460
7 1 361 13
1 77 100 5
4 48 11 1
4 1 354 356
4 1 761 198
46 1 370 23
2 22 978 993
2 1 366 3
1 1 955 981
9 1 353 223
1 1 368 68
1 3 969 981
2 92 161 680
1 22 78 8
59 230 123 619
1 48 694 980
123 65 657 223
64 195 805 501
2 5 992 133
1 1 171 4
2 25 853 492
2 81 177 3
1 1 353 220
103 24 288 2
68 88 89 55
4 5 430 2
1 19 416 6
2 1 360 67
1 1 369 68
5 6 22 31
80 2 360 219
1 198 105 679
149 2 720 829
1 2 443 2
1 3 972 981
4 155 701 185
1 1 446 0
15 2 358 54
23 1 365 26
46 8 443 10
1 6 6 72
1 30 742 980
1 28 853 494
19 260 93 888
8 1 762 198
6 74 926 868
29 37 849 930
16 59 789 473
46 2 451 10
298 6 651 174
2 1 354 353
56 57 792 874
7 1 353 240
7 39 636 815
1 1 366 2
47 5 844 931
22 3 361 192
1 2 956 981
1 85 92 3
1 1 443 1
1 1 646 309
6 126 863 862
1 6 6 73
30 1 362 9
69 16 497 0
59 2 362 219
1 1 646 310
15 9 991 820
18 153 24 9
3 9 0 6
144 129 224 234
2 1 449 67
13 1 452 56
46 1 646 259
2 78 275 594
16 1 353 184
6 1 436 63
1 1 646 311
2 1 353 233
2 30 692 820
1 102 835 978
1 1 362 4
6 1 360 50
3 1 435 65
1 1 436 62
25 1 363 21
13 3 940 982
2 1 357 54
20 1 362 49
1 57 792 930
1 24 383 6
1 1 435 64
2 8 992 131
122 27 472 795
45 1 356 174
1 96 904 492
18 8 207 123
1 177 0 51
3 10 968 992
21 1 353 278
1 86 91 50
3 177 0 52
41 1 367 21
1 27 838 999
24 1 646 179
7 65 288 113
27 1 355 192
1 1 435 68
4 144 856 185
22 126 863 840
1 50 950 995
2 1 353 221
266 131 544 529
1 3 927 981
3 65 288 120
32 1 366 30
3 10 763 196
3 7 93 5
3 86 675 498
3 43 100 6
1 1 170 4
1 21 695 489
10 1 363 59
93 100 253 907
1 107 893 489
178 5 670 822
4 1 761 202
6 30 692 823
3 34 143 6
167 4 647 305
1 1 444 1
21 2 362 278
29 1 646 314
26 195 805 565
10 1 361 59
26 1 353 302
13 1 357 56
18 93 0 889
12 2 362 180
4 7 353 1
1 50 28 5
1 153 797 995
1 2 975 981
1 2 7 5
59 1 4 64
1 30 692 822
105 20 328 0
2 2 442 8
2 96 904 493
1 9 407 6
5 1 646 218
3 1 450 63
1 24 714 999
2 3 997 133
1 1 436 57
17 1 646 223
3 78 275 596
37 112 353 880
82 1 646 364
10 10 17 128
4 5 6 1
1 5 172 4
5 5 444 62
9 28 665 372
25 68 932 50
3 1 450 66
1 1 354 355
2 1 646 307
268 65 150 141
6 155 22 40
1 63 937 978
1 92 194 0
1 84 916 996
1 3 738 999
32 144 513 37
2 3 878 492
