6 300
459 455 2 0 0
541 276 4 0 459
541 205 2 276 459
459 216 1 784 0
459 329 6 455 0
541 519 5 481 459
66 2 0 0
100 12 0 459
151 205 276 459
121 16 784 0
94 160 455 0
148 186 481 459
164 188 0 706
97 56 131 459
33 86 455 284
75 199 0 283
190 169 481 810
2 30 199 283
1 106 320 283
14 30 0 870
111 20 199 305
196 129 792 459
97 19 206 0
5 135 320 424
150 145 131 556
32 131 0 599
155 13 792 655
155 63 898 655
47 22 784 285
1 33 0 683
115 72 775 810
43 121 199 416
49 131 0 634
27 5 263 459
1 176 0 431
73 150 817 285
130 18 92 870
97 6 270 459
99 4 996 459
35 90 206 197
73 9 0 358
23 24 426 283
65 19 817 374
75 1 30 870
33 152 848 374
1 155 481 607
5 84 12 459
63 12 296 197
19 57 649 284
80 20 640 0
23 115 12 464
86 143 312 197
70 205 276 768
7 121 276 838
82 205 276 918
40 205 276 878
86 4 308 197
29 46 954 810
130 5 61 870
175 60 706 284
14 180 784 121
9 1 996 564
23 98 33 683
39 28 947 0
129 4 0 154
6 199 0 436
156 57 649 303
111 83 237 305
22 33 0 684
39 77 7 154
130 17 75 870
63 102 455 132
66 5 263 490
81 56 7 202
129 2 4 154
22 78 229 283
21 166 110 870
197 203 252 0
12 73 206 232
85 2 846 374
140 106 320 284
155 49 849 655
2 136 0 456
197 6 225 0
2 183 817 358
44 25 0 884
196 22 966 459
132 25 615 0
11 199 0 445
27 33 784 332
60 12 557 132
71 17 623 132
81 17 623 203
128 39 805 655
50 2 996 585
2 205 276 853
23 205 276 855
4 23 176 431
1 23 176 435
161 4 954 839
41 53 947 80
13 5 844 655
27 1 816 285
2 1 997 564
88 203 3 0
47 10 806 285
1 2 998 585
129 1 6 154
23 1 66 870
4 7 263 486
5 75 7 193
7 1 996 573
80 21 979 0
1 23 7 198
3 1 816 312
40 12 0 559
39 122 84 154
3 34 136 456
97 22 847 810
152 32 591 132
20 12 296 260
3 30 0 928
48 1 455 195
12 30 199 288
41 29 426 363
34 139 808 0
112 119 12 487
100 19 206 97
97 5 211 459
160 88 188 706
190 31 923 810
52 30 0 948
38 144 640 80
130 8 67 870
175 39 541 284
1 6 0 458
80 5 450 283
3 176 0 433
32 5 25 884
27 39 805 783
150 6 964 121
190 14 909 810
1 20 82 193
64 1 998 591
161 18 982 839
1 59 77 458
14 1 455 428
2 21 947 39
39 77 206 244
20 2 996 635
54 1 66 893
5 2 998 586
5 23 162 193
87 139 808 34
97 15 196 459
121 6 800 0
5 12 185 193
23 32 947 41
6 1 816 326
3 30 199 285
155 39 961 655
1 10 67 458
175 17 766 284
5 13 283 244
197 13 231 0
3 199 7 199
190 103 650 810
1 73 127 198
19 29 426 405
2 11 968 39
12 17 279 232
75 41 775 925
97 9 187 459
80 124 660 0
6 4 996 558
141 58 784 144
1 48 79 198
4 4 455 280
4 71 82 194
73 190 9 358
11 1 816 315
14 1 842 374
16 3 997 569
70 205 276 656
85 2 843 374
85 24 456 195
130 28 33 870
14 114 817 360
4 9 153 194
30 135 320 429
1 49 30 198
3 1 997 566
3 30 199 302
196 8 988 459
88 3 0 66
1 22 426 404
1 131 0 631
148 125 667 459
190 8 753 810
66 34 557 192
1 9 58 458
37 1 455 243
20 25 817 439
44 3 30 956
9 63 784 135
86 2 31 870
3 2 998 566
196 45 921 459
161 7 975 839
24 1 66 947
1 7 448 404
14 69 931 360
14 36 964 271
111 18 219 305
1 46 12 458
69 62 847 907
38 139 455 94
1 77 0 633
8 84 397 838
42 205 276 726
5 35 96 459
81 143 63 202
67 31 816 925
66 2 268 490
97 26 237 459
26 34 557 258
197 8 244 0
17 11 0 931
8 121 276 845
58 1 845 374
1 1 998 564
142 5 844 668
27 2 268 459
73 33 967 285
64 1 999 591
109 166 110 891
66 203 3 88
66 1 2 0
52 152 848 407
1 60 102 193
175 1 783 284
22 13 307 283
34 13 283 249
121 1 806 0
203 156 636 607
1 131 0 632
5 9 197 193
24 62 847 976
7 77 397 846
97 21 216 459
100 9 784 359
1 1 30 945
1 54 77 633
85 77 480 195
97 40 869 810
9 117 847 135
12 5 25 916
16 1 807 0
1 176 0 432
57 24 426 306
19 1 845 432
201 155 481 609
60 22 569 132
17 1 807 16
17 19 11 931
1 6 200 198
190 14 761 810
100 24 793 359
150 30 970 121
166 144 640 118
17 78 455 442
1 5 6 458
46 205 276 610
10 1 30 946
29 1 66 971
71 1 842 388
23 4 127 464
1 1 11 458
141 21 943 144
3 29 170 456
4 98 459 280
8 1 845 451
175 69 580 284
38 21 594 94
71 101 842 144
14 85 456 428
7 7 474 846
39 4 975 0
88 1 807 33
65 6 836 374
17 8 533 442
2 199 0 443
69 101 842 216
111 86 455 317
5 1 996 580
2 1 999 564
1 101 842 215
16 32 947 64
8 31 816 992
1 199 0 442
1 155 481 608
4 88 188 866
2 30 199 300
3 12 296 280
161 17 958 839
1 1 998 565
