6 500
531 308 4 0 0
448 368 5 308 0
552 266 4 308 448
469 308 2 0 531
552 426 6 574 448
448 324 5 676 0
8 190 0 0
87 84 308 0
207 19 308 448
6 39 0 531
4 240 574 448
72 98 676 0
63 242 0 796
20 261 308 198
8 168 676 242
22 28 569 198
1 33 308 714
86 92 462 0
178 215 574 774
4 2 308 844
156 6 499 844
63 214 462 133
204 14 242 796
6 109 308 721
259 60 0 265
136 27 637 198
198 30 407 0
46 8 322 844
2 215 308 444
133 15 567 0
1 1 462 196
1 4 637 334
186 6 213 531
219 3 597 198
41 59 582 0
1 266 308 716
41 49 462 86
33 2 308 306
115 142 166 265
1 12 530 844
15 1 213 717
1 105 462 127
133 10 659 0
42 16 935 0
142 1 447 0
70 15 661 334
60 10 312 844
65 14 637 359
4 3 669 0
22 1 669 57
136 12 664 198
4 15 447 166
1 1 308 872
166 14 448 0
19 1 669 38
226 40 789 774
1 1 311 844
1 3 308 890
36 2 308 903
5 1 447 142
9 1 310 844
80 1 308 87
2 1 447 156
121 83 219 531
20 108 166 511
18 1 311 872
6 1 505 844
192 5 618 198
175 186 814 448
28 21 597 417
24 6 538 306
90 4 110 531
51 8 322 949
1 4 533 196
1 261 308 446
206 111 844 242
204 12 256 796
181 240 574 593
51 13 554 0
265 118 190 0
33 1 166 437
21 25 505 942
1 1 308 859
6 24 637 424
30 15 530 851
98 10 520 844
51 90 365 949
1 7 462 197
17 25 505 983
22 14 322 903
71 166 308 235
62 113 425 306
1 1 308 880
20 15 293 437
21 28 569 394
46 95 213 750
175 74 110 621
3 29 530 846
12 4 672 57
153 3 302 531
1 2 308 879
125 40 310 306
149 8 553 851
58 19 618 390
71 6 563 235
1 1 565 714
135 36 352 306
4 15 392 0
10 2 309 880
1 8 293 481
33 93 215 717
12 2 308 860
1 13 530 850
13 24 310 431
40 15 392 24
131 15 552 306
2 14 574 490
1 1 311 846
78 15 505 864
3 25 505 963
59 71 428 844
4 15 293 482
3 15 293 459
16 6 530 900
1 21 492 197
19 5 447 179
14 25 505 969
25 10 641 334
1 8 293 458
100 13 540 900
33 1 530 967
4 19 172 531
266 191 383 448
134 25 569 220
1 1 447 153
27 1 672 106
6 3 308 873
35 23 476 949
42 77 582 54
27 6 669 11
4 2 559 846
1 28 546 850
1 1 310 869
2 3 533 967
27 2 674 106
1 1 447 152
23 85 574 952
1 1 308 888
35 1 554 51
3 21 597 445
13 56 935 71
149 13 561 851
5 77 582 41
18 10 203 531
1 1 675 11
1 7 301 481
65 21 219 652
138 36 388 306
1 1 447 163
33 4 536 967
128 8 544 306
45 52 474 235
1 65 468 196
1 1 308 889
2 10 452 179
5 3 669 93
36 2 670 57
1 13 308 717
174 2 594 220
28 3 672 78
49 184 0 8
65 10 651 359
15 136 574 578
3 10 505 966
2 9 523 444
59 95 333 844
176 3 305 531
2 1 522 966
6 14 506 844
90 6 191 531
5 1 675 33
177 41 829 774
25 1 424 306
10 4 392 74
5 1 184 8
25 215 574 975
138 15 603 198
204 40 268 796
3 6 524 966
35 33 308 655
207 56 327 448
1 2 522 968
9 1 311 859
75 130 870 774
37 6 538 407
25 1 660 334
41 65 935 84
1 2 567 714
206 24 955 242
8 3 302 684
13 1 991 71
1 1 309 872
5 3 305 707
1 1 310 872
11 2 308 848
257 5 185 8
1 78 462 132
1 3 543 850
9 2 565 51
1 3 465 196
97 2 310 903
86 240 574 492
2 1 447 154
7 41 829 985
112 1 424 332
8 1 184 16
1 1 309 859
1 1 424 331
1 1 675 31
10 15 392 64
19 32 935 42
18 1 533 976
57 142 166 380
111 15 391 87
1 41 829 992
14 2 565 63
1 5 562 132
1 57 115 531
25 9 651 334
219 3 600 198
2 21 544 714
26 89 474 280
266 106 60 265
4 2 829 993
2 226 588 490
1 16 533 197
4 1 533 969
19 6 670 38
54 124 0 946
125 1 350 306
89 57 115 532
84 266 308 727
1 1 447 161
2 9 560 444
13 18 334 431
37 39 582 96
1 60 167 437
18 15 392 6
51 18 333 949
13 11 322 890
51 10 312 927
8 3 302 692
4 27 843 993
63 29 184 621
1 37 615 196
1 173 308 715
52 1 538 330
3 151 308 218
188 110 0 608
31 83 308 167
14 1 505 850
20 29 274 511
1 1 675 32
2 5 569 714
117 65 935 125
23 130 659 952
2 1 184 13
24 75 308 690
1 1 311 845
24 1 637 335
54 118 124 946
1 2 513 197
174 1 596 220
1 7 301 458
2 1 310 870
8 8 582 46
23 10 312 904
58 1 184 76
10 65 935 61
66 1 114 531
1 2 463 196
18 168 676 250
35 42 341 655
1 1 491 197
1 24 530 845
2 1 447 158
4 1 311 868
160 121 676 82
139 168 676 309
2 1 843 998
19 15 293 462
7 5 836 993
3 266 308 718
1 253 321 717
41 18 641 0
45 34 529 235
1 14 518 197
49 6 545 851
82 161 774 0
115 1 351 306
61 2 308 939
76 113 425 368
18 1 166 477
1 36 352 441
4 1 166 470
3 1 675 28
1 2 567 715
4 1 351 421
3 14 293 488
160 136 797 82
1 2 565 715
5 1 447 147
9 4 672 69
112 29 184 684
1 4 558 844
51 10 530 916
80 37 354 87
17 110 459 218
1 15 293 486
11 4 672 0
6 157 417 721
81 15 603 336
1 1 184 15
41 56 511 86
17 10 452 181
160 2 933 82
2 1 447 164
16 4 536 900
7 3 669 4
2 15 530 881
9 15 447 170
3 11 396 74
42 49 951 0
1 16 542 844
9 2 308 370
1 1 566 714
40 25 569 354
7 2 841 993
49 2 551 851
3 7 515 966
24 2 534 976
1 6 469 197
61 10 203 549
12 4 308 891
6 19 172 614
33 2 531 967
1 1 447 162
27 1 673 106
1 1 532 197
65 1 308 379
89 130 870 911
6 23 476 984
11 10 203 610
4 1 310 865
192 9 628 198
65 62 240 652
1 125 551 197
1 11 562 844
10 11 396 77
34 41 829 951
19 31 969 42
5 1 311 847
1 1 447 160
44 15 661 404
77 47 63 531
33 1 214 717
34 15 484 903
17 3 302 700
3 1 166 474
77 2 539 330
1 120 308 447
77 24 39 531
37 38 621 96
1 63 552 196
13 8 992 71
3 55 591 46
18 1 213 732
1 1 533 974
90 6 197 531
5 5 831 993
8 13 646 46
20 2 293 491
16 1 675 12
22 10 312 978
2 3 831 998
1 22 540 132
83 186 814 691
77 1 541 330
31 2 308 339
31 3 669 102
22 1 640 335
5 2 534 969
1 3 533 975
10 98 676 72
10 23 476 990
1 203 341 714
45 1 526 235
1 1 515 197
6 240 574 452
2 26 844 998
3 1 307 488
1 15 537 196
46 3 330 844
1 3 305 715
45 1 309 379
1 17 652 196
62 130 870 849
1 19 172 620
4 13 561 846
1 1 305 716
1 2 516 197
6 1 308 882
17 24 637 431
14 1 669 79
7 17 552 437
77 2 542 330
73 126 167 438
24 1 114 597
41 168 676 268
198 10 437 0
1 6 485 197
24 162 322 925
45 1 528 235
1 29 530 849
2 1 523 966
6 1 533 994
3 2 565 60
68 186 814 623
51 21 455 949
111 1 406 87
35 10 555 51
12 9 484 937
1 1 533 973
33 266 308 811
75 19 172 539
1 2 534 974
51 3 330 949
208 184 0 57
2 2 834 998
24 2 638 335
14 14 506 850
1 10 475 197
8 1 166 495
3 4 392 84
1 7 669 196
1 27 843 997
2 36 352 442
6 1 351 425
8 1 590 46
19 2 967 42
1 1 166 510
5 55 591 49
2 1 640 357
28 1 675 78
1 15 293 457
206 21 979 242
1 1 308 881
32 234 574 458
87 242 0 859
45 1 527 235
3 105 462 129
13 151 308 222
4 3 669 98
131 2 567 306
3 3 305 712
1 151 308 221
17 15 530 883
131 1 184 134
1 2 549 197
1 1 573 844
1 2 306 716
9 2 565 77
2 15 392 4
22 148 336 903
52 1 184 24
1 1 311 890
20 2 303 511
1 15 293 487
1 1 310 879
20 3 305 511
71 39 0 537
7 60 0 524
20 1 309 424
1 141 428 447
10 8 544 434
1 66 227 437
1 63 481 715
1 105 462 128
1 20 554 845
15 104 710 578
51 14 351 949
12 1 310 853
25 1 538 382
7 1 311 852
192 5 623 198
12 6 493 937
1 24 637 430
32 6 808 458
33 28 569 415
20 13 295 491
7 1 166 503
80 43 311 87
3 2 829 997
80 2 309 87
2 28 532 444
4 19 172 535
