3 50
372 1000 2 0 0
628 499 3 0 372
628 501 6 499 372
372 302 0 0
308 20 0 372
349 23 499 372
320 28 0 680
17 123 208 680
107 251 499 721
320 7 331 680
279 198 750 721
308 228 271 372
92 371 447 0
81 33 208 702
372 145 302 0
298 40 241 702
252 89 410 680
196 309 691 372
10 309 691 568
143 309 691 578
5 44 208 697
349 169 522 372
172 5 499 828
372 182 818 0
106 32 447 266
308 196 72 372
187 4 208 813
298 9 281 702
174 371 447 92
172 246 504 828
308 52 20 372
320 72 338 680
12 29 212 813
279 1 999 721
2 1 252 697
91 339 479 266
175 29 212 825
5 12 272 697
298 8 309 702
5 19 253 697
30 33 208 783
308 3 268 372
68 89 410 932
298 14 317 702
1 16 290 702
320 105 103 680
15 339 479 357
5 47 284 697
297 19 290 703
1 3 306 702
320 75 28 680
3 1 252 699
279 51 948 721
