5 300
633 670 4 0 0
367 312 5 0 633
633 330 2 670 0
367 374 4 312 633
367 314 4 686 633
305 121 0 0
105 46 0 633
245 34 670 0
3 8 312 633
196 3 686 633
72 20 417 633
2 222 0 940
7 104 670 255
4 44 686 858
21 4 417 744
214 101 410 0
2 2 430 744
199 32 670 428
220 46 951 633
55 43 250 633
145 197 774 255
1 26 0 857
9 7 250 822
111 87 510 633
172 54 312 828
130 14 293 633
29 5 390 828
35 89 430 872
1 256 430 993
142 2 997 858
205 19 981 428
188 1 946 0
195 15 350 633
2 9 437 633
57 250 0 738
123 8 312 705
14 6 417 868
144 41 670 262
18 1 293 763
124 4 426 744
11 137 774 400
1 13 417 935
52 312 0 948
1 1 999 858
1 312 0 946
70 16 291 822
74 228 430 919
17 191 0 305
225 22 894 633
91 24 250 688
123 13 337 705
1 107 430 994
145 29 971 255
9 250 0 795
61 13 417 938
9 11 339 633
41 49 946 188
48 1 291 892
51 102 0 889
17 4 250 872
83 51 949 0
1 1 417 937
72 19 320 633
6 5 222 940
3 6 0 942
17 208 686 829
88 6 331 705
47 163 523 872
87 260 410 344
15 142 108 633
15 28 658 919
43 5 250 779
45 73 437 637
48 2 310 892
166 4 711 262
202 260 410 431
37 41 250 835
142 229 768 858
1 1 426 937
11 28 658 968
11 41 670 408
154 219 191 305
105 28 46 633
205 166 702 428
67 7 423 868
178 1 997 633
60 1 307 822
1 32 670 627
1 64 0 883
1 2 428 937
196 121 738 633
2 62 430 995
2 69 410 214
17 226 774 411
58 15 274 688
59 1 311 763
188 2 947 0
225 1 998 633
15 1 520 872
112 27 390 888
174 219 191 459
1 222 0 945
3 13 250 927
25 2 417 910
64 125 108 674
48 17 293 892
1 107 0 882
300 6 0 333
95 35 916 633
2 28 658 964
132 1 999 868
67 5 995 188
255 33 913 0
105 20 88 633
5 2 274 774
59 16 295 763
24 5 421 744
24 1 519 872
1 1 418 937
4 6 250 831
172 1 387 828
1 139 670 245
3 250 0 884
1 68 585 994
1 31 655 994
305 143 267 0
214 30 511 0
1 31 809 245
23 250 0 859
62 73 437 682
63 11 339 642
45 1 292 892
245 107 704 0
3 191 0 327
86 4 289 688
128 254 432 744
6 1 294 763
2 216 6 942
84 82 686 916
126 31 916 732
305 99 121 0
1 7 419 937
196 44 694 633
2 256 430 998
2 173 77 857
172 11 376 828
1 1 292 937
1 1 653 994
1 1 654 994
5 29 951 853
26 33 946 229
5 208 686 853
48 1 294 769
172 10 366 828
2 41 670 406
117 2 430 755
1 1 427 937
43 4 282 779
1 48 537 994
6 2 227 940
2 208 686 846
69 8 312 636
4 3 290 779
44 3 947 732
1 62 0 858
5 16 276 774
34 41 250 889
300 185 6 333
43 4 286 779
2 38 730 858
3 191 0 330
2 37 0 887
14 28 658 979
19 142 108 655
2 28 658 966
5 28 658 934
5 139 670 250
195 35 365 633
130 5 307 633
82 4 947 776
196 5 689 633
5 1 292 774
245 37 862 0
166 59 715 262
70 4 308 822
1 256 430 997
1 89 911 400
26 13 982 229
195 17 400 633
13 3 899 0
4 2 521 872
1 1 292 939
177 14 899 68
105 51 949 83
27 1 520 892
1 216 6 944
19 18 390 857
2 73 437 635
28 6 274 746
225 1 999 633
28 6 417 882
128 242 410 216
1 41 250 930
3 41 250 923
29 1 293 793
43 27 255 779
16 3 290 784
1 1 292 938
51 86 164 889
15 37 254 872
3 12 916 728
1 3 290 783
1 9 916 731
2 37 254 887
9 1 999 859
1 15 62 858
7 1 293 781
51 62 102 889
196 35 859 633
103 4 417 765
7 142 108 648
3 23 928 728
214 129 541 0
2 113 37 887
5 191 0 322
305 47 220 0
64 17 233 674
6 83 229 940
54 44 686 862
9 2 430 746
4 139 670 246
3 17 980 853
28 9 280 746
4 208 686 849
4 22 269 831
1 41 250 926
25 4 419 910
53 250 0 804
1 89 911 410
128 8 652 216
62 5 421 806
12 89 430 907
45 14 899 23
12 27 390 876
2 6 980 856
1 13 417 999
38 5 421 768
5 1 520 887
45 1 997 813
245 51 811 0
1 208 686 848
9 34 257 822
2 58 452 633
39 20 417 705
1 1 997 811
55 31 730 861
43 2 521 876
1 143 107 882
1 38 730 860
1 6 446 633
5 104 809 250
23 1 519 896
2 100 150 887
205 113 868 428
3 1 307 882
2 191 479 214
35 6 331 793
23 11 902 0
1 312 0 947
5 1 307 885
9 41 670 419
55 7 761 861
1 186 64 883
19 9 408 857
44 1 950 732
128 10 660 216
1 13 417 936
1 51 26 857
172 2 388 828
1 1 997 812
10 3 899 13
1 1 307 890
5 32 670 628
5 1 294 817
29 22 395 828
105 14 74 633
8 41 250 932
4 13 256 831
3 28 263 927
2 11 986 856
1 6 446 634
1 41 250 931
22 28 658 939
123 11 320 705
1 26 925 731
22 3 290 800
5 1 293 788
9 89 911 401
5 73 840 245
4 31 809 246
2 194 492 995
26 3 979 229
3 28 658 961
111 89 597 633
1 1 307 891
