6 50
308 636 2 0 0
336 507 3 0 308
308 493 6 507 308
308 364 1 636 0
356 507 3 0 644
384 493 3 507 616
84 152 0 0
64 213 0 308
308 34 507 308
308 170 636 0
307 283 0 644
290 235 507 616
268 224 283 644
43 1 0 951
308 33 767 308
49 237 46 951
308 122 541 308
308 128 255 0
5 294 213 308
308 103 152 0
292 258 742 616
308 148 852 308
94 91 507 906
308 7 845 308
135 3 0 173
286 294 213 358
49 11 3 951
89 152 0 84
308 33 663 308
49 1 1 951
308 45 800 308
22 23 283 912
308 253 383 0
135 33 119 173
308 194 806 0
272 213 0 372
26 258 742 908
135 23 41 173
45 294 213 313
94 144 598 906
46 64 283 954
3 1 0 994
41 258 742 959
49 1 2 951
308 63 696 308
46 36 471 954
308 8 759 308
46 124 347 954
3 1 0 997
49 32 14 951
42 201 306 912
20 23 283 934
135 38 3 173
135 55 64 173
25 111 742 934
25 147 853 934
