5 200
598 440 5 0 0
602 307 2 693 0
402 693 5 0 598
398 307 4 693 602
598 253 1 440 0
4 193 0 0
29 244 693 0
154 184 0 598
250 24 693 602
56 1 440 0
148 35 693 852
156 102 440 299
24 98 431 598
1 39 440 109
41 155 845 852
150 100 693 267
105 2 431 817
17 253 440 75
17 64 440 92
118 27 0 267
170 160 203 0
137 247 184 598
16 63 937 0
1 63 937 137
1 57 937 169
1 12 666 817
145 37 0 64
23 44 937 140
156 247 184 835
186 253 440 113
219 42 624 598
82 92 431 698
87 101 523 698
21 27 666 896
97 63 203 170
23 219 693 417
97 223 217 267
250 44 906 602
2 51 431 790
51 1 581 817
119 42 217 364
12 27 363 0
4 9 566 109
143 10 363 27
1 12 937 138
19 161 0 752
71 1 681 817
14 92 431 803
13 85 581 987
118 85 581 869
64 10 193 0
21 6 994 169
1 247 184 991
213 217 0 385
3 247 184 997
13 41 482 790
8 57 937 188
2 19 645 109
16 57 937 172
5 1 937 163
52 81 585 817
69 49 373 27
78 11 431 922
58 81 136 267
15 80 440 59
105 253 440 493
4 46 515 109
14 32 390 0
65 57 937 202
4 5 561 109
52 2 582 817
5 51 431 792
3 36 479 109
5 57 937 197
1 7 681 888
1 36 645 111
1 247 184 995
1 3 645 112
86 58 266 170
1 35 937 196
6 62 938 163
1 2 679 109
6 39 441 0
195 40 0 805
68 15 666 828
100 88 912 417
29 63 373 96
1 3 184 996
58 203 0 209
13 67 373 157
1 57 937 171
27 18 422 0
104 151 542 299
138 119 65 805
1 1 937 168
23 6 994 244
2 4 689 109
1 1 581 868
15 27 363 12
1 36 479 112
25 80 912 554
3 247 184 992
183 2 420 364
3 173 520 59
1 54 937 139
11 3 678 817
48 8 992 554
6 51 431 797
32 67 373 125
23 80 912 579
238 244 693 29
234 18 422 364
250 189 717 602
8 57 446 922
28 81 136 325
37 88 912 517
1 1 440 56
76 91 693 440
4 22 390 23
5 12 681 889
2 12 681 894
53 23 161 752
29 4 436 96
13 173 520 62
20 252 441 24
2 174 266 262
15 252 441 44
1 7 686 111
74 193 431 624
27 193 0 37
107 155 845 893
23 19 981 140
150 190 810 267
1 70 575 109
3 39 440 110
92 68 324 170
90 73 542 403
100 163 184 735
24 213 480 0
2 174 266 264
1 3 991 139
18 39 441 6
1 51 949 138
105 148 433 817
1 5 688 888
1 45 648 112
26 52 572 598
2 141 431 622
6 58 266 256
100 84 347 735
51 2 420 547
78 4 442 922
24 43 529 598
38 78 503 922
162 128 784 440
195 25 40 805
148 117 728 852
1 13 937 170
83 25 666 917
69 18 422 27
1 8 681 109
115 203 217 483
1 244 187 996
1 5 681 111
10 92 431 780
9 32 390 14
10 10 666 818
52 1 584 817
10 2 676 818
1 2 679 110
1 22 972 196
34 161 0 771
2 2 664 109
38 102 440 455
17 189 504 92
32 81 136 353
19 161 259 364
57 119 65 943
90 78 615 403
33 193 0 4
1 38 950 170
145 166 37 64
2 13 666 109
1 6 988 170
83 2 691 917
32 101 523 785
4 10 412 23
1 80 440 74
40 78 503 960
54 6 994 190
2 1 440 57
86 91 693 516
118 109 27 267
219 27 666 598
92 48 392 170
70 57 446 930
121 63 937 16
3 70 575 110
150 17 793 267
71 11 682 817
1 174 266 266
1 8 681 110
100 161 259 383
1 6 994 139
250 50 950 602
