5 500
470 567 1 0 0
530 289 5 0 470
530 249 5 751 470
470 433 5 567 0
530 462 2 289 470
4 227 0 0
177 117 0 470
33 165 751 470
240 1 567 0
178 8 289 470
146 32 751 737
1 116 751 579
59 60 751 514
12 172 0 821
6 65 751 573
5 12 227 0
1 1 172 821
139 67 567 240
2 13 837 573
13 29 0 982
1 84 176 821
22 217 289 648
65 113 176 873
20 29 260 821
176 1 172 824
158 130 870 579
56 1 173 824
18 143 29 982
36 3 176 938
10 1 284 938
7 1 176 829
4 84 176 823
44 23 177 829
24 249 751 932
192 245 506 648
17 71 227 229
193 172 791 240
195 99 842 737
127 123 773 0
40 113 751 956
69 221 530 470
154 146 0 647
132 10 0 850
172 59 941 737
229 96 320 0
3 221 530 618
4 59 941 909
35 116 289 799
36 17 227 132
30 14 209 829
7 1 174 824
49 21 692 240
111 35 506 840
2 1 173 944
31 10 24 850
1 67 837 578
16 208 289 717
1 26 837 576
49 8 783 737
66 99 289 733
171 44 382 229
2 5 284 971
1 42 567 403
171 22 755 240
5 27 567 440
169 1 174 831
3 5 284 968
29 3 791 433
8 2 146 850
7 38 692 437
40 207 289 677
1 5 176 827
25 13 751 888
3 1 174 821
36 105 567 404
108 5 10 850
24 9 200 829
97 4 284 132
1 1 173 821
9 76 567 445
8 5 751 583
1 18 176 822
1 7 227 46
1 84 176 828
196 227 0 244
1 1 284 964
8 155 227 453
2 124 876 576
241 27 540 229
174 78 146 647
14 10 209 859
154 107 763 583
29 37 223 829
24 3 10 958
24 49 643 445
12 1 755 444
3 1 287 964
1 151 791 468
64 12 416 0
5 139 795 433
160 142 609 840
26 3 285 938
30 12 751 693
1 1 173 823
163 3 689 240
207 155 227 246
3 249 751 503
97 2 244 132
1 1 176 849
6 1 173 960
2 59 941 913
6 21 816 573
1 1 176 867
1 2 974 578
1 93 599 440
146 59 783 786
53 39 541 840
1 1 978 578
59 34 966 514
13 205 795 455
1 206 0 98
18 1 554 0
2 7 200 853
240 197 576 0
29 1 173 880
46 30 541 913
74 4 288 132
1 1 976 578
116 32 723 240
14 5 377 229
1 1 175 821
7 1 175 824
7 9 497 717
24 34 567 379
134 12 555 0
5 175 0 87
2 1 175 822
1 7 678 403
1 78 182 827
16 1 176 851
99 5 758 583
6 58 751 506
1 39 795 453
113 227 773 127
33 69 864 956
50 42 440 799
8 1 200 855
4 68 541 893
139 5 674 240
17 221 530 631
15 15 353 229
1 1 992 578
6 227 0 92
229 34 520 0
10 221 530 621
1 1 284 998
1 1 176 837
18 5 227 168
53 29 580 840
193 37 963 240
1 205 795 454
97 22 292 132
61 10 428 0
1 1 284 966
1 5 204 855
33 25 730 437
21 65 117 470
1 6 994 578
9 45 275 0
1 1 285 964
26 38 692 444
14 172 0 836
32 29 260 841
1 2 287 967
1 1 172 823
61 2 232 168
5 11 0 995
3 5 284 994
1 12 353 244
5 93 227 70
2 1 173 948
22 7 252 132
1 3 284 967
1 8 751 580
15 221 0 440
35 227 0 121
6 12 416 223
95 6 634 240
204 14 777 240
39 39 933 956
9 25 934 433
1 5 284 997
19 32 252 160
139 29 640 240
1 1 643 469
1 2 980 578
3 1 288 964
32 6 246 132
108 9 15 850
1 40 791 469
23 93 227 47
19 163 367 470
9 144 227 461
8 37 963 506
55 25 115 850
5 1 176 868
4 1 284 960
2 7 933 995
1 38 194 822
142 35 405 799
132 2 148 850
127 104 896 0
83 227 0 4
35 1 146 878
1 40 652 469
166 53 289 834
11 5 204 862
5 4 595 440
44 19 764 888
2 1 284 958
156 36 117 491
41 2 227 5
53 163 367 595
33 12 555 134
1 1 977 578
2 212 751 512
4 1 284 948
88 227 0 156
132 13 151 850
1 1 181 827
16 48 567 454
1 1 173 950
56 31 115 905
1 5 723 388
1 36 755 467
11 69 864 989
62 12 555 167
9 227 0 99
17 5 19 958
8 1 173 952
49 18 737 388
1 36 878 469
197 10 713 240
94 163 367 501
1 4 368 229
45 12 416 178
13 227 0 455
62 105 179 938
4 32 252 155
99 1 756 583
31 7 730 388
1 1 284 965
57 2 227 75
31 32 252 198
98 10 679 240
41 5 314 132
2 93 599 443
8 43 799 737
1 52 175 87
158 63 342 834
1 59 941 915
5 1 594 440
19 1 173 972
2 5 377 243
19 6 246 164
79 221 530 539
1 1 176 850
1 11 241 822
1 39 837 577
1 1 172 822
44 1 634 335
8 68 541 904
101 31 24 881
1 24 353 245
1 1 285 966
59 35 405 941
19 32 252 179
29 1 147 878
66 86 388 733
168 92 428 61
174 9 224 647
1 63 609 403
8 20 342 992
1 1 867 579
69 1 146 913
7 36 755 460
48 6 723 389
21 16 115 961
1 5 284 999
41 41 248 647
4 113 751 996
1 14 831 469
134 13 235 647
10 4 288 206
1 2 987 578
174 1 233 647
5 1 147 967
7 68 541 897
48 1 729 389
12 163 367 489
37 45 275 9
1 1 728 388
1 22 175 91
49 6 793 737
1 5 377 245
37 8 164 850
46 5 246 183
2 227 0 468
18 2 730 419
8 43 362 992
20 26 959 433
240 7 569 0
1 58 942 468
110 1 757 583
9 3 497 724
4 1 147 972
32 32 723 356
7 217 289 670
61 79 441 0
66 2 751 591
156 86 203 491
6 1 173 966
1 14 206 98
156 45 153 491
16 28 615 454
1 68 252 46
66 32 474 733
41 44 231 5
15 6 221 440
1 8 252 822
41 10 679 338
1 2 868 579
33 22 755 411
15 3 201 855
1 18 234 46
44 5 635 335
15 13 751 913
1 1 173 951
40 13 235 781
1 5 687 403
3 3 201 870
1 6 672 403
11 1 756 682
2 119 751 581
10 28 972 956
61 10 234 168
15 37 541 959
7 5 284 987
6 12 751 731
60 1 147 907
5 11 751 883
6 1 284 952
1 31 252 154
11 3 758 682
1 22 845 469
16 35 756 444
9 11 371 461
12 2 284 975
1 18 11 995
41 43 799 745
7 5 19 975
1 7 220 98
1 1 283 154
151 66 440 849
211 1 554 18
132 1 150 850
4 1 755 456
2 2 207 853
178 69 298 470
4 1 147 978
14 41 219 859
18 5 732 419
1 3 285 998
21 107 182 470
11 2 761 682
3 67 933 997
17 55 298 229
1 13 863 576
11 1 176 838
21 1 175 831
139 5 669 240
49 35 506 951
46 1 251 183
55 2 140 850
1 36 755 468
20 1 794 433
1 1 993 578
21 15 131 961
3 3 204 859
61 1 440 0
24 6 13 958
1 1 991 578
15 4 373 229
9 1 173 991
1 14 960 578
2 26 599 441
6 5 751 657
20 15 985 433
24 88 601 379
1 30 197 91
50 24 482 799
13 227 0 108
46 38 571 913
61 1 438 0
3 2 207 859
31 81 34 850
1 36 755 469
3 5 204 856
4 18 11 996
1 111 759 580
3 172 0 833
130 5 198 491
148 1 175 852
41 31 578 959
22 25 259 132
1 32 252 159
133 28 248 688
70 94 382 400
171 114 426 229
56 6 314 173
2 67 625 441
15 1 794 453
1 2 685 403
29 28 972 966
1 4 914 469
1 1 147 976
1 5 982 578
26 5 198 621
33 44 956 470
1 1 729 388
1 9 232 822
20 146 0 801
4 13 751 928
49 2 791 737
1 1 288 998
10 1 200 863
14 5 368 230
11 25 934 442
6 154 809 506
1 82 918 469
2 1 286 964
1 11 867 469
1 1 979 578
55 4 142 850
40 3 496 677
1 1 173 822
30 5 751 663
1 166 834 453
148 21 692 289
133 13 276 688
1 12 365 244
114 12 416 64
15 139 795 438
33 13 916 470
20 2 146 858
36 20 672 404
15 1 173 909
1 2 644 469
1 1 372 229
1 2 989 578
2 60 940 995
3 52 175 88
1 163 837 575
5 36 239 0
95 8 164 887
2 30 850 573
20 1 173 924
26 37 541 974
41 1 319 132
9 6 500 724
12 3 286 975
1 1 285 965
66 3 753 591
174 1 234 647
16 3 176 974
43 5 227 186
240 1 568 0
1 37 223 858
101 60 55 881
5 21 762 883
33 27 929 470
6 3 791 462
10 3 176 990
13 4 288 216
1 1 286 966
2 1 173 946
57 88 232 75
59 155 811 514
8 8 751 723
1 68 541 912
2 120 880 573
178 1 297 470
1 6 646 469
26 1 288 938
40 7 499 677
8 4 759 723
2 5 284 973
41 2 229 5
57 3 229 75
1 1 176 836
70 64 476 400
1 1 147 977
1 56 904 578
61 1 439 0
16 59 941 916
