4 200
557 499 6 0 0
673 501 5 499 0
327 501 6 499 673
443 499 1 0 557
8 1 0 0
58 191 499 0
61 213 499 673
171 72 0 557
29 186 499 292
136 127 0 319
327 37 712 673
8 293 707 292
94 176 499 530
38 293 707 483
264 210 790 0
135 31 499 327
327 61 749 673
207 176 323 0
159 312 187 557
119 20 684 327
54 296 190 319
80 318 5 0
48 5 684 482
28 5 690 0
125 16 499 804
15 1 486 319
57 3 709 0
97 63 127 319
327 142 833 673
2 208 499 624
292 14 695 0
297 5 0 22
9 293 707 601
4 253 5 308
182 135 539 327
37 19 499 462
229 166 0 728
45 20 166 728
36 95 499 736
22 2 1 0
1 1 0 18
1 1 0 20
32 293 707 641
27 75 594 736
174 293 707 309
36 10 684 446
1 1 0 16
24 32 594 780
196 157 555 804
264 5 690 28
196 3 528 804
196 10 515 804
50 9 499 242
50 41 522 242
1 1 0 21
35 22 685 292
4 40 499 499
17 33 673 780
292 74 716 0
112 24 323 207
158 9 490 319
1 1 0 14
2 68 499 151
22 2 3 0
1 69 499 664
42 1 186 728
1 1 0 17
2 71 499 149
94 6 709 198
19 40 499 506
11 65 258 308
228 227 5 80
12 118 594 767
1 1 0 19
18 63 127 539
90 23 810 673
48 141 499 194
25 1 186 885
238 3 487 319
1 118 594 763
1 1 0 12
130 1 486 334
49 2 704 327
4 293 707 300
13 1 186 872
48 50 640 194
3 40 499 503
24 15 658 780
5 20 499 525
37 7 166 963
33 208 499 628
7 208 499 666
43 63 127 496
27 24 688 736
41 312 187 716
196 3 525 804
31 75 707 610
137 2 709 57
21 210 790 264
85 24 531 804
19 13 694 446
43 87 567 151
1 1 0 15
74 20 166 773
4 2 709 194
6 186 499 321
12 68 499 182
49 24 531 951
135 9 530 327
2 8 499 626
31 23 782 610
5 157 5 312
1 208 499 665
102 127 0 455
85 1 715 198
235 23 810 765
171 115 72 557
14 21 518 462
71 16 499 929
62 24 531 889
243 312 187 757
1 118 594 766
80 63 127 416
4 5 711 194
50 76 563 242
102 1 186 770
42 10 674 327
63 10 674 467
24 32 626 780
31 195 805 610
2 1 186 910
7 96 162 312
43 36 654 151
2 157 5 317
1 1 0 8
33 2 704 376
5 20 519 525
11 3 694 465
48 8 690 482
2 118 594 764
32 36 499 772
6 13 694 476
48 9 698 482
3 1 0 9
20 191 499 129
70 1 706 376
3 208 499 661
1 118 594 779
27 19 669 736
23 21 518 476
1 4 568 664
94 32 675 530
29 68 499 153
71 296 190 486
19 1 186 946
2 23 810 763
24 6 706 780
4 5 166 847
51 293 707 521
18 5 711 57
113 296 190 373
7 210 790 285
29 59 535 772
35 2 704 411
7 33 673 797
1 1 0 13
2 197 510 626
11 10 697 465
2 213 499 734
98 10 674 369
50 14 508 242
71 191 499 58
33 1 186 967
50 51 639 242
34 1 186 912
43 166 0 957
60 25 975 673
2 2 704 409
2 3 507 626
80 9 490 477
15 11 175 963
2 14 570 149
48 1 689 482
99 20 166 864
37 2 173 963
112 152 347 207
9 1 715 283
17 15 171 847
89 5 711 105
93 1 486 464
1 135 572 664
2 106 584 149
21 135 539 509
2 1 186 965
228 91 232 80
49 1 706 327
3 59 535 801
22 11 175 978
13 5 166 851
5 293 707 304
29 293 707 572
30 5 711 75
57 4 712 0
267 25 975 733
