2 300
1000 624 4 0 0
1000 376 6 624 0
1 38 0 0
166 78 624 0
39 45 0 579
134 267 357 0
47 16 357 237
7 59 0 303
2 267 357 518
281 15 459 237
118 3 125 303
53 4 101 303
9 26 59 303
9 42 0 222
1 9 264 579
285 136 0 715
70 55 624 433
81 101 0 141
354 31 624 646
70 199 158 222
1 29 0 502
17 6 0 51
12 29 0 503
68 5 264 890
8 56 102 222
22 6 85 303
158 232 125 421
45 16 85 534
103 349 275 579
56 30 624 166
59 376 624 222
213 188 756 433
23 81 0 25
4 86 538 237
76 31 322 303
81 22 74 222
213 77 679 433
1 1 29 502
8 257 663 166
110 355 269 890
152 180 624 281
170 349 275 710
22 79 243 303
42 23 59 536
4 8 0 531
6 44 0 537
42 12 44 537
269 86 538 249
6 10 26 531
1 4 16 531
15 115 128 303
71 7 243 350
20 2 123 303
162 26 59 374
56 64 920 166
1 3 54 502
1 7 264 877
4 14 102 294
5 8 8 531
102 19 0 327
354 22 945 646
8 59 0 318
179 10 91 303
141 9 264 710
26 11 264 851
162 9 136 715
20 44 0 556
252 2 123 327
234 9 357 284
3 8 16 534
1 15 35 502
1 2 31 502
47 86 373 237
1 44 0 576
103 6 85 431
22 1 273 579
90 351 6 51
25 1 82 536
32 59 0 429
53 3 654 166
26 18 59 312
131 1 274 579
285 64 200 715
14 122 0 11
1 29 0 326
9 3 264 881
1 11 29 326
6 2 36 531
71 3 408 284
1 9 654 219
276 16 107 303
147 83 770 0
19 5 69 222
1 9 264 878
46 1 353 303
86 1 273 624
1 18 41 326
47 5 69 256
1 4 271 877
121 13 702 0
1 1 30 502
2 59 0 494
5 3 264 958
49 27 357 530
60 56 102 234
10 309 275 880
42 3 56 537
9 34 0 547
1 1 50 502
81 246 111 141
26 211 81 25
62 1 77 312
11 199 158 292
62 1 83 312
60 1 353 361
103 267 357 134
69 48 411 284
2 44 0 543
1 59 0 498
1 1 40 326
4 39 102 298
62 1 84 312
25 1 264 975
1 12 0 497
3 79 243 329
8 86 538 241
3 4 0 48
18 79 243 332
91 64 136 877
52 9 91 482
1 2 52 502
2 40 584 880
354 33 967 646
112 2 273 710
162 45 155 715
66 264 0 630
58 3 354 303
36 18 59 338
62 5 78 312
1 1 51 502
11 308 38 0
166 46 724 0
11 11 346 0
21 14 702 121
165 20 411 353
15 5 69 241
1 11 39 497
2 11 264 879
51 164 45 579
10 30 0 1
14 235 122 11
72 27 0 231
1 8 59 578
234 8 372 284
1 7 8 536
2 9 654 220
30 250 663 192
213 56 944 433
77 4 85 325
26 65 292 25
166 147 853 0
1 30 102 302
4 1 716 121
45 3 717 121
29 6 85 402
43 1 83 536
81 6 96 222
2 10 16 532
354 290 655 646
4 79 243 325
14 1 84 536
2 227 397 530
17 1 268 958
21 349 275 682
10 45 357 520
1 1 57 502
3 59 0 499
19 264 0 696
1 59 0 496
6 9 50 531
4 17 141 298
14 1 82 561
78 1 105 303
3 19 584 885
42 6 0 68
209 4 101 370
56 3 984 166
4 40 118 294
3 40 584 882
71 72 250 350
276 1 106 303
2 76 5 48
10 188 436 520
126 55 624 520
17 227 397 532
17 1 267 958
25 4 265 975
19 41 770 147
60 3 354 361
4 56 102 230
72 42 27 231
18 42 811 147
1 1 58 502
9 27 42 222
52 13 987 166
4 1 84 566
49 13 384 530
272 57 474 237
44 6 657 166
163 3 408 355
234 28 380 284
21 64 136 968
9 2 267 881
10 31 402 520
2 10 0 545
9 6 657 210
83 1 105 491
1 9 73 578
152 196 804 281
9 1 84 570
30 227 397 549
1 1 105 574
1 1 15 536
3 1 105 575
16 1 84 550
12 3 264 963
165 28 431 353
16 2 0 515
86 9 715 0
281 7 531 237
2 8 0 535
16 2 0 110
1 1 105 578
45 4 720 121
1 76 5 50
42 31 322 379
1 2 50 497
18 257 663 174
4 13 987 218
1 8 30 1
162 10 145 715
35 9 715 86
1 20 15 497
2 44 0 577
130 9 264 580
12 45 0 618
11 64 136 989
77 1 89 325
1 2 33 502
4 2 116 294
1 19 139 302
15 6 0 126
234 6 366 284
12 30 29 503
2 31 13 545
3 2 24 534
7 349 275 703
1 7 132 302
1 6 20 531
10 3 433 520
17 55 624 503
16 53 6 515
9 8 30 2
9 10 34 547
16 4 2 515
29 2 273 822
1 4 35 497
5 21 603 885
12 7 913 192
9 57 474 509
4 1 82 575
81 10 101 141
1 7 52 497
9 6 269 881
1 6 67 578
2 8 584 888
103 115 128 318
1 2 273 878
33 59 0 461
2 2 10 545
51 55 209 579
6 3 47 531
1 42 811 165
38 1 716 128
3 1 4 48
110 1 105 381
6 9 38 531
18 7 913 204
102 40 19 327
16 4 2 110
12 1 353 349
52 1 100 482
24 14 702 142
2 1 12 545
8 59 0 310
3 1 716 125
23 1 273 601
77 1 90 325
1 3 12 497
4 2 123 323
14 4 101 356
2 11 592 888
