6 200
510 259 1 0 0
490 385 5 0 510
510 359 1 641 0
490 273 3 727 510
490 342 5 385 510
510 382 4 259 0
251 245 0 0
258 101 0 510
252 70 641 0
14 36 727 510
148 177 385 510
245 221 259 0
50 10 0 768
5 11 259 256
214 71 385 756
254 71 484 256
203 1 638 256
256 20 480 0
232 167 218 768
75 1 529 756
8 2 385 970
2 3 638 501
61 156 571 510
70 9 33 768
200 239 641 254
139 43 529 861
24 4 542 0
80 73 565 256
249 222 259 261
258 169 216 510
143 27 565 367
214 13 512 756
182 33 0 818
115 10 555 256
43 259 0 251
9 7 555 489
1 44 398 970
62 30 561 756
14 9 389 970
30 32 529 831
37 36 727 767
21 2 562 489
7 5 398 993
23 1 481 261
7 6 518 993
1 9 471 993
1 2 385 988
7 12 561 854
256 15 513 0
7 30 573 854
201 9 528 0
5 1 385 995
75 16 545 756
214 4 525 756
30 120 880 254
199 259 0 311
256 20 577 0
11 7 555 498
11 221 259 245
75 2 543 756
55 185 33 945
249 2 482 261
121 120 607 861
41 1 481 284
1 47 471 995
56 1 481 418
84 156 571 593
251 14 245 0
19 3 542 24
60 99 42 768
22 91 398 971
231 163 826 510
139 27 572 861
22 1 489 971
31 9 565 336
115 68 880 344
10 30 547 0
10 3 547 14
1 40 471 994
64 13 500 0
31 13 530 756
18 9 530 813
233 119 763 767
7 1 481 495
27 120 880 459
1 28 471 998
17 54 0 294
7 120 607 982
5 8 282 256
55 3 528 201
233 118 882 767
26 139 826 741
2 124 603 854
5 165 319 256
214 56 456 756
10 27 550 14
245 2 639 256
16 39 490 971
10 1 564 489
254 134 774 0
22 95 727 628
125 5 537 0
5 29 290 256
7 3 638 503
9 102 101 510
50 4 29 768
139 4 822 628
42 1 638 459
34 19 10 768
7 2 387 988
1 11 507 993
22 156 571 571
82 95 727 685
1 42 471 999
79 156 571 677
12 205 54 294
231 11 989 510
96 68 908 0
7 68 403 993
1 7 480 993
104 8 727 524
55 11 531 201
4 124 603 857
56 239 641 454
4 30 547 10
35 45 727 650
235 115 101 533
177 77 141 768
36 166 561 818
128 44 597 0
254 37 711 0
1 4 511 994
2 47 471 996
117 99 42 828
10 4 385 978
1 20 603 856
158 92 908 96
14 63 763 510
76 1 481 342
2 79 747 524
62 136 591 756
1 44 485 970
1 43 442 970
26 35 965 741
115 52 948 344
8 2 387 970
1 104 623 856
213 35 542 43
7 5 389 993
9 1 481 325
16 3 10 802
162 13 500 94
11 1 564 499
2 70 641 252
21 1 481 474
35 50 772 650
1 7 555 509
6 1 385 989
5 12 270 256
98 186 385 658
107 9 33 838
7 5 524 993
128 44 597 128
19 32 545 24
196 36 727 804
76 5 537 125
31 63 575 336
8 120 607 992
1 3 515 994
118 10 555 371
24 120 880 486
104 4 735 524
14 115 101 519
148 9 562 510
4 1 386 989
18 4 539 813
1 5 513 999
30 13 500 64
5 3 386 995
9 13 203 510
96 14 976 0
139 8 599 861
7 4 394 993
104 8 739 524
16 4 13 802
3 120 607 989
1 14 499 998
31 1 574 336
96 10 990 0
6 1 481 504
8 1 481 334
9 9 389 984
6 39 490 987
5 205 54 306
2 1 481 502
26 13 530 787
143 46 592 367
12 1 546 0
12 1 546 12
1 5 513 998
102 79 747 526
254 26 748 0
2 1 386 993
16 12 17 802
1 20 487 993
60 120 880 284
