2 300
340 1000 6 0 0
660 1000 5 0 340
65 45 0 0
332 230 0 340
2 22 493 0
247 18 153 0
1 3 797 0
1 1 797 39
301 82 832 39
42 35 633 0
4 46 669 0
75 3 797 212
3 118 797 1
13 26 797 100
67 9 493 193
152 1 715 0
32 9 633 42
8 16 965 1
3 1 633 220
5 107 797 4
57 9 797 43
3 31 638 220
53 35 797 287
1 14 915 1
28 226 387 340
71 16 715 171
1 4 915 2
254 279 387 678
17 1 666 678
36 252 666 726
43 13 749 0
1 16 797 41
116 2 642 42
18 2 965 678
3 153 812 678
120 4 634 220
48 8 804 678
3 4 797 17
193 42 515 0
62 16 642 158
3 5 638 233
19 43 797 20
19 153 0 279
31 41 666 695
13 61 904 4
3 14 655 42
1 1 964 1
1 1 809 39
1 1 956 1
1 107 797 9
1 17 809 40
1 21 855 0
1 3 825 39
30 18 0 216
43 44 812 683
301 23 914 39
6 132 672 678
171 5 774 0
1 1 780 0
48 33 967 678
144 153 0 65
1 1 806 0
338 27 666 340
1 87 797 11
1 38 812 682
140 131 502 193
82 14 797 130
55 12 638 236
25 9 493 315
11 153 0 329
27 2 830 100
1 1 829 40
65 51 71 0
62 3 658 158
17 82 715 308
1 22 803 212
7 9 493 260
63 1 633 235
13 15 982 39
93 319 153 247
2 13 819 41
75 3 800 212
328 235 0 672
82 21 811 130
6 20 884 11
162 1 746 0
38 9 493 277
68 279 387 932
1 4 828 39
38 17 780 133
1 6 800 0
57 26 806 43
44 25 749 127
1 22 929 1
27 3 0 302
3 5 493 267
15 1 716 0
1 10 797 42
1 43 812 0
338 9 613 340
1 12 797 40
75 1 825 212
338 5 661 340
1 6 493 190
17 3 669 678
8 8 107 216
156 30 716 15
1 1 963 1
1 1 831 40
107 22 493 83
127 12 762 0
13 22 965 26
6 83 0 246
301 1 997 39
1 4 805 39
1 9 810 42
101 226 387 577
9 33 797 121
1 4 990 0
116 11 644 42
1 1 633 230
10 4 498 267
1 1 964 682
15 26 720 0
1 1 827 40
17 35 965 9
2 22 493 191
112 14 655 46
1 1 876 0
56 12 472 247
1 75 889 682
16 144 3 302
116 10 780 17
1 3 951 1
55 46 107 224
1 132 672 684
3 2 830 127
1 1 955 1
65 26 45 0
81 22 493 2
16 23 840 20
1 9 499 190
1 2 718 0
33 24 83 246
8 132 672 687
2 1 633 225
8 33 797 113
1 3 807 42
274 82 918 726
3 92 840 36
10 31 638 223
1 1 810 39
58 22 803 229
16 88 19 216
19 1 715 152
1 7 878 0
30 1 633 298
123 46 669 4
66 36 715 242
4 9 780 1
22 5 751 242
1 80 885 0
2 1 717 0
104 7 650 236
209 226 387 368
301 1 998 39
11 1 717 4
1 95 797 10
332 96 230 340
1 7 508 190
1 1 828 40
8 22 803 213
84 8 749 43
4 87 797 13
2 1 717 2
8 11 981 1
1 122 843 17
1 1 818 41
1 83 0 258
25 1 18 216
1 1 957 1
171 2 747 0
1 3 997 0
3 2 965 696
1 1 830 40
1 1 633 229
49 12 638 291
16 3 789 1
8 3 150 216
37 21 472 303
1 3 994 0
1 1 633 223
33 7 790 17
4 55 749 695
1 9 788 0
13 13 987 26
1 132 672 686
328 152 235 672
338 293 707 340
20 83 0 259
1 5 807 0
338 14 693 340
8 8 992 1
1 13 812 39
1 1 798 39
171 1 779 0
2 122 843 18
146 9 633 74
1 5 783 0
1 5 958 1
213 46 669 127
9 1 746 162
13 1 718 2
27 2 965 699
2 1 633 227
46 15 982 294
8 35 115 216
16 102 863 20
7 22 502 333
44 46 751 264
1 153 812 681
5 31 602 0
6 109 524 333
1 1 633 224
2 41 924 2
84 1 757 43
1 5 800 39
22 41 756 242
1 1 877 0
104 9 660 236
1 2 781 0
1 9 915 3
1 5 813 41
3 26 643 233
2 6 801 17
7 1 999 39
37 7 790 96
1 12 877 682
1 25 965 0
27 6 147 302
16 2 795 1
1 14 655 45
338 39 622 340
46 7 790 50
11 9 780 6
1 109 524 339
193 45 557 0
1 5 919 2
247 322 171 0
1 2 718 1
1 1 999 46
1 3 892 10
1 87 797 12
5 1 18 241
1 42 801 19
6 83 0 252
1 132 672 685
7 5 493 270
1 22 803 221
7 22 803 222
12 1 633 328
16 3 792 1
238 252 666 762
1 1 799 39
1 1 954 1
242 15 982 52
301 45 937 39
7 153 0 209
14 20 19 232
269 1 999 71
1 9 895 10
104 3 657 236
43 10 955 683
1 1 811 39
4 1 633 231
31 42 707 695
65 31 122 0
1 9 780 5
75 6 826 212
332 61 326 340
42 1 668 0
23 1 999 48
15 82 715 325
56 9 484 247
11 144 3 318
1 1 826 40
17 2 667 678
84 3 759 43
14 68 39 232
62 8 661 158
188 31 602 5
3 33 932 36
4 153 0 298
1 1 999 47
43 99 856 683
84 1 758 43
13 7 823 100
1 27 850 682
2 36 807 17
13 1 719 2
27 55 749 699
71 66 731 171
