3 500
264 590 4 0 0
1000 410 6 590 0
736 590 2 0 264
67 133 0 0
144 11 590 0
144 39 0 264
42 136 0 667
264 82 211 0
238 7 381 667
162 141 343 0
96 4 343 162
251 211 590 383
18 245 136 667
264 1 330 0
1 5 381 918
14 192 590 634
194 10 315 0
241 37 0 759
11 5 337 0
7 211 0 175
71 203 136 928
2 13 490 667
83 105 363 264
149 18 0 518
241 74 60 759
55 7 381 934
33 18 541 934
132 202 798 0
3 153 381 989
17 7 0 134
2 24 541 990
14 20 259 518
3 78 782 634
17 136 0 709
13 60 490 673
15 58 590 792
264 3 325 0
80 53 259 543
56 6 559 934
22 11 0 726
2 199 381 927
1 16 136 999
18 21 569 934
4 113 23 726
18 3 541 970
135 55 590 212
45 208 590 144
1 10 315 194
3 49 541 997
64 192 590 812
171 49 749 212
2 1 337 138
8 59 590 347
186 97 782 767
3 94 782 964
25 5 322 518
5 3 0 748
7 7 580 927
243 245 136 685
2 6 541 988
4 1 339 928
197 7 405 667
149 21 198 518
120 6 337 144
90 1 335 0
2 4 19 726
8 8 14 748
135 101 879 767
128 1 645 212
11 6 6 748
245 40 550 673
1 1 3 748
6 8 11 726
82 5 590 651
1 1 339 138
3 4 14 756
9 192 590 749
18 133 782 982
6 85 915 982
149 7 229 518
84 1 342 0
80 175 0 184
36 100 649 347
1 18 381 905
199 227 363 410
251 26 798 132
212 24 882 132
3 78 590 733
6 15 544 970
254 241 122 264
55 24 517 934
3 1 309 518
2 87 503 667
3 4 19 728
87 22 237 518
59 126 363 351
17 19 735 792
16 10 388 667
3 1 541 967
3 4 399 905
13 30 279 518
25 11 311 518
2 87 648 792
7 15 544 981
1 48 541 996
3 20 381 923
3 1 0 485
4 50 381 930
2 50 15 485
156 1 134 759
1 1 534 989
1 1 134 961
10 7 534 990
4 218 782 978
1 1 543 967
1 207 381 920
2 10 549 988
71 22 359 928
1 46 381 922
197 20 980 767
1 1 547 988
114 94 906 132
2 1 335 90
1 16 381 926
8 1 22 748
1 1 338 138
7 1 3 752
2 44 427 918
38 75 489 351
6 1 340 138
1 1 5 748
87 27 468 264
6 15 0 512
3 2 21 756
11 1 12 748
19 47 23 740
47 5 337 20
1 2 0 753
13 2 403 905
1 77 427 922
134 1 336 90
1 2 19 756
45 1 191 518
1 1 588 920
55 72 388 934
1 32 530 922
20 74 590 758
21 101 489 389
1 16 565 990
75 129 653 651
20 20 339 979
3 1 3 749
4 1 577 930
1 18 504 922
12 20 337 543
1 16 440 926
7 211 0 151
3 1 336 0
14 84 916 964
1 1 434 926
264 1 331 0
24 7 0 488
11 134 782 967
1 4 381 919
1 1 339 140
133 49 871 634
1 1 339 142
12 23 279 531
1 14 543 968
170 1 335 94
1 1 5 751
1 14 345 928
110 20 337 557
2 26 337 555
31 1 135 961
34 4 569 952
1 1 536 989
1 1 342 138
1 1 339 139
1 1 540 989
1 1 4 748
2 1 5 749
1 52 381 929
6 1 2 753
8 1 134 984
27 22 237 605
7 76 414 667
3 5 10 485
1 1 286 999
1 1 339 143
1 51 330 999
17 1 336 8
264 1 333 0
13 1 134 964
1 2 573 952
6 1 134 992
6 1 341 138
3 8 259 532
102 25 369 162
203 2 388 702
202 1 135 759
7 5 340 928
1 1 339 141
1 1 579 930
28 59 590 355
54 42 879 902
1 114 466 929
2 1 19 757
71 5 337 67
40 6 357 557
2 1 134 962
1 1 579 933
8 8 879 956
40 1 336 224
20 25 754 792
37 6 192 518
149 173 18 518
4 15 544 976
1 192 590 736
149 1 236 518
2 8 541 992
16 60 490 755
1 33 152 999
1 1 337 141
4 98 651 212
1 1 4 749
2 24 504 923
93 58 824 132
87 42 495 264
7 20 259 536
2 1 338 140
1 1 549 967
14 7 398 667
2 211 0 182
1 1 535 989
1 1 538 989
5 58 590 807
51 192 590 876
1 13 409 919
133 10 860 634
54 1 342 84
112 3 192 555
3 6 645 340
8 2 573 953
1 40 876 964
3 9 1 485
12 6 357 543
134 78 133 0
1 40 876 965
4 17 565 991
114 1 870 634
2 1 589 920
20 1 779 792
69 2 315 195
144 183 615 0
2 1 548 988
11 1 381 907
1 1 4 750
34 75 664 758
34 60 490 866
4 16 549 992
49 192 590 951
33 10 219 518
10 16 383 907
82 58 595 651
116 10 219 551
1 1 135 992
2 1 558 968
7 192 590 742
1 18 381 906
131 14 651 216
3 1 542 967
17 88 12 134
1 15 543 969
17 5 7 134
10 113 23 730
25 1 310 518
4 107 590 737
1 1 4 751
1 15 544 980
1 22 237 666
14 74 590 778
11 192 590 927
13 86 590 938
1 12 578 952
16 60 490 900
221 66 56 264
1 1 134 998
1 39 388 918
95 60 490 771
102 116 394 162
1 85 915 994
4 13 490 669
11 1 13 748
131 84 665 216
1 1 0 758
2 1 342 142
1 5 429 926
5 1 336 3
1 6 345 966
102 80 510 162
31 43 739 758
4 66 70 740
55 43 0 79
1 9 581 990
1 8 541 994
1 4 544 967
38 26 564 351
69 8 317 195
39 227 363 609
3 1 337 11
203 15 390 702
1 20 385 919
1 8 541 995
102 9 360 162
9 4 338 11
1 1 547 989
1 1 342 141
1 1 557 968
2 1 20 757
7 14 601 0
59 2 357 608
24 7 7 488
224 76 414 694
5 153 381 995
1 16 383 917
2 1 135 996
1 1 338 139
59 2 361 608
1 3 422 919
4 105 363 347
24 1 14 488
104 1 191 563
124 11 312 543
77 35 0 408
4 4 645 343
3 153 381 992
2 1 335 92
1 20 266 999
1 1 1 758
5 1 337 14
1 4 405 919
7 3 587 927
1 1 342 140
54 9 405 864
18 17 573 972
1 1 134 999
1 32 397 926
4 12 267 532
1 25 441 929
2 227 363 648
264 1 334 0
1 19 735 811
2 114 668 733
1 1 588 921
264 1 332 0
6 17 343 258
1 1 589 996
24 36 175 184
5 15 697 737
55 2 460 934
158 58 824 225
264 14 293 0
1 1 435 926
55 1 336 35
13 36 175 208
162 43 484 0
21 6 398 681
54 59 921 902
55 90 43 79
2 1 135 998
7 30 653 726
128 3 648 212
264 2 328 0
1 7 551 967
12 14 345 967
16 8 11 732
35 14 345 931
12 133 0 67
12 2 780 792
1 1 338 143
1 1 537 989
4 211 0 171
19 15 575 953
69 60 490 686
44 5 340 935
2 87 503 669
12 7 302 531
15 66 70 744
1 1 548 967
17 4 19 731
3 1 18 756
1 40 876 966
17 227 363 650
1 4 436 926
1 65 668 735
241 23 37 759
10 4 399 908
11 2 573 961
55 55 462 934
11 6 357 597
25 36 327 518
1 2 386 918
43 36 175 221
4 1 578 930
15 1 309 528
1 8 522 922
96 1 347 162
1 2 425 919
2 1 579 931
6 1 309 522
3 103 401 923
21 1 404 681
162 63 527 0
56 4 565 934
1 1 309 521
1 134 456 926
1 8 433 929
1 43 287 999
39 24 882 344
3 62 528 923
11 97 782 953
5 85 915 995
1 1 550 967
87 53 537 264
11 1 382 907
1 107 590 741
2 119 471 918
17 24 187 134
5 8 582 991
13 106 676 938
17 87 648 795
44 27 259 623
4 4 569 986
7 99 683 726
1 81 185 999
44 26 286 623
1 1 338 142
251 199 801 383
144 17 39 264
2 1 337 142
2 60 490 916
137 14 601 7
59 2 359 608
128 2 646 212
31 107 15 487
1 17 565 995
2 14 345 929
7 208 590 189
1 2 733 735
4 121 456 930
3 43 739 789
77 21 35 408
2 29 65 485
46 1 134 915
8 93 887 956
1 1 539 989
34 22 237 632
1 25 431 930
2 87 503 671
7 1 134 977
19 1 870 748
4 2 0 754
4 2 649 343
20 76 414 674
1 24 504 925
8 2 780 804
1 1 558 967
1 30 752 735
1 8 259 535
133 80 920 634
1 17 735 735
10 1 336 25
1 207 381 921
1 7 562 922
96 12 348 162
1 87 648 794
3 192 590 648
5 22 712 737
130 78 782 637
19 10 388 683
13 211 0 158
124 14 323 543
2 28 94 485
47 1 339 932
1 1 342 139
1 3 575 952
1 21 569 922
264 8 307 0
16 208 590 196
1 1 337 19
6 85 915 988
3 25 431 931
1 8 351 966
1 1 337 140
5 48 734 737
112 3 195 555
197 2 412 667
17 87 100 134
2 19 735 809
3 1 135 993
7 2 4 752
137 94 906 246
