4 100
550 534 1 0 0
450 612 6 0 550
550 466 1 534 0
450 388 6 612 550
308 293 0 0
14 297 0 550
301 216 534 0
162 7 612 550
111 291 321 550
144 388 612 856
56 291 321 889
169 265 0 308
217 66 293 0
249 223 534 301
245 261 739 550
1 23 321 961
2 99 513 961
301 169 750 0
36 99 513 964
1 186 321 945
306 98 641 550
1 136 344 961
205 321 0 641
187 17 265 308
37 140 757 301
25 154 321 661
25 154 344 969
228 75 475 661
228 62 550 661
51 1 612 712
1 4 484 961
1 23 484 963
154 321 0 846
2 29 484 966
3 1 480 961
1 22 484 962
8 2 482 961
6 169 344 994
73 45 0 477
5 1 344 962
16 15 498 969
3 191 739 795
18 8 633 550
30 154 321 686
1 29 484 968
2 29 484 964
1 1 498 961
1 8 488 961
24 23 321 976
27 87 178 477
3 321 0 638
154 10 619 550
2 136 344 967
1 1 512 961
162 4 629 550
12 291 321 947
144 28 613 712
8 1 481 961
14 23 321 962
212 243 757 338
46 87 178 504
1 52 507 945
30 1 612 763
1 2 496 961
74 321 0 564
173 154 321 716
21 261 739 835
1 6 507 963
55 269 265 495
34 261 739 801
6 70 930 795
1 99 513 963
301 81 919 0
2 291 321 959
1 105 507 946
37 5 957 301
144 8 633 568
1 186 321 946
1 130 739 798
5 1 480 964
91 241 293 217
1 13 499 961
9 15 498 985
2 191 739 799
1 3 869 798
217 127 407 0
37 60 897 301
73 94 84 477
108 48 359 0
14 24 297 550
109 48 359 108
1 31 559 945
5 10 619 704
73 39 45 477
1 2 506 962
1 58 872 798
63 1 612 793
3 10 619 709
37 31 962 301
1 22 590 945
187 252 282 308
5 135 345 962
37 7 993 301
1 5 508 962
