5 400
476 501 5 0 0
250 499 2 501 0
524 501 6 0 476
456 499 6 501 544
294 499 6 501 250
45 41 0 0
97 102 501 0
225 102 0 476
46 130 501 544
178 249 501 250
5 250 750 0
250 1 603 0
1 1 750 247
13 41 750 90
64 33 293 0
236 56 0 237
15 4 140 0
11 73 220 0
132 12 140 90
14 186 0 701
19 68 293 234
181 31 186 701
57 16 140 33
120 1 293 328
150 4 481 0
1 1 750 249
41 73 56 237
1 20 0 473
135 250 750 250
1 25 25 473
1 1 802 249
6 71 140 24
105 22 220 132
49 185 750 103
55 104 397 701
105 72 68 0
1 1 25 475
1 1 140 30
28 34 293 448
61 1 0 45
2 3 20 473
2 175 293 216
1 1 995 249
1 178 750 248
42 250 750 159
13 8 210 33
1 51 751 249
1 1 27 475
6 3 152 90
85 250 750 5
1 1 809 247
39 15 23 45
1 1 996 249
1 1 26 475
4 1 468 216
1 1 813 247
102 135 615 0
13 15 501 156
24 45 175 0
71 208 293 257
2 15 8 45
1 1 25 474
45 27 41 0
35 5 48 45
12 45 615 127
13 89 795 90
56 3 1 45
13 26 615 108
21 6 220 105
147 21 199 90
1 3 28 475
42 67 501 208
152 3 48 85
78 1 57 85
40 9 59 45
105 1 604 0
13 4 791 90
145 11 604 105
225 200 301 476
1 7 845 249
1 12 934 249
33 1 0 195
15 65 935 103
1 1 26 474
1 1 52 473
1 1 815 247
1 13 220 126
10 102 501 97
1 1 752 247
1 5 20 475
42 21 568 208
214 188 750 544
1 1 152 0
147 3 155 90
36 102 501 172
13 29 884 90
112 6 58 85
57 53 156 33
25 70 501 107
1 2 54 473
105 3 612 0
1 3 40 475
244 249 501 756
192 3 38 45
58 15 23 84
160 10 8 77
14 13 468 220
1 80 140 32
1 25 756 247
6 15 242 126
1 4 36 475
166 249 501 590
23 10 361 234
1 7 48 475
1 80 140 31
9 12 140 15
27 1 57 163
5 1 211 24
7 185 750 152
1 33 961 249
1 1 23 473
5 250 750 239
2 3 149 0
49 4 64 85
42 5 589 208
1 1 751 247
6 93 615 102
46 11 631 544
92 1 1 101
1 3 149 5
1 3 152 236
1 1 946 249
57 1 218 33
242 250 750 758
14 250 750 201
72 6 41 45
1 4 852 249
1 2 23 474
1 20 0 474
29 9 594 208
15 3 140 222
1 21 936 247
1 1 999 249
1 6 58 233
111 135 615 139
1 2 46 474
28 174 327 448
207 41 129 237
32 164 129 444
25 1 57 212
3 3 149 2
1 65 155 30
127 38 68 110
4 86 914 90
9 47 935 118
16 54 293 218
1 3 217 24
23 22 453 234
214 62 938 544
56 12 220 49
7 1 457 218
1 3 37 474
1 2 43 475
103 4 64 134
1 2 0 475
1 11 470 216
69 3 41 117
23 60 232 49
44 7 210 46
202 104 397 798
1 47 816 247
1 2 754 247
1 4 212 24
160 5 18 77
1 1 32 475
21 9 152 3
1 26 957 247
36 1 58 197
1 1 789 247
5 7 41 186
2 107 750 244
1 2 46 475
9 1 46 117
1 1 53 473
30 15 8 47
16 87 516 156
1 3 33 475
118 211 186 882
1 1 753 247
1 3 43 474
1 1 55 475
72 1 47 45
56 1 292 49
1 30 863 247
6 86 914 97
152 2 51 85
1 1 997 249
5 11 48 80
1 4 28 474
9 2 53 45
19 6 53 61
234 9 492 0
1 26 293 253
21 27 226 105
1 7 371 234
31 65 935 128
44 1 217 46
23 1 500 234
52 189 750 492
1 92 750 246
5 58 68 105
1 3 958 249
22 250 750 215
56 1 4 45
15 4 148 222
69 1 47 117
3 81 914 94
1 16 4 475
19 56 694 108
1 1 57 205
17 60 232 72
225 199 102 476
57 1 209 33
1 1 50 473
65 6 486 0
14 207 294 328
12 26 660 127
1 1 27 474
45 6 41 192
84 5 481 150
1 3 40 474
36 5 59 197
5 14 220 127
109 249 501 435
1 9 948 249
89 1 0 106
56 2 6 45
9 3 149 6
9 11 457 225
1 1 211 29
48 1 219 33
198 73 56 278
107 178 750 385
16 110 347 218
1 1 154 30
147 41 158 90
24 102 501 132
1 1 469 216
12 64 686 127
1 1 994 249
21 7 256 105
140 3 152 96
1 5 32 474
10 18 982 118
1 3 857 244
136 2 6 101
16 1 44 117
29 186 0 883
1 2 2 475
181 180 217 701
46 71 642 544
169 6 486 65
152 4 53 85
3 68 293 254
1 9 233 126
2 2 58 234
1 1 923 247
46 37 713 544
21 30 263 105
1 1 814 247
1 11 819 249
15 4 145 0
88 156 0 912
6 22 615 121
5 9 459 218
42 104 397 756
6 1 57 206
60 1 46 126
103 186 0 780
1 1 998 249
1 158 842 246
6 7 725 102
1 14 983 247
1 8 811 249
7 75 501 428
105 7 605 0
1 6 926 247
52 24 976 492
1 8 781 247
95 15 23 142
5 5 212 25
7 22 728 428
1 72 928 248
190 123 170 237
127 18 109 110
1 2 62 234
1 1 844 249
7 6 53 54
9 2 57 45
7 152 576 428
1 16 793 247
1 11 470 219
1 98 857 245
5 14 126 105
150 1 485 0
22 82 371 235
1 9 459 223
5 8 234 127
1 1 924 247
8 14 656 108
1 1 792 247
12 1 913 90
3 1 469 217
136 1 5 101
3 15 153 0
1 57 637 121
1 42 319 253
16 32 571 107
6 1 219 81
44 3 1 193
3 15 501 169
3 5 995 94
1 1 31 475
5 3 217 25
1 1 791 247
1 30 893 247
13 15 641 108
1 1 935 127
69 1 45 117
5 32 656 116
5 6 688 116
44 1 4 193
24 1 44 162
45 1 47 192
92 3 2 101
17 123 170 427
6 36 257 126
1 1 957 249
127 13 127 110
1 1 811 247
3 1 219 87
21 3 253 105
1 1 51 473
1 75 378 234
1 8 803 249
1 140 860 244
5 57 637 122
13 1 44 149
127 3 106 110
1 1 913 102
1 78 856 249
3 18 732 102
15 5 143 222
65 186 0 715
3 7 168 0
1 1 24 473
152 188 293 64
1 46 936 127
1 3 997 247
1 7 48 474
6 17 708 102
1 1 810 247
1 10 142 30
106 207 294 342
1 1 790 247
21 14 161 3
2 2 62 235
16 1 44 133
105 17 276 132
9 32 571 123
15 1 57 190
64 155 326 0
1 1 55 474
3 18 732 105
1 7 41 191
13 9 594 237
1 4 58 236
1 1 947 249
52 37 939 492
107 72 928 385
1 45 955 245
2 2 60 234
1 1 141 30
1 1 45 475
23 25 475 234
2 250 750 237
105 34 242 132
38 73 220 11
1 1 812 247
15 1 144 0
9 2 55 45
1 1 925 247
1 9 459 224
88 30 156 912
1 4 932 247
1 1 216 24
1 2 152 30
8 24 670 108
16 60 232 89
9 1 0 228
7 1 458 218
2 11 470 217
56 1 5 45
1 14 830 249
2 1 152 1
