5 500
478 513 1 0 0
288 487 5 513 0
522 513 5 0 478
466 487 4 513 534
246 487 3 513 288
54 83 0 0
104 36 513 0
35 95 0 478
1 59 513 534
10 105 513 288
27 4 0 671
49 175 338 671
1 7 757 534
19 246 754 288
27 147 754 503
211 1 718 288
19 14 754 462
205 5 727 288
43 244 513 757
31 99 901 503
2 3 727 522
24 11 754 307
22 2 513 544
199 2 735 288
111 91 170 671
6 180 513 538
27 2 735 487
9 7 170 894
1 15 730 522
41 3 768 462
10 22 170 957
1 56 754 530
91 191 322 478
4 34 723 534
4 160 804 462
155 97 768 307
1 1 727 533
104 133 338 896
1 1 728 533
110 159 95 478
229 182 757 771
107 23 0 564
1 2 513 535
10 168 170 838
3 101 520 544
9 127 757 762
1 1 621 534
6 30 322 623
20 1 754 331
1 1 632 534
4 105 338 849
199 1 743 288
108 20 621 544
81 35 303 671
235 8 257 0
1 39 804 484
190 6 0 810
35 2 738 487
107 8 54 564
1 1 647 534
16 3 67 564
87 172 757 541
188 1 737 288
2 3 693 538
14 10 95 588
1 6 626 534
3 33 804 485
4 195 805 534
1 5 0 513
5 9 754 481
43 28 67 580
6 4 737 476
110 68 254 478
107 13 38 564
1 1 670 534
24 2 765 307
2 168 170 848
48 1 153 588
29 2 727 493
33 38 621 710
226 205 513 308
1 1 729 533
1 1 669 534
66 9 513 834
7 168 170 993
27 14 0 515
19 168 170 875
10 5 763 481
128 164 6 810
32 242 758 0
1 29 805 538
9 1 737 487
1 1 763 499
33 133 170 805
5 9 757 535
17 9 718 499
10 1 754 493
38 136 621 668
1 47 676 534
1 4 794 534
107 1 62 564
4 8 754 435
2 5 763 501
46 17 303 792
5 76 153 666
14 50 0 240
130 19 261 671
3 136 621 743
9 6 754 442
37 2 23 564
3 2 754 439
1 9 754 486
1 98 754 533
2 29 530 535
15 196 804 488
15 242 758 154
63 104 205 894
1 1 642 534
48 47 352 623
1 2 578 534
10 5 399 623
10 58 455 623
1 134 866 538
6 2 735 514
1 1 756 331
1 1 623 534
26 131 758 60
1 1 793 534
41 10 792 462
17 50 0 542
3 11 261 801
11 30 322 631
54 14 322 569
1 40 0 514
1 122 621 746
1 2 624 534
59 10 177 894
34 127 513 800
12 2 745 522
8 24 621 652
3 91 810 530
1 1 675 534
36 16 251 588
229 61 939 771
20 8 760 442
8 168 170 985
104 3 757 331
1 11 513 536
3 142 581 535
48 7 448 623
5 136 621 660
1 2 805 540
1 4 764 499
28 2 170 929
1 10 852 533
4 9 272 801
18 18 320 792
9 1 734 493
1 1 763 500
1 8 755 493
17 1 734 505
28 87 251 957
2 53 95 620
32 48 105 588
63 29 309 894
36 1 754 351
4 196 804 480
110 244 257 235
1 23 770 534
29 3 731 493
8 15 730 526
1 1 727 531
166 235 522 834
1 1 864 533
73 1 756 352
1 3 727 532
143 1 732 288
184 85 513 104
22 40 55 542
104 42 471 896
191 1 513 566
48 6 67 623
6 1 767 307
7 3 727 524
1 7 53 513
1 136 621 667
37 111 889 60
1 1 728 531
19 2 741 288
1 9 652 534
4 28 177 953
1 1 622 534
1 1 572 534
119 13 758 169
14 5 148 620
4 1 756 425
5 10 0 559
1 9 766 535
18 28 659 710
1 2 755 502
2 154 513 298
1 1 52 513
16 19 70 564
1 1 577 534
1 3 635 534
1 61 805 539
8 2 755 494
49 29 95 622
1 2 798 534
76 55 771 169
119 12 826 169
5 45 10 559
3 6 737 482
6 5 50 542
48 41 407 623
3 3 765 439
130 15 280 671
33 40 698 710
11 12 743 746
28 1 176 929
31 71 251 624
28 59 192 957
1 2 526 535
11 71 251 655
8 9 95 602
134 108 149 0
12 9 718 522
59 3 190 894
1 44 956 484
211 8 719 288
165 192 321 0
107 4 63 564
26 71 0 698
3 145 855 485
20 1 755 331
11 1 741 413
33 9 738 710
54 150 363 569
28 4 172 929
2 104 654 104
1 1 633 534
150 2 733 288
6 1 741 476
6 1 748 522
15 4 659 728
3 22 559 535
55 2 733 438
50 2 741 426
1 46 820 540
61 56 265 0
1 4 757 540
10 19 129 622
1 4 757 494
1 1 767 330
28 3 320 810
107 13 25 564
18 1 104 602
7 7 170 922
199 10 744 288
2 12 193 894
30 98 153 636
1 39 582 534
9 5 148 634
144 56 265 61
52 162 838 169
84 1 755 351
1 1 899 533
8 35 663 728
1 64 693 543
1 12 843 485
2 122 621 750
1 2 528 535
104 6 762 331
8 131 758 146
1 10 810 540
3 1 767 326
47 70 443 849
106 2 741 307
10 51 667 298
3 15 730 523
57 12 193 896
1 6 524 536
27 70 25 515
2 2 741 424
1 1 663 534
1 111 843 484
5 9 718 516
108 40 717 544
67 162 838 221
1 5 761 540
1 8 858 538
12 5 749 522
184 56 598 104
8 6 89 564
2 136 621 665
210 101 520 547
95 243 757 628
12 50 272 588
6 11 687 710
1 11 513 537
1 1 747 522
43 55 771 245
5 56 265 205
29 30 322 642
1 1 748 533
28 5 148 643
3 64 693 540
2 2 735 520
35 6 740 487
2 12 843 486
7 196 804 473
114 104 654 174
48 22 73 623
186 149 0 54
129 36 338 720
1 2 954 484
1 2 803 534
1 4 764 500
3 15 323 810
48 3 404 623
11 10 964 462
1 6 757 502
1 3 95 610
12 1 732 431
1 2 50 557
1 2 800 534
24 50 272 600
7 160 804 466
32 5 124 622
11 2 755 746
41 15 777 462
41 6 771 462
10 6 98 610
1 5 762 435
238 207 50 240
60 131 758 86
48 5 246 588
41 2 802 462
1 5 50 558
1 3 807 540
4 39 766 537
1 1 756 431
3 8 756 439
8 6 89 572
1 33 62 513
23 91 170 782
1 8 834 538
9 1 754 387
1 2 673 534
2 134 866 539
2 136 621 706
1 1 638 534
9 5 50 548
4 1 754 396
1 16 842 538
1 6 764 534
1 5 664 534
11 26 974 462
59 3 187 894
6 1 95 614
65 47 953 541
155 135 865 307
14 111 889 140
25 56 265 210
22 2 518 544
1 1 729 531
15 1 754 420
27 11 14 515
1 39 766 536
191 6 514 566
2 61 696 538
3 3 754 490
3 6 837 485
28 242 758 32
243 12 501 235
43 105 338 853
2 9 754 487
1 2 645 534
46 1 732 447
9 116 884 762
35 8 746 487
48 92 154 588
1 11 515 535
104 2 760 331
8 112 645 652
1 6 737 485
70 2 23 601
1 55 40 514
1 4 737 486
7 35 663 736
54 66 83 0
5 93 229 666
9 108 149 231
1 1 756 433
1 1 671 534
11 1 767 315
112 99 71 698
1 2 741 486
20 1 756 332
1 9 754 489
68 104 654 106
2 1 732 443
104 209 549 0
8 2 761 494
6 6 754 456
224 50 0 254
1 2 580 534
1 30 775 535
107 3 51 564
97 108 149 134
3 6 757 490
100 9 513 900
1 2 60 513
20 1 754 400
2 1 767 313
25 168 170 850
38 27 455 633
26 71 0 724
1 1 756 434
24 15 323 814
62 164 6 938
27 166 4 671
36 5 267 588
5 1 748 528
1 1 898 533
129 137 376 720
87 24 929 541
188 2 738 288
33 10 747 710
4 22 281 801
23 1 737 499
22 3 515 544
33 35 303 759
2 1 756 429
1 1 756 432
3 1 737 496
1 6 524 537
2 30 322 629
1 1 672 534
5 35 303 752
2 1 732 445
1 2 661 534
1 1 634 534
6 1 742 476
4 1 747 530
6 2 96 614
7 4 757 495
2 56 754 531
9 19 129 662
1 3 639 534
3 1 764 439
3 11 687 716
1 1 900 533
1 4 573 534
4 1 767 435
3 122 621 747
8 154 513 300
5 6 754 451
1 1 734 504
2 1 734 502
17 5 124 654
5 122 621 752
130 8 295 671
19 2 170 903
10 100 618 288
39 243 757 723
38 31 482 633
1 2 862 533
1 1 747 526
3 3 95 611
3 1 747 527
1 3 52 557
30 19 129 632
1 47 5 513
1 29 530 537
2 136 621 708
29 2 729 493
1 1 802 534
8 5 763 491
9 11 687 719
129 2 374 720
1 1 767 329
70 192 321 165
38 5 399 633
1 1 747 523
1 15 323 813
43 111 889 97
133 244 257 345
3 5 762 436
11 1 742 413
2 35 303 757
2 1 747 524
1 33 865 533
22 47 953 606
188 1 740 288
34 117 640 800
1 4 648 534
108 76 641 544
1 9 718 521
60 71 0 750
1 2 643 534
54 27 336 569
18 22 170 967
19 5 172 903
1 11 261 804
