3 100
638 472 3 0 0
362 1000 6 0 638
638 528 1 472 0
260 55 0 0
3 102 0 638
304 225 472 0
292 148 472 304
294 176 0 344
77 213 341 638
141 1 0 682
7 284 641 638
118 70 697 0
66 134 330 0
208 7 641 669
6 73 641 648
285 155 341 715
21 163 811 648
44 239 102 638
9 19 554 638
21 1 974 648
8 87 554 691
9 4 996 648
2 75 925 638
188 235 765 669
21 16 980 648
318 27 312 682
2 91 0 260
186 250 697 118
13 39 641 656
27 102 0 655
3 75 925 642
334 152 814 304
79 330 0 265
318 5 223 682
66 296 176 344
186 4 947 118
16 27 554 699
318 2 339 682
219 2 465 0
92 135 330 152
186 27 959 118
57 135 330 244
318 222 1 682
152 1 464 0
5 188 91 260
334 6 994 304
5 50 280 260
186 6 951 118
318 55 257 682
13 131 680 656
16 14 627 699
42 342 472 596
334 28 966 304
118 91 767 0
21 5 975 648
344 1 471 0
118 139 858 0
2 75 925 640
228 296 176 410
16 1 997 0
2 2 957 118
12 1 998 0
260 275 55 0
344 1 467 0
292 194 620 304
318 28 229 682
184 2 957 120
43 135 330 301
285 145 496 715
16 46 581 699
5 1 279 260
1 70 0 262
118 1 999 0
123 124 641 877
3 284 641 645
3 21 70 262
56 134 330 66
45 1 228 682
208 33 732 669
1 70 0 263
89 1 998 29
1 70 0 264
125 2 465 219
17 1 998 12
143 235 765 857
2 170 641 654
2 75 925 645
273 1 228 727
1 75 925 647
177 1 0 823
30 134 330 122
102 1 997 16
53 68 573 638
6 97 714 648
14 92 0 641
186 14 986 118
344 1 470 0
12 4 996 657
116 84 648 669
344 2 468 0
92 84 648 785
14 10 92 641
44 19 554 647
