5 300
620 272 1 0 0
380 399 4 0 620
620 334 2 666 0
380 601 3 399 620
620 394 6 272 0
112 73 0 0
1 4 0 620
109 28 666 0
190 269 399 620
132 236 272 0
83 1 666 363
250 145 708 620
86 46 666 159
8 1 925 0
73 134 866 159
230 101 262 620
167 6 743 159
159 193 732 0
11 10 925 65
25 25 743 326
28 65 262 869
23 106 754 159
94 33 0 745
103 44 355 869
49 1 262 929
12 123 743 351
74 122 272 306
34 105 866 232
7 112 754 182
111 71 52 745
207 70 930 363
225 21 229 745
95 24 866 268
74 272 394 306
205 3 47 745
68 23 394 380
4 3 252 745
15 65 935 65
1 134 866 266
28 88 267 929
31 75 925 34
20 40 394 556
190 171 399 810
109 29 272 380
257 87 724 363
190 104 570 810
2 2 252 989
32 1 971 232
53 41 188 745
23 4 860 159
5 2 864 159
78 3 925 76
4 77 666 346
249 36 363 620
190 11 668 620
60 1 327 869
2 1 328 869
26 71 925 8
55 16 708 870
11 101 262 850
43 272 394 513
2 7 925 154
78 3 928 76
8 17 950 0
8 112 754 305
115 37 52 856
7 2 932 76
131 1 700 620
190 7 674 810
2 1 864 174
133 171 495 380
190 32 508 0
74 22 666 546
9 21 935 97
255 1 50 745
7 3 679 620
1 96 754 324
130 214 786 870
57 22 328 872
4 22 978 232
30 3 717 363
103 1 701 620
17 65 935 80
4 35 359 380
183 4 720 363
11 3 254 989
93 258 4 620
95 236 272 211
59 1 700 751
6 236 272 132
101 21 666 245
4 2 252 995
8 1 865 174
62 44 956 97
7 77 666 356
2 28 262 927
181 117 0 347
4 1 864 176
2 4 996 8
4 14 229 988
26 12 0 528
2 4 996 11
5 4 996 29
37 46 620 556
101 50 693 245
2 112 754 314
5 28 272 206
3 2 337 869
11 4 996 18
74 11 713 546
2 6 313 927
69 3 717 393
133 64 417 380
5 12 934 0
113 14 481 380
8 1 864 166
3 2 333 869
31 10 252 757
12 45 0 554
87 7 701 723
25 82 784 326
122 3 0 623
122 1 3 623
12 2 258 745
78 1 931 76
74 25 688 546
112 2 272 489
66 34 207 554
86 7 736 159
71 1 265 929
34 2 972 232
10 3 255 745
32 35 359 588
3 36 300 206
71 3 932 83
57 5 350 872
159 38 694 0
66 162 45 554
44 126 394 576
2 1 326 927
5 125 336 206
255 1 51 745
183 44 667 363
235 272 0 112
13 87 272 601
59 158 508 247
21 4 974 232
2 1 864 180
43 88 267 957
15 16 768 326
2 2 864 164
3 16 339 869
95 77 923 268
180 9 699 810
30 22 978 236
22 39 754 272
54 45 0 566
168 24 853 620
10 9 699 990
58 236 272 148
61 23 394 452
109 58 301 380
86 24 712 159
56 16 256 0
78 1 666 468
111 40 123 745
1 186 434 556
32 258 4 713
18 23 229 970
2 2 252 991
190 18 682 620
1 1 252 993
1 1 0 622
2 87 272 618
20 28 666 139
5 3 932 154
1 1 1 622
161 7 0 839
30 65 262 897
34 2 679 627
1 134 866 267
94 6 33 745
2 23 290 927
1 1 252 999
2 3 255 755
75 78 708 925
183 6 711 363
1 5 328 871
11 5 257 989
1 47 754 325
204 35 359 384
33 68 793 272
1 1 3 622
27 45 620 593
70 126 540 0
8 16 229 992
33 5 861 272
39 3 717 462
12 1 260 745
1 1 253 993
181 155 117 347
82 147 853 788
10 16 768 341
112 78 281 489
22 1 666 446
3 9 243 988
1 1 2 622
90 2 250 745
1 4 0 621
27 1 665 593
83 112 754 189
13 4 974 253
103 6 702 620
66 31 241 554
135 2 250 835
1 1 253 999
16 1 687 245
53 21 935 106
71 1 266 929
4 87 272 614
29 136 52 971
1 2 801 325
6 1 934 76
190 18 681 810
112 183 73 0
3 1 335 869
101 3 690 245
2 7 319 927
257 119 811 363
1 1 934 82
50 3 47 950
1 1 971 264
2 1 261 745
199 10 252 790
1 16 850 324
1 63 803 325
94 8 39 745
2 4 329 869
4 23 394 448
1 1 253 994
2 36 300 209
16 3 262 978
159 1 681 627
7 112 754 316
8 4 946 0
8 7 245 992
1 1 971 265
6 1 261 751
33 2 688 245
8 8 926 0
45 3 717 501
202 41 188 798
1 4 996 10
8 101 262 861
161 40 7 839
30 26 666 109
8 3 252 749
8 22 967 0
1 1 252 994
1 9 243 991
4 1 865 166
2 1 261 749
10 236 272 138
177 126 540 70
1 7 754 313
112 7 274 489
167 5 749 159
20 14 481 493
3 12 934 5
85 1 687 261
50 70 930 570
111 25 163 745
11 39 754 294
21 1 681 789
28 44 355 972
49 2 263 929
44 100 520 576
3 1 681 786
4 1 865 170
5 4 996 13
149 2 679 661
1 105 761 313
5 47 461 206
95 33 890 268
2 1 336 869
56 16 256 56
68 2 688 278
55 19 724 870
6 43 743 870
168 123 877 620
19 186 434 557
1 1 336 871
30 2 692 109
8 11 989 0
49 43 743 876
2 10 252 788
6 3 262 994
2 1 261 747
57 32 508 190
26 38 234 528
3 7 925 156
1 112 754 323
115 99 89 856
6 77 666 350
26 222 12 528
