2 100
572 1000 6 0 0
428 1000 2 0 572
300 341 0 0
428 35 0 572
13 52 341 0
46 417 583 0
404 313 583 168
367 17 341 205
354 181 521 572
13 242 341 166
11 242 341 135
428 92 407 572
4 133 341 189
387 120 69 572
8 115 341 195
24 86 0 300
367 125 376 205
23 255 86 300
2 45 456 195
82 44 0 345
10 72 511 195
135 45 393 0
66 8 567 0
3 242 341 163
5 55 456 198
44 255 86 528
1 10 501 195
308 157 835 572
135 129 438 0
428 144 189 572
41 120 69 959
92 6 35 572
21 10 35 934
69 16 567 66
122 3 341 13
1 7 341 203
1 45 341 204
45 26 35 955
428 15 506 572
45 3 61 955
10 242 341 179
122 48 344 13
78 1 392 13
8 1 392 91
2 242 341 193
1 54 373 203
1 15 456 197
428 29 333 572
21 86 0 324
1 55 456 203
428 3 499 572
199 255 86 329
367 1 375 205
1 18 483 197
21 1 501 205
1 29 427 203
367 78 505 205
60 314 521 926
26 1 392 106
45 5 64 955
15 8 61 934
428 4 502 572
3 1 392 132
404 104 896 168
1 55 456 204
367 17 358 205
17 242 341 146
428 8 992 572
120 86 0 427
2 10 501 196
36 42 44 345
20 5 575 0
1 1 392 99
6 8 61 949
1 25 348 203
1 1 392 105
46 4 575 20
20 3 580 0
21 16 45 934
122 417 583 46
18 42 44 381
346 2 501 226
6 255 86 323
354 133 702 572
5 86 0 547
2 314 521 986
46 4 579 20
362 3 66 572
1 12 471 197
12 314 521 988
346 2 503 226
428 45 362 572
4 22 474 189
4 87 496 189
270 31 35 664
21 3 502 205
20 86 0 552
1 70 386 204
28 42 44 399
92 25 41 572
5 1 392 100
120 157 835 880
