5 300
356 539 6 0 0
388 461 5 539 0
644 539 6 0 356
334 461 2 539 666
278 461 4 539 388
2 43 0 0
20 262 539 0
183 261 0 356
161 257 539 666
44 218 539 388
26 167 796 666
49 36 796 816
7 37 963 666
10 26 796 893
8 204 796 954
216 157 0 680
12 1 796 973
7 51 261 356
130 114 801 0
14 37 816 973
6 54 757 388
2 154 796 791
39 51 796 915
239 114 273 0
73 129 266 680
104 223 0 896
6 12 988 973
18 13 950 791
137 216 539 223
46 199 801 272
5 72 928 816
22 177 823 893
150 278 261 413
2 1 796 993
7 5 803 993
33 61 394 356
32 19 539 617
1 2 266 753
27 36 952 973
125 8 0 187
141 261 0 539
68 156 100 187
72 2 963 701
1 1 988 979
8 132 796 865
1 74 796 966
2 131 539 657
21 1 998 979
1 6 796 991
53 18 100 255
11 64 693 617
16 8 832 816
44 25 0 312
46 156 273 239
18 18 798 973
4 47 796 967
5 1 796 692
73 144 395 680
187 185 88 0
278 15 982 388
20 132 796 873
99 163 800 692
2 1 799 692
117 110 429 239
1 27 796 914
82 3 796 709
49 7 901 816
5 2 469 356
1 7 796 998
3 32 963 797
37 119 261 376
19 10 908 816
14 1 797 973
12 10 988 988
21 1 822 893
8 143 539 649
1 3 380 376
216 64 157 680
12 133 261 363
19 37 963 674
113 261 278 753
57 3 455 356
15 12 266 985
49 10 918 816
2 70 469 384
28 153 847 915
5 147 126 255
1 204 796 964
272 23 965 0
2 37 963 801
9 17 670 657
1 2 796 707
1 43 261 375
145 152 387 0
1 18 963 673
92 218 539 525
7 3 100 308
30 9 908 835
1 6 797 993
94 1 799 697
24 46 868 973
110 50 915 0
94 63 387 145
4 1 988 983
27 7 927 973
47 4 256 187
201 9 266 784
27 2 942 973
3 10 988 980
7 13 950 809
1 1 798 707
6 37 963 773
1 1 796 999
72 1 974 701
2 1 797 989
1 1 799 696
187 26 43 0
272 9 988 0
7 14 380 378
1 89 539 664
1 1 799 999
96 54 126 260
201 1 277 784
27 4 944 973
37 57 840 816
31 10 268 753
8 2 682 649
70 199 801 318
5 9 989 983
10 1 796 697
72 7 967 701
7 8 808 993
28 5 380 385
1 1 796 708
7 61 394 406
27 1 853 973
26 70 469 387
21 1 999 979
5 33 963 804
57 5 458 356
1 1 798 708
8 4 684 649
203 262 539 20
3 18 261 563
27 2 949 973
11 61 840 854
134 261 278 866
45 89 450 145
27 13 914 973
27 1 951 973
57 5 464 356
104 43 223 896
1 1 796 992
68 10 928 821
96 37 197 260
1 130 870 966
201 1 275 784
38 4 897 816
6 157 843 967
84 3 72 187
3 46 868 997
1 2 539 665
1 49 345 375
97 46 8 187
237 152 757 429
1 14 802 991
9 2 266 775
28 64 8 284
7 82 312 356
7 1 463 356
2 131 539 662
8 70 687 657
125 25 75 187
35 225 757 394
28 6 471 356
1 1 799 695
34 22 104 308
10 2 797 697
278 3 997 388
6 1 796 985
1 42 628 664
2 18 104 342
114 278 261 566
1 10 981 673
138 43 0 49
1 129 541 665
272 1 997 0
1 3 991 979
29 64 693 628
40 1 463 373
1 1 990 979
72 62 938 821
2 17 256 234
1 14 802 992
24 62 477 356
1 9 991 673
8 5 688 649
1 1 799 694
21 33 0 28
165 46 755 223
1 41 304 375
1 1 988 987
47 13 260 187
12 114 801 260
15 1 917 835
1 1 997 979
27 1 948 973
21 10 33 28
5 2 797 692
11 19 796 903
17 1 266 758
173 257 539 827
27 12 856 973
6 171 811 388
17 1 103 308
29 3 100 327
2 204 796 962
17 1 267 758
5 1 821 903
9 75 25 312
4 6 797 994
2 47 796 971
53 8 118 255
1 57 840 853
14 17 256 241
18 37 963 779
28 9 385 385
35 75 25 321
72 2 965 701
31 1 103 325
216 45 221 680
71 156 273 285
23 43 0 5
96 17 180 260
1 231 308 563
4 5 995 797
8 4 996 804
1 70 469 386
3 1 463 369
96 39 234 260
12 3 100 315
93 218 539 432
97 7 54 187
3 131 539 659
187 7 69 0
1 2 801 999
1 7 380 377
272 1 999 0
1 32 963 800
1 1 798 999
12 22 104 344
187 12 76 0
237 73 909 429
5 17 256 236
1 3 994 979
2 1 796 995
1 1 821 908
3 29 279 563
36 1 276 784
72 114 801 188
1 37 963 803
1 7 387 377
1 11 383 376
1 5 797 992
2 43 0 2
11 6 815 903
27 8 934 973
272 1 998 0
72 25 975 701
1 1 797 999
1 1 796 997
58 114 801 130
33 8 832 832
2 4 122 342
17 61 394 389
23 154 796 793
4 2 266 754
1 70 687 665
11 153 847 943
23 2 469 361
1 1 797 708
5 1 821 909
28 216 539 360
7 33 963 809
4 10 928 889
1 1 800 999
49 89 450 190
2 1 797 987
1 204 796 965
1 1 463 372
4 4 996 812
2 231 308 564
27 2 854 973
15 1 917 850
1 1 989 979
97 11 61 187
165 1 276 820
8 37 963 693
1 43 0 4
6 1 463 363
13 37 816 987
41 3 72 271
4 62 477 380
32 135 558 617
162 50 915 110
