4 200
506 265 1 0 0
647 735 5 265 0
353 735 2 265 647
494 265 4 0 506
54 20 0 0
111 3 265 0
95 17 265 647
208 155 0 506
43 4 597 647
103 170 830 647
193 265 0 254
230 241 0 770
2 63 155 506
205 259 741 0
87 165 830 750
251 86 265 742
12 233 597 906
44 16 222 506
14 47 386 647
34 19 294 647
108 247 265 271
191 18 497 0
26 4 386 716
255 38 155 515
34 65 321 647
69 2 433 647
25 133 597 803
52 38 321 690
185 27 238 506
26 151 446 716
4 155 0 714
55 229 512 271
99 247 265 434
258 19 504 742
96 10 222 674
25 5 405 716
31 214 265 533
10 27 294 681
105 265 0 149
160 232 265 111
11 11 238 759
31 265 0 63
7 226 39 0
2 35 39 7
163 124 830 837
8 10 321 682
8 93 597 979
20 229 512 382
96 1 235 674
1 61 597 999
63 2 20 0
69 6 498 647
1 47 497 235
156 159 671 647
131 229 512 475
38 1 282 647
98 33 479 533
28 229 512 411
3 67 155 512
14 4 390 716
1 5 321 681
52 14 369 690
56 2 258 7
1 2 218 506
48 265 0 447
26 36 410 716
4 8 313 647
103 8 822 803
125 118 386 742
48 9 238 691
68 4 247 691
52 10 359 690
9 33 479 631
52 265 0 97
30 8 313 651
43 4 386 673
258 64 533 742
163 46 954 837
7 33 479 640
172 259 741 360
12 15 390 730
1 172 658 999
13 147 39 50
124 16 222 550
3 84 174 7
8 2 358 0
96 2 236 674
2 229 512 473
68 11 254 691
96 2 232 674
5 4 218 507
258 11 351 742
69 60 438 647
258 10 523 742
61 136 597 918
51 27 294 691
12 7 386 661
103 1 358 8
13 64 186 50
9 2 0 54
55 247 265 379
258 24 362 742
14 2 403 716
33 244 497 238
6 155 0 764
235 100 641 0
56 1 260 7
155 259 741 205
69 214 265 564
14 9 394 716
20 7 238 739
8 55 331 682
63 17 22 0
38 84 174 12
12 17 597 987
1 205 625 987
1 214 265 639
8 97 724 979
46 155 0 718
26 129 39 24
113 74 597 690
230 3 241 770
12 40 393 661
115 259 741 532
103 92 730 803
56 4 261 7
4 214 265 643
4 205 625 995
95 7 283 647
1 11 174 10
2 86 265 993
12 5 620 987
13 8 250 50
3 63 155 508
3 9 7 54
69 77 504 647
3 85 656 235
64 5 995 750
7 205 625 988
133 78 386 867
96 1 234 674
20 1 245 739
1 2 220 506
22 1 282 720
1 63 155 511
103 91 406 8
61 97 733 918
11 16 249 759
23 5 995 814
41 229 512 606
9 229 512 326
230 21 244 770
5 86 265 995
4 229 512 402
68 3 251 691
1 84 174 11
1 214 265 640
69 3 435 647
8 34 690 979
2 214 265 641
35 1 282 685
26 5 168 24
1 73 185 10
159 126 515 0
9 5 2 54
8 9 821 979
20 1 246 739
23 1 173 24
111 90 268 0
14 3 359 8
52 3 383 690
8 132 365 0
255 29 193 515
15 135 39 9
6 214 265 633
2 100 74 7
9 1 16 54
44 18 497 191
89 47 359 22
12 6 614 987
6 7 7 57
2 265 0 94
47 229 512 335
38 16 581 647
95 4 290 647
14 44 362 8
43 43 390 673
9 3 17 54
1 5 405 741
1 265 0 96
11 265 0 495
78 133 597 828
1 60 326 681
5 229 512 406
3 112 544 235
76 126 515 159
31 16 581 685
3 1 173 47
43 70 601 647
8 5 360 0
6 2 14 57
2 47 497 236
133 40 464 867
34 229 512 439
