6 400
280 314 5 0 0
261 686 5 314 0
188 686 2 314 261
192 314 3 0 280
551 686 6 314 449
528 314 2 0 472
53 72 0 0
47 132 314 0
21 177 314 261
81 164 0 280
102 61 314 449
104 182 0 472
171 17 642 449
9 62 164 280
167 13 164 305
8 4 170 0
29 173 314 770
75 81 614 0
26 43 170 117
16 1 446 0
81 144 170 22
18 187 665 261
132 171 642 716
1 144 170 103
120 4 304 305
30 187 813 716
1 75 0 807
7 146 0 643
185 23 824 449
1 41 170 20
1 16 824 636
20 11 642 636
76 188 454 449
176 142 751 0
10 127 446 131
1 115 170 21
68 14 962 449
25 25 286 280
46 166 448 0
182 79 0 98
11 24 976 449
44 24 976 592
26 167 147 807
8 14 962 537
121 9 0 879
3 6 293 0
126 12 158 98
1 1 285 21
1 1 311 20
1 1 312 20
187 147 677 449
164 13 181 643
45 90 824 671
182 12 87 98
6 93 0 873
5 81 487 770
59 70 77 807
10 83 487 907
35 148 852 261
3 3 304 440
112 142 147 888
40 144 170 226
32 5 309 440
48 19 289 888
2 168 446 151
9 1 446 19
1 1 280 0
10 72 570 907
35 3 989 636
167 33 271 305
42 27 106 98
4 1 447 19
1 71 164 289
177 59 813 823
5 135 170 112
99 87 314 615
60 1 443 615
11 92 170 8
124 174 491 261
16 1 447 0
155 8 426 615
28 1 446 57
95 187 665 354
6 1 281 0
9 24 259 280
132 116 314 129
15 35 642 620
9 1 182 472
107 13 847 449
121 119 28 879
2 10 106 227
8 104 176 0
15 4 99 98
14 144 170 266
7 4 282 0
79 137 614 182
109 29 852 315
7 168 446 144
76 181 0 731
137 74 568 770
45 140 314 551
57 10 976 514
16 171 653 636
60 11 642 656
5 148 852 424
164 120 194 643
4 173 314 942
11 181 0 650
59 18 0 814
152 5 642 848
140 46 742 848
56 11 158 224
6 51 106 215
85 166 448 46
85 75 751 176
3 25 133 98
5 1 280 10
3 77 0 811
1 77 0 809
23 40 118 227
147 87 454 623
23 16 950 636
112 1 308 888
7 18 262 8
23 107 893 0
13 1 169 224
5 17 106 222
6 1 852 296
4 1 280 15
1 1 280 3
102 16 9 879
19 86 859 296
19 19 9 981
13 15 454 525
14 95 164 291
25 1 311 280
1 1 280 2
1 168 446 260
4 5 282 8
80 89 847 556
95 11 443 675
1 1 447 16
11 10 444 615
1 2 304 439
1 1 310 21
21 8 976 571
27 1 169 253
60 187 665 285
1 3 311 21
85 150 850 176
71 132 182 572
12 39 950 659
1 55 164 290
64 19 289 936
3 168 446 141
114 25 133 101
5 1 307 440
10 72 570 990
8 2 174 0
35 2 998 514
50 144 170 143
33 144 170 193
1 23 287 21
34 126 824 637
6 187 665 345
1 103 665 279
3 6 287 8
25 2 312 280
1 76 0 810
10 41 573 131
2 5 282 18
100 121 187 472
25 5 278 117
54 63 872 823
26 1 105 98
9 3 283 280
147 101 541 623
74 137 614 108
28 188 454 538
33 104 614 75
1 81 170 19
104 168 446 156
19 1 446 37
67 182 0 576
1 1 446 56
134 6 308 305
2 1 280 8
23 40 118 250
35 1 447 63
20 1 105 251
19 55 945 296
1 1 313 20
10 5 182 562
1 21 570 942
45 86 914 671
182 8 79 98
153 107 893 23
90 4 183 472
1 26 106 221
1 66 219 290
35 6 99 113
123 128 872 877
1 1 285 290
6 1 447 27
1 67 244 20
9 20 487 932
100 6 308 472
56 83 487 941
62 1 105 189
16 1 447 41
16 187 813 787
14 27 259 291
1 1 304 425
26 12 302 117
75 27 106 140
64 100 491 385
8 70 170 104
20 2 962 517
46 173 314 954
107 59 870 449
13 7 852 302
17 21 293 3
7 40 118 273
1 1 278 142
111 160 0 361
1 6 853 296
155 25 401 615
6 5 282 12
110 43 314 799
1 11 251 19
2 83 487 997
5 9 305 112
9 6 287 11
9 12 106 271
55 167 147 833
1 26 132 221
9 22 548 932
109 119 881 315
5 35 123 222
4 6 853 298
85 24 826 176
20 148 852 429
2 1 169 237
57 12 986 514
128 130 357 799
22 2 998 549
1 85 865 636
12 71 742 988
81 1 182 481
19 140 314 596
1 32 487 999
1 187 665 351
54 24 976 460
1 69 0 808
33 8 106 238
1 6 853 297
7 35 146 643
14 2 103 98
2 187 665 283
102 11 434 449
1 1 280 1
4 66 768 279
2 18 834 279
25 8 294 117
47 72 570 943
1 17 285 142
152 95 647 848
11 1 116 227
2 32 45 814
32 1 308 440
8 173 314 946
54 2 977 823
91 14 962 545
29 19 981 823
1 4 211 20
122 34 487 785
6 1 447 57
102 3 25 879
56 87 314 714
33 10 718 75
9 3 106 229
6 1 157 215
111 4 160 361
13 4 304 426
33 21 314 909
25 11 283 117
54 2 979 823
112 2 312 888
41 187 813 746
2 1 447 17
14 36 242 117
2 18 834 281
27 3 304 445
1 2 103 112
57 32 45 816
1 1 446 16
9 35 507 932
10 81 487 775
5 18 262 15
23 23 728 75
11 1 117 227
9 7 109 229
13 1 169 240
3 15 299 0
33 3 114 238
21 171 653 652
167 94 177 305
80 26 936 556
1 6 279 142
1 29 215 20
132 1 99 148
140 25 788 848
12 1 281 6
25 72 570 917
36 181 0 661
7 70 77 866
1 1 280 19
8 7 286 0
37 1 105 124
8 74 240 104
13 173 469 525
1 1 446 17
8 1 447 33
1 103 665 280
54 42 935 823
27 1 117 238
6 1 117 265
4 36 242 139
1 2 306 425
25 16 981 852
3 168 446 153
26 29 213 117
75 38 695 0
14 47 521 785
73 3 309 888
15 130 357 927
4 1 280 4
1 1 69 808
9 1 105 271
35 8 992 636
132 16 430 129
1 4 282 7
26 1 307 446
1 8 306 439
2 187 665 352
1 1 307 445
102 9 445 449
1 7 70 808
20 3 973 517
102 33 375 449
64 74 591 385
28 1 105 161
2 1 281 18
1 35 642 635
7 33 226 280
75 18 733 0
46 1 446 85
2 103 665 281
2 19 824 634
2 4 843 634
39 2 309 961
1 25 840 636
20 187 813 803
132 5 100 148
33 1 447 98
34 181 0 697
1 51 591 942
3 1 446 28
1 1 169 239
1 1 76 810
171 18 659 449
1 1 305 425
33 22 335 909
23 23 966 636
57 188 454 566
2 3 304 443
49 10 444 626
8 36 242 131
4 1 447 23
1 1 286 21
59 27 18 814
21 16 984 571
1 1 75 807
155 9 434 615
102 26 408 449
1 51 235 289
43 171 653 673
15 83 487 917
25 3 997 852
2 33 226 287
20 9 964 517
1 1 76 807
107 10 860 449
6 54 93 873
107 33 929 449
108 47 521 799
82 132 314 47
45 170 0 53
1 51 519 999
167 177 314 282
10 23 728 98
9 6 542 932
1 1 446 18
39 1 311 961
6 1 446 31
53 98 72 0
