3 50
459 618 2 0 0
1000 382 6 618 0
541 618 3 0 459
368 341 0 0
267 144 618 0
197 311 0 459
299 382 618 558
96 277 341 0
267 307 311 459
42 81 618 267
169 230 311 726
344 236 0 656
1 16 862 267
180 19 236 656
91 382 618 909
230 7 852 267
18 382 618 857
344 22 289 656
36 3 852 522
69 307 311 895
154 138 862 404
101 138 862 303
267 181 762 0
13 111 862 290
36 5 855 522
255 2 859 267
134 53 236 866
102 277 341 333
249 234 618 309
23 122 878 267
3 277 341 456
1 27 973 290
267 57 943 0
42 153 699 267
169 77 541 726
25 7 852 497
176 1 861 267
91 341 0 368
22 16 862 268
137 277 341 96
175 34 255 656
100 78 341 233
21 277 341 435
30 19 236 836
12 27 973 291
26 382 618 883
8 382 618 875
27 199 419 233
36 307 311 964
73 199 419 260
35 34 255 831
36 2 860 522
79 1 861 443
