N11Burke.txt
60
300
70 70
1	4	2	48	3	2	2	5	2	21	
2	8	4	5	12	2	3	2	2	2	5	3	3	2	9	6	8	3	
3	4	2	3	3	2	2	3	3	3	
4	6	10	3	3	2	4	3	6	3	2	3	3	4	
5	5	17	31	3	2	8	4	7	2	4	10	
6	8	3	2	3	2	6	4	2	10	5	3	2	15	3	3	4	8	
7	9	3	2	3	2	17	15	5	3	2	3	2	8	2	2	4	2	3	7	
8	1	4	5	
9	1	7	24	
10	1	3	2	
11	4	3	2	2	3	6	2	2	2	
12	7	6	15	2	3	2	2	4	27	2	2	2	2	2	2	
13	2	2	2	2	2	
14	7	3	3	2	3	3	2	3	3	10	32	3	2	4	2	
15	2	2	15	3	3	
16	3	3	2	2	4	2	6	
17	6	3	2	3	3	3	3	3	2	4	12	11	4	
18	8	3	2	2	2	3	2	2	3	3	3	13	4	2	2	17	13	
19	2	3	2	2	2	
20	6	14	12	5	2	2	3	2	3	3	8	2	3	
21	6	11	2	3	8	3	2	3	2	2	4	4	2	
22	4	3	17	2	10	5	5	5	9	
23	8	6	15	2	3	2	2	2	4	2	2	2	2	9	3	5	2	
24	5	2	2	2	2	2	4	6	2	4	11	
25	4	3	20	10	2	2	3	3	9	
26	6	2	23	3	2	5	2	2	6	2	2	2	25	
27	2	3	2	2	5	
28	4	3	3	3	2	2	24	4	2	
29	7	3	2	3	2	3	2	7	70	16	5	3	4	2	2	
30	6	3	2	3	2	3	2	2	2	2	2	12	3	
31	4	2	18	3	2	8	2	3	3	
32	7	2	3	6	32	2	2	3	3	2	18	4	10	3	3	
33	3	5	2	16	4	3	2	
34	4	3	2	20	3	2	3	5	3	
35	5	3	5	3	3	6	4	3	2	3	2	
36	5	2	7	3	63	3	21	3	3	4	11	
37	6	16	8	3	3	3	3	2	3	21	10	17	5	
38	5	2	2	11	10	3	2	2	3	3	7	
39	5	5	2	2	3	2	3	2	2	3	7	
40	8	4	3	11	4	2	2	3	2	2	3	3	2	2	2	2	3	
41	5	5	2	2	2	3	3	11	5	2	9	
42	5	16	5	2	3	2	3	2	3	6	23	
43	5	3	3	2	2	3	2	2	2	17	14	
44	7	3	2	23	2	2	2	16	3	6	26	5	19	4	3	
45	6	3	3	23	19	3	3	2	4	2	3	2	6	
46	2	7	2	3	3	
47	7	3	3	3	7	3	5	3	4	5	30	2	2	5	5	
48	5	2	2	2	3	3	2	2	3	3	10	
49	3	3	3	2	3	16	6	
50	7	3	2	2	2	3	3	4	3	3	3	3	3	14	2	
51	5	4	70	3	3	3	3	17	6	2	16	
52	6	2	2	3	2	3	3	2	3	2	2	3	3	
53	7	9	21	2	3	3	2	2	3	5	3	17	14	4	3	
54	2	2	2	2	3	
55	3	2	2	3	2	2	3	
56	5	30	3	2	10	5	70	2	2	2	2	
57	5	3	3	2	8	2	3	11	9	4	3	
58	6	3	4	2	7	2	3	2	2	3	8	2	27	
59	4	3	2	4	5	3	38	17	3	
60	7	3	2	2	2	19	19	3	3	4	30	13	2	2	12	
