200 13.17 16.13 18.62
3.06 3.62
1.06 3.77
4.7 1.28
3.5 3.42
3.04 2.41
2.76 2.77
1.95 4.21
1.78 1.05
2.43 1.68
2.39 2.19
1.61 2.53
3.8 3.73
2.47 1.62
4.29 1.86
4.4 2.53
4.2 4.43
4.41 4.44
1.55 1.1
3.27 1.99
1.18 2.59
1.32 1.83
2.62 2.85
1.09 1.83
4.72 2.39
3.17 4.74
4.73 2.33
1.35 1.41
1.41 3.7
4.11 1.5
2.89 3.91
3.62 2.51
2.9 3.94
2.39 3.97
3.65 2.66
4.68 3.61
1.61 1.72
4.02 1.75
2.21 4.17
2.73 3.41
3.11 2.55
2.28 1.99
2.36 1.27
3.61 1.45
4.73 3.49
2.49 4.97
3.56 3.29
4.6 4.57
3.49 2.93
2.09 2.85
4.79 2.1
4.55 1.03
1.43 2.66
1.24 2.02
3.51 1.08
2.11 1.3
1.13 2.07
4.28 2.13
1.17 1.05
4.58 1.03
1.32 1.82
1.0 2.34
3.85 3.02
3.28 3.39
3.81 2.86
2.23 2.06
3.29 4.33
4.08 2.28
3.36 4.01
4.72 4.5
4.98 1.66
2.67 1.49
1.76 2.08
1.53 4.28
2.53 3.6
3.51 1.51
3.77 3.72
3.4 1.64
3.08 4.17
1.94 2.79
2.06 2.91
4.84 2.32
4.8 2.15
2.26 3.39
3.17 3.38
2.57 3.62
1.28 3.58
1.49 1.8
3.13 1.85
2.33 3.85
4.2 2.01
1.5 4.68
3.1 1.26
3.2 1.69
4.47 4.26
1.13 4.44
3.64 4.1
1.77 4.5
1.66 2.0
1.19 4.56
1.79 4.8
3.3 2.12
4.01 3.08
3.85 3.21
3.79 1.4
4.05 3.5
2.27 4.76
1.17 3.31
3.4 3.46
2.04 2.29
2.32 4.77
4.67 1.67
4.86 2.35
2.41 2.98
1.45 2.66
4.24 3.06
2.37 2.98
4.54 3.66
3.24 4.99
2.58 2.09
1.05 1.09
3.21 4.97
2.09 4.84
3.44 4.74
1.35 3.09
1.05 3.34
2.21 3.56
1.59 2.24
1.81 2.58
2.24 4.09
4.3 2.94
3.29 3.34
4.27 4.69
2.97 2.43
2.33 1.57
2.72 3.51
2.26 2.17
2.65 2.0
2.18 2.04
1.24 3.27
2.79 4.49
1.19 1.0
2.17 4.37
1.23 4.09
4.18 1.78
4.46 1.47
1.32 2.39
3.03 3.99
2.16 3.06
1.2 1.84
1.52 4.61
2.86 3.48
1.1 4.4
3.6 2.24
3.17 2.13
2.3 1.77
4.25 4.42
4.65 4.85
2.84 3.21
1.12 4.1
1.97 1.1
2.59 4.51
2.15 3.03
2.14 1.78
2.06 4.96
3.58 2.15
2.63 2.26
1.73 4.21
2.9 4.58
2.78 2.14
1.72 1.05
4.84 2.2
3.5 1.9
1.17 3.97
2.62 3.89
4.05 3.9
1.4 2.93
4.13 3.65
3.22 4.03
3.56 4.71
2.41 3.24
1.09 1.09
2.74 1.07
1.64 2.41
2.92 4.18
2.58 2.79
1.46 2.14
2.3 1.06
3.11 1.02
3.45 2.16
1.94 2.42
3.96 4.6
1.63 4.97
3.08 4.9
1.29 1.45
1.7 1.95
4.06 2.18
1.24 3.56
4.88 4.91
4.97 2.56
1.67 1.91
