150 12.7 15.56 17.97
1.54
2.27
2.33
4.64
2.33
2.82
3.85
3.54
1.65
3.51
1.25
4.99
2.83
4.16
4.9
3.14
2.2
1.0
3.6
4.61
1.94
1.48
4.24
1.76
4.23
4.85
4.83
1.56
2.18
1.4
1.55
3.03
1.04
2.89
4.27
2.49
1.2
1.4
2.28
2.46
4.96
4.01
4.41
4.13
3.34
1.46
4.9
2.43
1.94
1.7
1.47
1.07
3.02
3.62
3.28
2.14
4.48
1.8
1.44
1.52
2.66
3.81
3.15
4.95
1.37
2.69
4.77
2.09
4.5
1.04
4.25
2.51
4.76
1.92
4.14
1.39
4.95
2.03
4.98
4.15
3.08
3.69
4.55
1.38
4.85
4.48
3.31
4.64
2.36
2.93
3.75
2.43
2.32
3.1
4.87
1.14
2.46
2.62
4.72
2.76
3.6
3.62
1.58
2.34
4.61
1.89
3.99
2.45
4.39
2.69
2.18
2.36
3.0
1.68
1.42
4.67
3.3
1.12
3.79
4.86
2.68
3.46
1.57
4.15
1.86
2.38
3.8
3.55
2.51
1.83
1.88
1.67
2.55
1.57
3.5
2.77
3.51
4.45
4.0
4.68
1.53
3.02
4.41
2.16
3.27
2.0
1.5
2.59
1.42
1.6
