100 10.17 12.46 14.39
3.62
2.97
4.53
3.67
4.88
4.71
2.22
1.87
2.86
4.17
2.01
4.17
3.45
2.75
2.62
3.77
2.82
1.78
2.13
1.1
2.56
5.0
2.05
3.0
4.05
3.14
4.15
4.72
2.03
3.43
1.11
2.51
1.78
2.3
1.87
2.67
3.97
2.76
4.14
1.72
3.04
4.74
4.14
2.72
1.76
3.03
2.47
3.81
3.55
1.46
3.24
1.02
2.44
1.56
2.22
1.99
2.7
1.39
3.34
3.88
3.26
4.94
2.28
3.01
4.18
3.04
1.03
3.69
4.23
3.09
1.96
2.87
2.18
4.23
4.02
2.68
3.54
2.52
2.19
3.31
2.99
1.24
2.07
3.26
3.7
4.44
1.36
1.87
3.83
1.76
2.3
4.51
1.08
2.9
3.94
2.11
4.6
1.14
4.85
1.74
