100 211
976 2025 1
1398 2023 3
983 2015 1
1247 2023 2
610 780 2
778 1638 2
478 1643 2
1160 2009 1
476 1268 1
970 1552 1
870 1059 1
934 1766 1
934 2066 2
1017 1516 1
944 1014 3
944 2064 3
767 2064 2
1403 1905 2
515 1122 1
1108 1921 1
1111 1923 1
670 1889 1
240 1275 2
885 1895 2
665 1743 1
482 816 8
891 1056 2
877 1499 2
625 853 2
545 1720 2
730 1452 2
1105 1560 1
680 1800 3
690 1310 4
1263 2521 4
980 2521 4
824 1704 2
1234 1434 1
958 1115 1
713 1388 1
700 880 1
1450 1985 2
814 917 2
510 1956 1
725 1170 1
832 1278 2
332 542 1
389 955 2
489 1125 2
488 1055 1
362 972 1
569 1876 1
663 1040 1
699 1570 1
659 1570 1
725 1949 1
624 1217 1
456 1176 6
244 1279 1
367 1117 1
416 1491 2
414 1236 2
271 1407 2
347 1325 2
474 1270 3
424 1270 3
610 890 1
640 880 1
556 1366 4
480 850 1
788 1604 1
504 668 2
702 1517 1
491 970 3
484 570 3
542 560 2
544 1890 2
619 1279 1
467 1850 2
397 514 2
800 1327 1
527 1317 1
597 1312 2
628 794 1
283 1194 1
628 1930 1
399 1646 4
768 991 2
768 990 1
486 2105 10
392 1141 10
999 1236 1
816 2106 1
580 1236 6
422 1278 3
673 2045 1
650 1331 2
650 1321 10
650 831 2
1337 1962 2
3000 6000 
3000 6000 
3000 6000 
3000 6000 
3000 6000 
3000 6000 
3000 6000 
3000 6000 
3000 6000 
3000 6000 
3000 6000 
3000 6000 
3000 6000 
3000 6000 
3000 6000 
3000 6000 
3000 6000 
3000 6000 
3000 6000 
3000 6000 
3000 6000 
3000 6000 
3000 6000 
3000 6000 
3000 6000 
3000 6000 
3000 6000 
3000 6000 
3000 6000 
3000 6000 
3000 6000 
3000 6000 
3000 6000 
3000 6000 
3000 6000 
3000 6000 
3000 6000 
3000 6000 
3000 6000 
3000 6000 
3000 6000 
3000 6000 
3000 6000 
3000 6000 
3000 6000 
3000 6000 
3000 6000 
3000 6000 
3000 6000 
3000 6000 
3000 6000 
3000 6000 
3000 6000 
3000 6000 
3000 6000 
3000 6000 
3000 6000 
3000 6000 
3000 6000 
3000 6000 
3000 6000 
3000 6000 
3000 6000 
3000 6000 
3000 6000 
3000 6000 
3000 6000 
3000 6000 
3000 6000 
3000 6000 
3000 6000 
3000 6000 
3000 6000 
3000 6000 
3000 6000 
3000 6000 
3000 6000 
3000 6000 
3000 6000 
3000 6000 
3000 6000 
3000 6000 
3000 6000 
3000 6000 
3000 6000 
3000 6000 
3000 6000 
3000 6000 
3000 6000 
3000 6000 
3000 6000 
3000 6000 
3000 6000 
3000 6000 
3000 6000 
3000 6000 
3000 6000 
3000 6000 
3000 6000 
3000 6000 
3000 6000 
3000 6000 
3000 6000 
3000 6000 
3000 6000 
3000 6000 
3000 6000 
3000 6000 
3000 6000 
3000 6000 
3000 6000 
3000 6000 
3000 6000 
3000 6000 
3000 6000 
3000 6000 
3000 6000 
3000 6000 
3000 6000 
3000 6000 
3000 6000 
3000 6000 
3000 6000 
3000 6000 
3000 6000 
3000 6000 
3000 6000 
3000 6000 
3000 6000 
3000 6000 
3000 6000 
3000 6000 
3000 6000 
3000 6000 
3000 6000 
3000 6000 
3000 6000 
3000 6000 
3000 6000 
3000 6000 
3000 6000 
3000 6000 
3000 6000 
3000 6000 
3000 6000 
3000 6000 
3000 6000 
3000 6000 
3000 6000 
3000 6000 
3000 6000 
3000 6000 
3000 6000 
3000 6000 
3000 6000 
3000 6000 
3000 6000 
3000 6000 
3000 6000 
3000 6000 
3000 6000 
3000 6000 
3000 6000 
3000 6000 
3000 6000 
3000 6000 
3000 6000 
3000 6000 
3000 6000 
3000 6000 
3000 6000 
3000 6000 
3000 6000 
3000 6000 
3000 6000 
3000 6000 
3000 6000 
3000 6000 
3000 6000 
3000 6000 
3000 6000 
3000 6000 
3000 6000 
3000 6000 
3000 6000 
3000 6000 
3000 6000 
3000 6000 
3000 6000 
3000 6000 
3000 6000 
3000 6000 
3000 6000 
3000 6000 
3000 6000 
3000 6000 
3000 6000 
3000 6000 
3000 6000 
3000 6000 
3000 6000 
3000 6000 
3000 6000 
3000 6000 
3000 6000 
3000 6000 
3000 6000 
3000 6000 
3000 6000 
3000 6000 
3000 6000 
