100 306
121 302 2
121 205 2
167 202 2
117 167 2
104 144 2
121 122 8
110 306 1
95 167 2
78 167 4
78 225 2
76 306 16
70 167 1
100 207 6
91 190 2
79 140 3
74 140 3
70 93 1
61 191 2
74 324 3
143 159 1
159 176 3
78 323 4
82 292 6
79 174 2
79 175 4
76 326 2
76 324 2
87 110 3
65 188 2
65 179 2
61 181 2
60 181 2
97 197 2
89 324 2
76 335 1
58 147 4
97 286 1
96 219 1
87 269 2
70 121 2
61 188 4
37 68 1
62 214 12
71 254 2
97 201 1
74 201 12
67 277 4
93 126 2
85 243 4
93 267 2
95 285 1
77 191 14
77 141 2
77 264 2
268 344 3
90 166 3
78 221 4
117 222 2
77 147 2
77 142 1
75 195 14
66 128 1
65 287 2
140 200 1
133 174 1
90 339 2
109 348 4
63 291 2
68 240 1
45 242 1
131 242 1
80 244 4
80 82 4
80 140 2
103 188 3
77 256 1
88 256 1
63 338 2
104 330 2
69 279 2
96 320 3
81 237 4
81 90 4
63 231 16
182 282 2
149 182 2
182 216 2
182 316 6
64 230 2
56 179 2
87 146 2
76 195 2
63 131 2
56 149 2
56 115 2
108 147 2
74 198 2
74 315 2
62 268 2
67 268 2
500 1000 
500 1000 
500 1000 
500 1000 
500 1000 
500 1000 
500 1000 
500 1000 
500 1000 
500 1000 
500 1000 
500 1000 
500 1000 
500 1000 
500 1000 
500 1000 
500 1000 
500 1000 
500 1000 
500 1000 
500 1000 
500 1000 
500 1000 
500 1000 
500 1000 
500 1000 
500 1000 
500 1000 
500 1000 
500 1000 
500 1000 
500 1000 
500 1000 
500 1000 
500 1000 
500 1000 
500 1000 
500 1000 
500 1000 
500 1000 
500 1000 
500 1000 
500 1000 
500 1000 
500 1000 
500 1000 
500 1000 
500 1000 
500 1000 
500 1000 
500 1000 
500 1000 
500 1000 
500 1000 
500 1000 
500 1000 
500 1000 
500 1000 
500 1000 
500 1000 
500 1000 
500 1000 
500 1000 
500 1000 
500 1000 
500 1000 
500 1000 
500 1000 
500 1000 
500 1000 
500 1000 
500 1000 
500 1000 
500 1000 
500 1000 
500 1000 
500 1000 
500 1000 
500 1000 
500 1000 
500 1000 
500 1000 
500 1000 
500 1000 
500 1000 
500 1000 
500 1000 
500 1000 
500 1000 
500 1000 
500 1000 
500 1000 
500 1000 
500 1000 
500 1000 
500 1000 
500 1000 
500 1000 
500 1000 
500 1000 
500 1000 
500 1000 
500 1000 
500 1000 
500 1000 
500 1000 
500 1000 
500 1000 
500 1000 
500 1000 
500 1000 
500 1000 
500 1000 
500 1000 
500 1000 
500 1000 
500 1000 
500 1000 
500 1000 
500 1000 
500 1000 
500 1000 
500 1000 
500 1000 
500 1000 
500 1000 
500 1000 
500 1000 
500 1000 
500 1000 
500 1000 
500 1000 
500 1000 
500 1000 
500 1000 
500 1000 
500 1000 
500 1000 
500 1000 
500 1000 
500 1000 
500 1000 
500 1000 
500 1000 
500 1000 
500 1000 
500 1000 
500 1000 
500 1000 
500 1000 
500 1000 
500 1000 
500 1000 
500 1000 
500 1000 
500 1000 
500 1000 
500 1000 
500 1000 
500 1000 
500 1000 
500 1000 
500 1000 
500 1000 
500 1000 
500 1000 
500 1000 
500 1000 
500 1000 
500 1000 
500 1000 
500 1000 
500 1000 
500 1000 
500 1000 
500 1000 
500 1000 
500 1000 
500 1000 
500 1000 
500 1000 
500 1000 
500 1000 
500 1000 
500 1000 
500 1000 
500 1000 
500 1000 
500 1000 
500 1000 
500 1000 
500 1000 
500 1000 
500 1000 
500 1000 
500 1000 
500 1000 
500 1000 
500 1000 
500 1000 
500 1000 
500 1000 
500 1000 
500 1000 
500 1000 
500 1000 
500 1000 
500 1000 
500 1000 
500 1000 
500 1000 
500 1000 
500 1000 
500 1000 
500 1000 
500 1000 
500 1000 
500 1000 
500 1000 
500 1000 
500 1000 
500 1000 
500 1000 
500 1000 
500 1000 
500 1000 
500 1000 
500 1000 
500 1000 
500 1000 
500 1000 
500 1000 
500 1000 
500 1000 
500 1000 
500 1000 
500 1000 
500 1000 
500 1000 
500 1000 
500 1000 
500 1000 
500 1000 
500 1000 
500 1000 
500 1000 
500 1000 
500 1000 
500 1000 
500 1000 
500 1000 
500 1000 
500 1000 
500 1000 
500 1000 
500 1000 
500 1000 
500 1000 
500 1000 
500 1000 
500 1000 
500 1000 
500 1000 
500 1000 
500 1000 
500 1000 
500 1000 
500 1000 
500 1000 
500 1000 
500 1000 
500 1000 
500 1000 
500 1000 
500 1000 
500 1000 
500 1000 
500 1000 
500 1000 
500 1000 
500 1000 
500 1000 
500 1000 
500 1000 
500 1000 
500 1000 
500 1000 
500 1000 
500 1000 
500 1000 
500 1000 
500 1000 
500 1000 
500 1000 
500 1000 
500 1000 
500 1000 
500 1000 
500 1000 
500 1000 
500 1000 
500 1000 
500 1000 
500 1000 
500 1000 
500 1000 
