79 80
40 82 1
53 61 1
95 29 1
21 10 1
19 57 1
13 61 1
57 43 1
41 59 1
87 98 1
49 82 1
19 67 1
16 41 1
98 27 1
52 80 1
1 90 1
2 78 1
41 99 1
43 44 1
61 34 1
86 25 1
40 5 1
77 97 1
87 56 1
92 71 1
48 65 1
44 93 1
1 43 1
76 39 1
56 35 1
66 21 1
59 19 1
25 84 1
86 5 1
98 5 1
49 38 1
62 95 1
92 96 1
29 98 1
94 90 1
43 94 1
65 64 1
82 91 2
50 97 1
57 36 1
26 98 1
12 6 1
4 14 1
25 11 1
30 21 1
8 97 1
80 30 1
4 41 1
67 87 1
92 55 1
34 68 1
82 82 1
59 85 1
19 100 1
53 83 1
81 22 1
61 39 1
79 90 1
60 64 1
58 83 1
62 3 1
95 12 1
11 33 1
100 21 1
85 66 1
20 88 1
95 45 1
31 25 1
85 50 1
45 76 1
33 91 1
5 17 1
51 12 1
91 62 1
12 53 1
300 300 
300 300 
300 300 
300 300 
300 300 
300 300 
300 300 
300 300 
300 300 
300 300 
300 300 
300 300 
300 300 
300 300 
300 300 
300 300 
300 300 
300 300 
300 300 
300 300 
300 300 
300 300 
300 300 
300 300 
300 300 
300 300 
300 300 
300 300 
300 300 
300 300 
300 300 
300 300 
300 300 
300 300 
300 300 
300 300 
300 300 
300 300 
300 300 
300 300 
300 300 
300 300 
300 300 
300 300 
300 300 
300 300 
300 300 
300 300 
300 300 
300 300 
300 300 
300 300 
300 300 
300 300 
300 300 
300 300 
300 300 
300 300 
300 300 
300 300 
300 300 
300 300 
300 300 
300 300 
300 300 
300 300 
300 300 
300 300 
300 300 
300 300 
300 300 
300 300 
300 300 
300 300 
300 300 
300 300 
300 300 
300 300 
300 300 
300 300 
