N8Burke.txt
64
80
100 50
1	2	10	3	4	4	
2	4	4	12	3	3	3	37	50	7	
3	1	5	4	
4	3	3	3	3	3	5	3	
5	1	9	3	
6	1	20	8	
7	1	6	8	
8	1	5	4	
9	1	24	9	
10	1	4	3	
11	1	8	11	
12	1	5	16	
13	1	8	5	
14	1	4	4	
15	1	4	3	
16	1	6	12	
17	1	43	13	
18	3	22	3	4	3	4	7	
19	1	4	3	
20	1	10	12	
21	1	13	40	
22	2	11	34	5	4	
23	1	4	4	
24	2	3	4	4	23	
25	2	4	20	5	3	
26	1	34	23	
27	1	5	4	
28	1	6	10	
29	2	4	18	11	5	
30	1	4	4	
31	1	20	5	
32	2	21	4	3	4	
33	1	4	23	
34	1	3	4	
35	1	3	10	
36	1	35	4	
37	1	15	37	
38	1	35	7	
39	1	28	4	
40	1	29	4	
41	1	6	10	
42	1	15	3	
43	1	5	3	
44	1	35	23	
45	1	3	7	
46	3	11	9	5	4	7	3	
47	1	5	3	
48	1	3	9	
49	1	3	20	
50	1	4	4	
51	1	7	4	
52	1	3	4	
53	1	10	8	
54	1	14	3	
55	1	8	11	
56	1	19	11	
57	1	6	7	
58	1	6	17	
59	1	11	3	
60	1	5	16	
61	1	4	3	
62	1	12	3	
63	2	5	3	5	20	
64	1	16	5	
