200 200
97
14 78
27 27
17 35
39 21
66 16
37 49
5 19
9 16
19 16
26 12
7 26
31 14
8 25
15 35
12 19
21 21
5 14
1 3
8 19
5 19
14 37
48 11
6 16
12 7
68 16
70 20
19 18
50 16
11 62
22 40
15 80
2 12
25 4
20 22
12 44
29 37
18 8
7 16
11 32
36 6
8 34
9 29
20 8
10 20
11 11
15 40
17 76
10 2
30 74
2 9
9 15
10 22
12 47
12 6
25 7
4 18
2 5
7 18
13 2
19 4
12 12
1 2
10 13
37 11
20 10
5 22
36 7
6 1
9 16
12 18
7 32
17 16
17 76
23 24
14 15
22 18
3 9
6 2
2 13
10 8
5 25
18 7
19 3
2 1
3 4
5 8
105 32
7 40
1 4
1 3
4 1
7 3
19 9
71 35
101 19
4 8
11 11
