1019 1005
127
3
1
 220  173   1
 151   22   9
 289   30   3
  46   92   9
 125   27   8
 264   30   1
 125   55   3
 213   78   4
 172  106   7
 260  128   8
 285  124   2
 153   34   4
 174  121   3
 282  172   3
 230   73   4
 167   27   4
  46   77   6
  66   82   6
 308  126   5
  96  118   7
 266  143   1
 229   23   8
 258  118   1
  49   59   3
  88   23   7
 210  104   9
 221  150   4
 363  190   1
  75   99   5
 345   63   7
 226   71   1
 289  221   5
  50   68   6
 252  143   7
 280  201   9
 279  158   5
 277  100   4
 170   99   9
 255   78   5
 131  247   9
 356   52   2
 297   44   3
 279   73   4
 118  226   4
 117  216   8
 320  225   3
  66   35   9
 359  143   8
 341   96   5
 129  248   5
 297  124   3
 189   50   4
 110  141   1
 194  130   8
 314   34   6
 216  138   7
 128   66   7
 188   44   8
  58   88   6
 181   38   2
 100   20   5
 209   91   4
 111   43   7
 123   56   3
 119   24   9
 157   36   6
 101   86   1
  57   48   3
 143   40   4
 100   75   8
  73   63   9
  79   89   6
  47   62   6
 189   36   1
  42   31   6
  53   57   7
 113   38   3
  30   66   9
 116   90   7
 105   73   5
 209   54   7
 111   45   5
  49   56   5
 175   79   4
 158   73   6
 100  179   9
 150  227   4
  83  181   8
  68  298   5
  23  107   4
  41  174   2
 101  236   6
  70   78   2
  89  104   2
  28  279   5
  89  249   3
  55  236   2
 129  287   3
 136  236   2
 171  117   2
  74  309   6
  60  230   6
  26   92   9
  28  217   1
  55  284   6
  64   82   3
  89  129   7
 154   54   9
 126  172   9
 146  138   4
  79  133   8
  29  304   2
 174  200   8
 148  115   3
  60  207   8
 135  231   9
 171   82   8
  82  263   8
 109  340   8
 131  350   6
  40  135   4
 146  328   1
  38  297   7
 106  149   8
 138  235   5
 128   51   1
 175  119   3

