1007 1009
125
4
1
 327   86  18561   4
 271   51   8570   9
  50   99   2674   1
 323   38   7365   9
 113   18    936   1
 124   98   7656   6
 263   21   2154   9
  47   83   2380   1
 340   43  10673   5
  85   72   2326   2
 165   48   5703   8
 251   56   8996   6
 110   90   3465   3
 355   22   3359   2
  93   74   3166   4
 156   99  11120   2
 231   22   3761   8
 203   48   4678   9
 236   27   3059   6
 109   51   2335   7
 160   97  11020   5
 127   46   3973   3
 188   51   4603   3
 157   90   9468   6
 166   87  10688   6
 100   74   3183   4
 128   81   7258   3
 251   23   3291   7
 228   89   6494   2
 102   96   2448   9
  49   25    405   6
 123   18   1595   3
 240   94   6317   6
 320   83  13280   2
  75  204   4896   7
 127  143   5994   2
  24  191   3163   5
  65  171   4224   4
 139  168  16347   6
  29   40    418   2
  40  119   1238   1
  86  169  10320   9
  24   80   1325   2
 107  101   5404   2
  92  114   3671   5
 123   76   2524   8
  23   57    446   2
 112  194  13037   5
  44   79    939   1
  95   46   2448   4
  67  109   4236   7
 114   87   3670   2
 103   89   3759   2
  66   50   1881   9
 113  159  10242   9
 157  184  20511   4
  31   57    919   3
  46   78   2333   1
  84   68   2742   6
  58  116   3028   7
 118  112   7005   7
  80  169   3380   3
 108  197   7022   6
  79  197   3891   2
 101   86   3127   8
  52   65    947   5
  29  166   1348   7
 146  189   9934   4
 131   74   2424   2
  63  138   3565   3
  75  144   4860   4
  86   44   1703   5
 139   94   7056   6
  87  150   4959   5
  81  145   8692   8
 153  106   6326   7
 104  192  14377   3
 123  101   6957   7
  56  298  11515   2
 106  220  10494   4
  32  189   3811   5
 100  336   9744   6
  44  211   3714   4
  82  359   8243   8
  28  190   1916   3
 143  149   8310   5
  29  295   2738   8
  88   66   1801   8
  84  329  10226   5
 102  294  19193   6
  52  349   8349   1
 130  185  10101   7
  35  362   4562   2
  79  231   7483   8
 122   55   2550   1
 100  208   6449   3
  75  184   5658   7
  70  255  11603   5
 116  136   4576   2
  35   76   1570   2
 142  355  24701   4
 101   89   4315   9
  39  313   6958   8
  19   65    359   9
  62   49   1550   9
 122   46   1516   9
  45  148   2198   6
  61  339   9926   5
  68  148   4630   5
  20  272   3536   7
  72  207   7751   6
 119  192   6398   9
  58  230   4936   4
 142  302  27446   3
 110  333  16118   3
 112  171   9193   7
 118   52   2762   9
  48  221   7002   1
  90  170   5203   9
  63  353  11565   1
  31   78   1524   2
  37  227   5124   7
  31  326   4649   5
 115  222  16850   5
  51   66   2020   5

