1159 1150
121
4
1
  75  204   4896   7
 127  143   5994   2
  24  191   3163   5
  65  171   4224   4
 139  168  16347   6
  29   40    418   2
  40  119   1238   1
  86  169  10320   9
  24   80   1325   2
 107  101   5404   2
  92  114   3671   5
 123   76   2524   8
  23   57    446   2
 112  194  13037   5
  44   79    939   1
  95   46   2448   4
  67  109   4236   7
 114   87   3670   2
 103   89   3759   2
  66   50   1881   9
 113  159  10242   9
 157  184  20511   4
  31   57    919   3
  46   78   2333   1
  84   68   2742   6
  58  116   3028   7
 118  112   7005   7
  80  169   3380   3
 108  197   7022   6
  79  197   3891   2
 101   86   3127   8
  52   65    947   5
  29  166   1348   7
 146  189   9934   4
 131   74   2424   2
  63  138   3565   3
  75  144   4860   4
  86   44   1703   5
 139   94   7056   6
  87  150   4959   5
  81  145   8692   8
 153  106   6326   7
  48   85   2734   2
 125  211   8440   6
  56  135   2495   7
  88  147   5046   8
 142  173  11055   5
 116   80   6311   6
  40  198   5624   4
  98   99   4269   7
  26  179   2653   2
 113  191   6260   6
 135   67   6422   1
 105   73   3756   1
 148  215  23547   3
  51  205   6483   9
  89   82   2044   7
  88  116   5207   2
 113   56   1836   5
  27   52    731   7
  63  208   3408   6
  62  123   4729   1
  86   32   1982   3
  46   59    788   1
  90  156   6740   6
  94  154  10278   8
 116  186   6473   6
  35   99    901   1
 102   85   2341   9
  47  168   3238   5
 154  195  17718   4
 141  100   4372   5
  75  143   6221   7
 146  140   5110   6
  72   77   2994   8
  53  164   3999   2
  53  200   5088   8
  32  185   3908   7
  90  117   5581   1
 124  111   6194   7
  25  161   1128   1
 156  100   8581   3
 108  212   9617   4
 152  177   7265   3
  82   92   4301   4
  81   79   2176   4
 200   95  12541   3
 220   57   7399   8
 324  100  12961   5
 299   42   5024   2
 296   68  13285   2
 326  128  19195   4
 196   36   2329   1
 245   61   8370   1
 190  142  17537   5
 271   79   7708   6
 220  125  17051   6
 248   92   7530   5
 185  117  14503   9
  56   42   1623   3
 297   49   9751   7
 208  143  15765   8
 158   92   3780   9
 291  115   9036   6
  71   88   2750   5
 214  101   9727   5
 189   32   3327   7
 187   59   3862   7
 139   42   2744   6
 288   69   6956   2
 299  104   7774   5
 223  144  22800   6
 323   80  11628   7
 133   57   4170   4
 197  119   7502   6
 137   78   7801   4
 300   57   5472   1
  43   67   1383   8
 194  120  10244   5
 130  114   6077   3
 220   99   6317   2
