992 970
60
278 613 334 2
564 347 669 3
431 203 240 5
199 590 159 2
576 608 243 1
481 573 505 2
359 296 154 2
536 585 196 1
385 486 525 3
636 399 323 3
580 570 426 1
539 587 306 1
477 323 613 2
466 278 841 4
504 592 827 1
498 577 283 1
322 496 232 2
211 464 733 3
542 296 441 3
590 619 807 1
321 414 330 3
489 546 537 1
532 623 696 1
275 402 763 4
505 443 675 1
288 320 153 2
465 275 719 3
450 425 252 3
484 279 362 5
434 411 848 4
494 274 415 4
384 289 464 1
534 489 211 1
571 590 205 1
629 537 278 1
414 580 146 2
455 555 630 1
410 498 514 1
350 504 527 2
467 511 240 1
387 482 626 2
569 615 299 1
545 404 591 2
328 599 442 2
488 348 354 1
406 547 595 2
544 428 762 1
262 291 363 4
365 611 155 1
265 380 782 4
354 392 427 3
220 432 689 4
198 524 583 4
415 366 702 1
437 313 819 5
438 194 499 3
620 201 230 1
432 593 806 1
580 500 551 1
614 491 342 2
