1750 1542

47

738 531 253

1136 848 191

524 898 622

1035 700 259

358 886 700

738 430 325

707 934 150

914 971 381

599 454 459

1003 875 652

366 917 264

561 396 154

862 875 359

474 375 280

758 343 447

777 686 657

1008 622 208

939 888 649

779 452 511

595 564 403

1022 325 434

409 347 383

739 518 248

518 598 606

499 360 254

454 828 469

654 911 284

830 653 705

1060 747 340

809 596 713

905 758 484

917 433 694

385 531 429

940 457 626

508 881 578

619 872 748

834 788 708

1069 578 717

677 493 235

554 491 365

928 731 660

481 464 608

982 982 173

516 533 672

613 415 482

464 831 420

1043 416 276

