   1024  161600 
      1     9035    2600
      2    14091    6581
      3     2967   11180
      4     4452    4338
      5     2392    1488
      6     6522    5270
      7     2897    6783
      8    10378    4477
      9    22492    9826
     10     3900    3306
     11     8906    4337
     12     5587    2104
     13    11929    3004
     14     3982    5103
     15      285     226
     16     4350    1459
     17     3235    5657
     18     3881   13708
     19     3142     758
     20     5809    5441
     21      508    1230
     22    14547    5185
     23      795    3258
     24     9952    2708
     25     9132   15965
     26     7867    4637
     27    10737    6214
     28     1875    4959
     29     3258    2786
     30     5267    2452
     31     1579    1107
     32     1241    3050
     33     2128    3103
     34     4504    6235
     35    12987    3525
     36     4955    5786
     37      619    2266
     38    10355   14519
     39     4871    3677
     40      908    1436
     41     1967    4153
     42     1809     540
     43     2137    6774
     44    12939    2809
     45     1647    2610
     46    13185    4581
     47      644     396
     48     2067    1228
     49     3210    9767
     50     6869    3662
     51     7549    1606
     52     2463    1817
     53     3582    3678
     54     3176    4109
     55     1258    4195
     56     2119    3627
     57     2422    3655
     58     1281    1682
     59     7655    2309
     60     1956     606
     61      889    1076
     62     2074    2547
     63     1856     453
     64     2160    5603
     65      726    3176
     66     7647    4551
     67     5846    3768
     68     2363    2729
     69     3443    2110
     70     9052    9936
     71     3557    4682
     72     1353    1931
     73     5097    2526
     74     9984    2074
     75     3756   16354
     76     1674    1772
     77     2882    4467
     78     2483    6708
     79     1642    1650
     80     1291     888
     81     4837    5413
     82     1849    7216
     83     6235    3659
     84     1151    4090
     85     4993    2465
     86     2311    6730
     87      897    2154
     88     6861    6002
     89     9447    7905
     90     1885    4131
     91     1899    3292
     92     7812    1753
     93     1299    3403
     94    10944    8591
     95     5416    4349
     96     4719    1462
     97      347    1490
     98    20479    6599
     99     2428    4647
    100     6856    5425
    101     1636    1163
    102     3137    1281
    103     1045     571
    104     2527   11598
    105     6207    5316
    106     3032    2554
    107     1735    3610
    108     2243    5249
    109     8902    3014
    110    11935    7336
    111      417    1667
    112    17716    5695
    113     3624   10749
    114     3209    3527
    115    10218    3059
    116     7764    2801
    117     3711     995
    118     4776   12426
    119     2535    1001
    120     1912    7084
    121     4314    3654
    122    11626    6432
    123     8563   13427
    124     3368    8931
    125      945    3771
    126     2376    3471
    127     1445    2610
    128     1030    3081
    129     1417     763
    130    18022    3995
    131    16029    6629
    132     2036    7343
    133     1845    6228
    134     3272   12693
    135     1647    4408
    136    23531    4721
    137    27761    8225
    138     2444    1637
    139    11464    2450
    140     8597    4101
    141    10201    3171
    142     4174    1449
    143     2524     752
    144     2017    2616
    145     2707    7062
    146    19239    7509
    147     2422    3361
    148     2869    1588
    149     1002    1632
    150     6609   10793
    151     1035    1471
    152     4142    3087
    153     7220    5937
    154     4174    6644
    155     9929    7518
    156     5211    3401
    157     1475    1319
    158     1945    1359
    159      690    3253
    160     1318    1902
    161     2839     843
    162     9218    3421
    163    25174    5445
    164     1375    2377
    165     2018    1403
    166    15041    7063
    167      635    2776
    168     3618    1675
    169     5560    8256
    170     4108    1932
    171    10207    6774
    172     1880    8641
    173     3178    2934
    174     5206    3915
    175      577    1082
    176     1821    3503
    177     6040    2774
    178     4705    8881
    179     3944   15175
    180     1540    3691
    181     2242    2298
    182     7826    1758
    183     2199    1377
    184     7743    2741
    185     4747    1173
    186      228     554
    187     1654    3045
    188    13698    3310
    189      604     204
    190    12024    7085
    191     1419    1124
    192     9547    8012
    193      917    1242
    194      920    4030
    195     5019    7194
    196     8799    7034
    197     3339    1014
    198     4280    7567
    199     3608    1032
    200     3044    4757
    201     3271    9232
    202     2721    3412
    203     6498    2780
    204      792     764
    205     1862    2882
    206     1712    3817
    207     1678    2511
    208     2969    2545
    209     1780    4392
    210      851    2508
    211     3440    2886
    212     6653    5575
    213     1116    5005
    214     6153    6864
    215     2096     467
    216     7151    5430
    217    11486    8778
    218     1689    1566
    219     1939    5357
    220     2939   13209
    221      557    1900
    222     2863    8762
    223      405    1390
    224     2114    5597
    225      586    1094
    226     5433    8862
    227     4297    2075
    228     8434    1886
    229     4757    3104
    230     3976    8078
    231     1216    3481
    232     1368    1365
    233     9359   26472
    234     1725    6966
    235     8869    3874
    236     3365    1629
    237     3138    1714
    238     3143   10262
    239     1159     811
    240     1522     568
    241     2201    8660
    242     4651    4224
    243    12265    2471
    244     7871    2911
    245     1401    1188
    246     3484    2332
    247     1875     890
    248     5282    3146
    249     4685    4211
    250     4924    1920
    251    10230   14574
    252     3339    9884
    253     1350     415
    254    12166    4254
    255     3059    2864
    256     2856    1076
    257    12065    2575
    258     2553    5433
    259    10702    3130
    260     1234    1094
    261      506    1409
    262     5571   15802
    263     4998    6783
    264     6022    5404
    265     9035    8418
    266     4838    1273
    267     8906    5647
    268     5917    3663
    269      981    2619
    270    14519   12196
    271      796    1769
    272     2479    7149
    273     5938    4363
    274     3119    1876
    275     3142    7019
    276    10095    5441
    277      855    1632
    278    11146    8296
    279     2727    3258
    280     3051    1864
    281     6018    9747
    282    10990    4975
    283     9599    2223
    284     4644    8637
    285     1310    1753
    286     5267   11681
    287      378    1199
    288     1241     585
    289      755    3565
    290     3996    6235
    291    15751    3844
    292     9806    2209
    293     3739    1453
    294    22758    6856
    295     1162    5218
    296     4157    1034
    297     7252   15555
    298     1809    1733
    299     4494    6774
    300     6784    2974
    301     1815    3253
    302    13078    3603
    303      644     260
    304     1286    5476
    305     4970    9767
    306     5388    9672
    307     7549    5673
    308     6304    3532
    309     1554    3817
    310     1311    1924
    311     1015     344
    312     8883    1819
    313     4603    2659
    314      954    4196
    315     4553   14547
    316      398    1895
    317     1021    1034
    318     4664   12296
    319     1390    1716
    320     3756    1638
    321     1061    3176
    322     3267    7984
    323     9714    3420
    324     1842    2376
    325     3470    1888
    326     7973   15802
    327     1917    4682
    328     2067    2271
    329    18331    5050
    330     2997    2938
    331     3671    8285
    332     1674     896
    333     1592    3225
    334     4857    2694
    335     1642     393
    336     2943    2340
    337     1645    2138
    338     3986    2557
    339     5699   14744
    340     1495    5575
    341     1060    5130
    342     4077    1452
    343     3510    1104
    344     4801    6002
    345    12781   18496
    346      938    3623
    347     1585    2313
    348     1715    3451
    349     1092    4217
    350    20262    4131
    351     1467     451
    352     4719    1020
    353     1009    2113
    354    12577    7720
    355     3521    2491
    356    12647    8156
    357     4799    6576
    358     3137    5364
    359      484    1012
    360     2301    1506
    361    11255    2885
    362     5001    1224
    363     1756    3422
    364     2384    5007
    365      851    3170
    366     1555    7336
    367      755    1667
    368     3048    5695
    369     2606    1873
    370     3038    4224
    371    12875    3861
    372     2352    1137
    373     1056    3383
    374     4776    1706
    375     1259    2156
    376     1552    5613
    377     3141     970
    378     1406    3125
    379    11926   11283
    380     3760    4982
    381      684    1105
    382    16972    6266
    383     4355    1186
    384     1386     752
    385     1417     385
    386     8751    4146
    387     2539    4551
    388    15459    9694
    389     1135    3771
    390     3596   11474
    391     1871    4428
    392     4456    8751
    393     3575    2304
    394     8143    2744
    395     5157   12649
    396    16326    4205
    397     1085     304
    398     4712   12395
    399     1845     669
    400      692    3298
    401     2401    5422
    402     3733    3503
    403     3819    2770
    404     2411    2145
    405     1145     359
    406     2214   10793
    407     1139    2372
    408    13003    2629
    409     9307    5403
    410     2150    4382
    411     7396   17319
    412     1976    7563
    413     3093     792
    414     1431    1255
    415     1268     582
    416     1318    2423
    417      820     767
    418    10045    4663
    419     3564    9390
    420     3676    4003
    421     1529    2266
    422    16303    7456
    423     1225    2442
    424     1447     559
    425     5095   14230
    426     2384    4666
    427     1903     758
    428     9081    3166
    429     1107    2929
    430     2043    8184
    431      577     123
    432     5896    5476
    433     8091    2485
    434     2856    9188
    435     7038    4269
    436     2202     634
    437      201     966
    438     2405    5237
    439      877     771
    440     1177     353
    441     2076    5840
    442      842     554
    443     7655    3103
    444     2394    6776
    445      700     145
    446     8049    7758
    447     1173    4350
    448     4154    8012
    449     2109     757
    450     2563    2902
    451     6847    3015
    452     3125    3103
    453     1609    1702
    454     2277    3585
    455     1593    2578
    456    19760   10055
    457     2228    5507
    458     4694    1653
    459     2306    1537
    460     1965    3049
    461     1504    3925
    462    13755    4666
    463     1183     513
    464    11091    2737
    465     1114    5413
    466     2080    3257
    467     2506    3527
    468     1669    5575
    469     2567    2297
    470     6718   11232
    471      899    2323
    472    13512    7450
    473    11486   15952
    474     2151    4793
    475     6855    5357
    476     5102    5530
    477     1148    5720
    478     7260    8762
    479     3867    2430
    480     6632    1461
    481      432    1572
    482     3193   14319
    483     2805    4476
    484     6097    6008
    485     4757    1609
    486     3976    2166
    487      493    1426
    488      615     945
    489    11890    3913
    490     2359    5517
    491     7904    3158
    492     2584    8641
    493     5677    3137
    494    12003   10262
    495      169     513
    496     1753    4530
    497     4681    5268
    498     6211    2027
    499     1162    4984
    500     1418     719
    501     4423    1798
    502     8708    2124
    503     3594    2039
    504     3279    1240
    505     4699   13408
    506     1808    6432
    507    14300   11704
    508     6466    7065
    509      773    1471
    510     2883    3562
    511     2483    1588
    512     2856    1263
    513     3659    2600
    514     6136    6581
    515     2457   11180
    516     4452    4262
    517     4521    1488
    518     6522   10532
    519     2627    6783
    520    10778    4477
    521    11076    9826
    522      938    3306
    523     8906    2195
    524     5587    5915
    525     1968    3004
    526    13410    5103
    527      511     226
    528     1865    1459
    529    14093    5657
    530     3085   13708
    531     3142     967
    532     2420    5441
    533      508     402
    534    14547    3111
    535     2181    3258
    536     9952    2378
    537     9132    8396
    538     7867    3117
    539     4127    6214
    540     2769    4959
    541     3258    1265
    542     5267    6842
    543     1579     657
    544     1241    1244
    545     2128     462
    546     5022    6235
    547    12987    3917
    548     8125    5786
    549      594    2266
    550     4146   14519
    551     4871    1541
    552      908     916
    553     8688    4153
    554     1809     622
    555     1824    6774
    556    12939    2858
    557     6460    2610
    558     2280    4581
    559      644    1641
    560     2067    4248
    561     2787    9767
    562     6869    7698
    563     7549   14872
    564     2463    3895
    565     3582    3024
    566     8997    4109
    567     1159    4195
    568      914    3627
    569     2359    3655
    570      536    1682
    571     7655    3124
    572     1956    4275
    573      415    1076
    574     6384    2547
    575     1856    5021
    576     1596    5603
    577      746    3176
    578     7647    3433
    579     5846    3426
    580     2363    4305
    581     3443     771
    582     9052    5866
    583     3067    4682
    584      714    1931
    585     5097    6706
    586     9984    2083
    587     3756    1931
    588     1674    4469
    589     2882    1708
    590     2483    1775
    591     1642    3905
    592     1652     888
    593    10783    5413
    594     2137    7216
    595     3148    3659
    596     1151    1485
    597     4993    3247
    598     2311    4502
    599     4025    2154
    600    12372    6002
    601     3334    7905
    602     1706    4131
    603     1899    2065
    604     7812    1698
    605      837    3403
    606     9318    8591
    607     5416    2449
    608     4719    1079
    609     1117    1490
    610     3051    6599
    611     1153    4647
    612     6856    5517
    613     3163    1163
    614     3137    1596
    615     1045    3635
    616     2538   11598
    617     1392    5316
    618     1805    2554
    619    14456    3610
    620     2243    3392
    621     5001    3014
    622     8487    7336
    623      365    1667
    624     1478    5695
    625     3624    2471
    626     3209     697
    627     4369    3059
    628      769    2801
    629     3711    2388
    630     4776    5529
    631     2535    1155
    632     3170    7084
    633     1929    3654
    634     7531    6432
    635     3363   13427
    636     3368     953
    637      969    3771
    638     2376    7468
    639     1234    2610
    640     1826    3081
    641     1417    3637
    642    18022    3873
    643     3685    6629
    644     2036    2351
    645     5068    6228
    646     3272    3109
    647     1647    2375
    648    23531    5160
    649     2232    8225
    650     5699    1637
    651    11464    7503
    652     8597    3918
    653     3592    3171
    654     4174   15850
    655     2524    1271
    656     2017    2694
    657     2707    2958
    658    19239    8075
    659     2422    8231
    660     2869    1708
    661      980    1632
    662    15901   10793
    663     1035    1787
    664     8861    3087
    665     7930    5937
    666     4174    1110
    667    14534    7518
    668     5211    5696
    669     1475     356
    670     3322    1359
    671      889    3253
    672     1318     922
    673      830     843
    674     6658    3421
    675    25174    5147
    676     1375    3409
    677     2018     863
    678     6725    7063
    679     1262    2776
    680     3618    1440
    681     5560    7737
    682     4108    2734
    683     5130    6774
    684     2782    8641
    685    11433    2934
    686     5206    4269
    687      577    1144
    688     1821    1973
    689     6040    2552
    690     4705    2479
    691     3094   15175
    692     1540    2021
    693     2242    7255
    694     7826    3479
    695     2199    2047
    696     2996    2741
    697     4747    4667
    698      560     554
    699     6001    3045
    700    13698    3466
    701      604    2562
    702    11032    7085
    703      630    1124
    704     2253    8012
    705     2275    1242
    706    12010    4030
    707     8414    7194
    708    14697    7034
    709     3339     688
    710     4280    4650
    711     3608    3650
    712     3044    5298
    713     4641    9232
    714     5566    3412
    715      929    2780
    716     1173     764
    717     1862    3293
    718    17226    3817
    719     1678    4078
    720     2969    6063
    721     1780    1021
    722      851     749
    723     5943    2886
    724     6625    5575
    725     1310    5005
    726     6153    4368
    727     2096     468
    728     7151    2020
    729    11486    2365
    730      462    1566
    731     1492    5357
    732     4479   13209
    733     1875    1900
    734     1857    8762
    735     3462    1390
    736     9211    5597
    737      586     478
    738     5433    5457
    739     4297   11312
    740     8434    3048
    741     4757    9129
    742     3976    2996
    743     1216     311
    744     3082    1365
    745     9495   26472
    746     5754    6966
    747     2737    3874
    748     3365    7012
    749     3138    4470
    750     5794   10262
    751      771     811
    752      231     568
    753     2480    8660
    754     1278    4224
    755    12265    2513
    756     1596    2911
    757     1401    2389
    758     5224    2332
    759     1875    1149
    760     5282    2698
    761     4685   18341
    762     4924    4512
    763     4070   14574
    764     2783    9884
    765     1350    2990
    766    12166    3123
    767     1492    2864
    768     2856     985
    769      629    2575
    770    17674    5433
    771    10702    8050
    772     3218    1094
    773     6407    1409
    774     4562   15802
    775     1609    6783
    776    15134    5404
    777    24533    8418
    778     4838    2038
    779     8906   10423
    780     5917    4356
    781      981     385
    782     2873   12196
    783      796     697
    784     3736    7149
    785    11390    4363
    786     3847    1876
    787     3142    2848
    788     2201    5441
    789      503    1632
    790     2543    8296
    791      754    3258
    792     3051    3222
    793     6018   14614
    794    10990    2779
    795     9599    3991
    796     4644    3064
    797     1310    2298
    798     5267    2193
    799     1201    1199
    800     1241     718
    801      786    3565
    802     2354    6235
    803    15751    3598
    804     9806    3577
    805     3739     813
    806    22758    7663
    807     5458    5218
    808     4157    1318
    809     3403   15555
    810     1809    1771
    811     2102    6774
    812     6155    2974
    813     6292    3253
    814     2387    3603
    815      644     181
    816     7294    5476
    817     3164    9767
    818     5388    1688
    819     7549    2353
    820     6304    2180
    821     2028    3817
    822     1311    2185
    823     1015    3851
    824     8883    1808
    825     4603     996
    826      863    4196
    827     3102   14547
    828     1558    1895
    829      283    1034
    830     3794   12296
    831     1390    3758
    832     3756     771
    833      659    3176
    834     4579    7984
    835     9714    3774
    836     1842    4658
    837     3470     993
    838    21310   15802
    839     1907    4682
    840     2067    5853
    841    18331    4182
    842     2997    1219
    843     3671   10000
    844     1674     882
    845     1592    2950
    846     4857    5789
    847     1642    1154
    848     2943    5380
    849     1645    3275
    850     3986    2554
    851     3684   14744
    852     4513    5575
    853     3933    5130
    854     4077    9780
    855     1412    1104
    856     5255    6002
    857    12781    9300
    858     2653    3623
    859     1585    3044
    860     2993    3451
    861     1044    4217
    862    20262    4298
    863     1467    6347
    864     4719    2036
    865      455    2113
    866    10953    7720
    867     3521    2156
    868    12647    2786
    869     4799    7474
    870     3137    6278
    871      561    1012
    872     2764    1506
    873    11255    2431
    874     5001    1330
    875    14435    3422
    876     2384    3634
    877    13052    3170
    878     2560    7336
    879      562    1667
    880     1240    5695
    881     1018    1873
    882     1431    4224
    883     1712    3861
    884     2352    1664
    885     1057    3383
    886     4776    1314
    887     6224    2156
    888     1552    1471
    889     3141    2684
    890     1406    3307
    891    11926   11698
    892     3760    4902
    893     1230    1105
    894    16972    4673
    895     4355    1424
    896     1470     752
    897     1417     390
    898     9271    4146
    899    17175    4551
    900     8879    9694
    901     5778    3771
    902     3596    4328
    903     1871    2355
    904     4456    1130
    905     3575    5921
    906     8143    2236
    907     6307   12649
    908    16326    3814
    909     1085    2867
    910     4712    4904
    911      679     669
    912     1325    3298
    913     2401    4598
    914     3733   12081
    915     3819    8822
    916      458    2145
    917     1145    1273
    918     3512   10793
    919     1139     886
    920    13003    2650
    921     5843    5403
    922     2150    3372
    923    17067   17319
    924     3235    7563
    925     3093     883
    926     3836    1255
    927      311     582
    928     1318     350
    929     2849     767
    930     5831    4663
    931     3564    1202
    932     3676    1783
    933     1057    2266
    934     5463    7456
    935      672    2442
    936     1447    2556
    937     5095    1763
    938     1537    4666
    939     1903    6016
    940     9081    5475
    941    13504    2929
    942     1823    8184
    943      577     129
    944     6871    5476
    945     8091    2841
    946     2856    2172
    947     7038    5060
    948     2202    5078
    949     2041     966
    950     3253    5237
    951     1322     771
    952     1177    2388
    953     2561    5840
    954      187     554
    955     7655   10280
    956     1668    6776
    957      700    2621
    958    15007    7758
    959      876    4350
    960     2669    8012
    961     1083     757
    962     2563    1128
    963     6847    4179
    964     3125    3931
    965     1965    1702
    966     2003    3585
    967     1593    2104
    968    24272   10055
    969     2228    3725
    970     4694    1759
    971     5121    1537
    972     1965    4206
    973     1504    2250
    974     5183    4666
    975      495     513
    976    11091    5871
    977     2277    5413
    978     1055    3257
    979     6877    3527
    980     1288    5575
    981     2567    2708
    982     8977   11232
    983     1197    2323
    984     8626    7450
    985    11486    8606
    986     2151    1395
    987    10693    5357
    988     5102    7679
    989     1284    5720
    990     8282    8762
    991     3867    2978
    992     6632    4136
    993      446    1572
    994     5710   14319
    995     2805    8911
    996     2337    6008
    997     4757    1371
    998     3976    1279
    999      723    1426
   1000      615     420
   1001     6964    3913
   1002     2359    1449
   1003     3702    3158
   1004     2808    8641
   1005     5677    3047
   1006     3597   10262
   1007      169     298
   1008     1753     597
   1009     4681    1165
   1010     6211    2197
   1011     1160    4984
   1012     1418    2192
   1013     4423    1779
   1014     8708   16519
   1015     4549    2039
   1016     2003    1240
   1017     4699    9144
   1018     1811    6432
   1019    14300   10130
   1020     6466    2819
   1021      577    1471
   1022     9283    3562
   1023     2483    1276
   1024     2856     855
