   2048  228536 
      1    10806    5155
      2     6927    1646
      3     1172    5273
      4      945    2445
      5     5811    2659
      6     3825    6869
      7     6505   14634
      8     3866    2284
      9     4061    8754
     10     1746    8203
     11     1869     806
     12      449    2059
     13     1399    5388
     14      830     733
     15     6393    2763
     16     1217    1492
     17     4487    3892
     18     2338    1895
     19      528    1582
     20      173     360
     21     5193    8105
     22     7234    2024
     23     2054    2514
     24     1822    3194
     25      908    4058
     26     1146    3538
     27      766    1722
     28     1246     576
     29     1118    1913
     30     4951    3920
     31     6961    2213
     32     1349     417
     33     1567    1111
     34     7786    2434
     35     9109    2308
     36     1293    1805
     37     4482    4518
     38     1071    4343
     39    24236   10810
     40     3206    1867
     41     6431    1366
     42    13863    6437
     43     3021    2329
     44      963     822
     45    11574   10574
     46     4920    1235
     47    18619    7852
     48     1757    3886
     49     5176    2050
     50     3927    1591
     51     2366    5897
     52     2614    1024
     53     9571    4507
     54     6930   10651
     55     2561    2150
     56      341     651
     57     1886     536
     58     4853    1500
     59     3648    6936
     60     1179    1411
     61     1058    1488
     62     6010   10634
     63     5982    9156
     64     1355     280
     65     2231    7369
     66     4227    2656
     67      320     268
     68     1402    4133
     69      439    1015
     70      714    1907
     71      742    3663
     72     1712    2688
     73     2361    5493
     74     9719    2064
     75     3696    3377
     76     1887    2470
     77     2770    2711
     78     1249    4308
     79      951    3268
     80     1378     323
     81     4053    2680
     82    17067    4432
     83     5503    2935
     84      328     231
     85     3682    3201
     86     3507    4647
     87     4472    4412
     88      383     285
     89     5449    1093
     90     4741    1728
     91     1547     830
     92     3465    3592
     93     1038    3629
     94     3546    1069
     95     4061    3405
     96      128     443
     97     3628    6584
     98     4842    3615
     99      519    1793
    100     1480    3602
    101     2898    2737
    102     8627    6830
    103    13370    2929
    104      655    1677
    105     7376    6708
    106     3595    4673
    107      736    1098
    108      746     416
    109     6170    2763
    110     1847    2632
    111     6123   18730
    112     1250    4610
    113     2010    7295
    114     2061    7318
    115     4316   13055
    116      203     506
    117     1903     959
    118    10141    2142
    119     7957    4146
    120     1235     968
    121     3192   12484
    122    11433    3063
    123     5262    1267
    124     1839     394
    125     2174    2882
    126     2423    2530
    127     1307    6273
    128     1694     881
    129     2940    1588
    130     5745    5403
    131     4577    2023
    132     1684    3342
    133     4881    2302
    134     2946    3623
    135    16990    6479
    136      643     387
    137     1806    5105
    138    19256   12383
    139      626    1802
    140     1747    3531
    141     7202   12939
    142     2182    5285
    143     5875    6181
    144      553     454
    145     9215    9187
    146    28864    6831
    147     2514    2581
    148     1168     832
    149     5454    2458
    150     1057    1898
    151     1704     348
    152     1847    2929
    153    10236    4344
    154      611    1037
    155     1282     924
    156     4814    1003
    157      316    1425
    158      905     506
    159     3866   18214
    160      457     469
    161     2278     513
    162     3742   13429
    163     2906    1590
    164     3345    1680
    165     2330    4418
    166     3418    1589
    167    23784    6490
    168     1747    2672
    169     6458    3349
    170     4507    7905
    171     4383    1665
    172     2736    1610
    173     1636    4002
    174      866    2544
    175    20580   16543
    176      788    3599
    177     6861    2834
    178     2277   10363
    179     1757    5557
    180     1139    1413
    181     2658    2927
    182     9128    1872
    183    12974    5446
    184      705    1914
    185     1409     552
    186     9671    5915
    187     2241    1045
    188     5247    2913
    189     2651    2878
    190     4306    2299
    191     3805   13639
    192      422     100
    193     6163   13124
    194    14795    6721
    195      290     484
    196     4915    2226
    197     8823    1796
    198     1539    1218
    199     7821   13389
    200     2312    1058
    201     2934    5567
    202     4200    2390
    203     1211    1754
    204     3807    2302
    205     3765    4219
    206      917     921
    207     1296    1452
    208     1779     374
    209     3546    8402
    210     2681    3665
    211     4559    3457
    212      377     408
    213     3138    3087
    214     2615    3813
    215     3154   12108
    216     1772    1091
    217     7540    1741
    218     4630   15871
    219      741    3551
    220      824    3601
    221     1304    2672
    222      847    2211
    223     1273    1608
    224      629     798
    225    14589    8977
    226     5640    1470
    227     1078    1026
    228     1525    2058
    229     2753    7099
    230      458    2278
    231    18355   12799
    232      512    1144
    233     3269    4721
    234     4820    1809
    235     3844     831
    236     1213    1398
    237      839    4090
    238     6140    2883
    239     1623    2595
    240      412     879
    241    17077    8481
    242     4816    9045
    243      903    4263
    244      591     259
    245     8953   20898
    246    11763    3577
    247     6834    1492
    248     2297     894
    249     2954    1317
    250     7899    9497
    251     5262    1076
    252     1128     235
    253      514     590
    254      667    2824
    255     1646    2092
    256      767    1696
    257    23374    6428
    258     6657   11239
    259     4365    2942
    260     2365    2242
    261     1595    5543
    262     4786    4934
    263     3232    9950
    264     3244    1228
    265     4968    8754
    266     3600     748
    267      949     713
    268      692    3455
    269     2051    8093
    270     3712    7538
    271     7349    2047
    272      579     142
    273     2206    3580
    274     3255    2020
    275      577    1956
    276      481     846
    277     4832    3296
    278     4466    4232
    279     1760    5416
    280      844    2951
    281     5686    6789
    282     2826    5646
    283     4458    2707
    284     5417    1112
    285      903     229
    286     1864    1111
    287     9166    1953
    288      577     732
    289     1279    6239
    290     8321    1699
    291     1295    1308
    292     1772    1055
    293     1295     381
    294     3298    1761
    295    11388   18058
    296     2787     765
    297     6431    3705
    298     3434    8519
    299     1048    1540
    300     2572     580
    301     2102    1759
    302      588    1073
    303     3918   10144
    304      938     623
    305     2455    3075
    306     7530   13397
    307     3592    1641
    308     4398    2942
    309     8374    4940
    310     7245   30177
    311    11103    3716
    312     2040     494
    313     1649     377
    314     4853    1711
    315     2095    1848
    316     1731    4308
    317     2947    1301
    318     4300    2693
    319     4654    4150
    320      920     525
    321     8021    4018
    322    12590   10750
    323      877     226
    324     3658    6690
    325     3863    4229
    326      965    3274
    327     1275    3522
    328     1734    1598
    329     3086    6729
    330    13927    4193
    331      688    3068
    332      562    2389
    333     2814    6596
    334     1618    2026
    335    12263    7657
    336      913    3350
    337     2324     591
    338    23035    7864
    339     4466    3319
    340     2064     439
    341     1627    2266
    342    10608    2255
    343     3250    4170
    344     2126     746
    345     4195   19373
    346     2217    6251
    347      630    1375
    348     2591    1888
    349     1476    1785
    350     2985    1845
    351     4063    1231
    352      322     201
    353     6751    3222
    354      864    3423
    355      400    1169
    356     2543     993
    357     1114    4070
    358    12348   10690
    359    25751   14695
    360     3886    1383
    361     2568    5826
    362    16390    4882
    363     2386    1361
    364     1291    1403
    365     5144    3331
    366      363     599
    367     5009    2668
    368     1219     948
    369     2054    4390
    370     3843    2594
    371     3774    6668
    372      505    1289
    373     8909    3687
    374     6667   11968
    375     5639    2772
    376     1624     609
    377     2386     999
    378     3890   13085
    379     1167     358
    380      907     602
    381     2217     717
    382     7185    5271
    383     4193    8916
    384      725     250
    385     3167    7408
    386     5251   10153
    387     3052     881
    388     1281    3309
    389     1733    6098
    390     1916     404
    391    10268    7305
    392     1249     516
    393    16483    8686
    394     4029    7284
    395     1971    1077
    396     2823    2223
    397     3530    2021
    398     1058    5285
    399     7867    6483
    400      406     659
    401    14001    9134
    402     2358   10726
    403     1818     490
    404      694    1806
    405     2151    9023
    406     8088   16523
    407      836    4024
    408     1649     844
    409    17682    7951
    410      654    2830
    411     3933     907
    412     1557    2055
    413     1802    1429
    414     1465    6365
    415     3707    7700
    416      169     465
    417     1626    2272
    418     7686    8094
    419     2417    1385
    420     2487    6528
    421     3157    1004
    422     3418    2950
    423     9806    5264
    424     2566    2132
    425    11467    4192
    426      397     476
    427     2603     821
    428     3112    1549
    429    14974    3022
    430     4738    1994
    431    12857    8472
    432      782    2330
    433     1580    1265
    434     5760    3040
    435     3641     881
    436     6392    2928
    437     2049    1673
    438    13595   13923
    439     6353    4743
    440      659     655
    441     1790    1122
    442     7812    6766
    443     2568     534
    444     3440    3129
    445      502     241
    446     5927    2249
    447     3887    1849
    448      472     394
    449     5473    7869
    450     7448    5681
    451     1828    3188
    452     4064   13628
    453     1534    7309
    454     4311    1444
    455     2136    2388
    456     1008    2751
    457     6423    6988
    458     4168    3547
    459     5941    1575
    460     2214    4234
    461     3553   11810
    462     2836    2520
    463     1965    1246
    464      477    1799
    465      812    3707
    466     5974    5359
    467     6288   12276
    468      101     338
    469     9713    7614
    470     5276    2562
    471     7496    5601
    472     1855    8947
    473     5426    2539
    474     3236    6350
    475      710    3358
    476     1437    2200
    477      265     398
    478     4560    2787
    479    54921   11710
    480     1723     346
    481     8970    5419
    482     1918    2827
    483      767     166
    484     3599    2470
    485     3620    6270
    486     1600    7195
    487     4258   18477
    488     1215     442
    489     1558    7473
    490     4628   15637
    491     1953    2072
    492     2455    1101
    493     1653     590
    494     7018    1700
    495    12262    7388
    496      732     232
    497     7363   14961
    498     6254   16590
    499     4687    1583
    500     1104    1585
    501     9537   26894
    502     2588    5124
    503     6834    7167
    504      821    1453
    505     3334    1584
    506     7899    2148
    507     1296    1703
    508      210     246
    509      853     372
    510     3350    4678
    511     2058    3738
    512     2249     625
    513     6839    7175
    514     2031    5631
    515     1489     608
    516     7096    2777
    517     6878    8382
    518     3033    2347
    519     3240   14634
    520     1753    2497
    521     1798    8754
    522     1788    8303
    523     1821    1706
    524      476     546
    525     1326    5346
    526     1015    2852
    527     4278    1505
    528      713    2414
    529     1168    2795
    530      678    1895
    531      820    1956
    532      130     592
    533     9828    3691
    534     2957   13420
    535     3347     831
    536     1822    1111
    537     4073    7099
    538     4196    2575
    539     3102     788
    540      474     829
    541     1118    1996
    542     4951    3085
    543     6961    8915
    544      135     315
    545     4313    1396
    546      503    1194
    547     7695    2587
    548      827    2970
    549     3556    5550
    550     3298    1260
    551    22806   19499
    552     3679    1826
    553     3611   11151
    554    27325    6366
    555     3021     624
    556      422     544
    557     5661   13219
    558      694    1872
    559    16634    4103
    560     1545    3084
    561    10039    2309
    562     7530    2665
    563     4052    8745
    564     1608     628
    565    15822   12819
    566     7317   12446
    567     1031    5000
    568     3142    1527
    569     1886     929
    570     4853    4051
    571     2732    8047
    572      532    1921
    573     1700    1048
    574     9683    4550
    575     3678    5127
    576      362     240
    577     2266    7369
    578     5443    3709
    579      646     268
    580     4903    6163
    581      953    1015
    582     2864    1367
    583    13995    9628
    584     1712    2764
    585     4552    5493
    586     2416    4480
    587     5128    2236
    588     2714    4100
    589     6949    3865
    590     2082    4308
    591     7415    5693
    592      363     106
    593     1942    6756
    594     1799    8581
    595     1338    2935
    596      953     928
    597     7108    2093
    598     9994    2250
    599     3935    3251
    600     1414     989
    601     1070    2212
    602     4741    2056
    603     1547     582
    604     1647    5474
    605      939    3629
    606      808    2947
    607     6883    5631
    608      227     609
    609     8076    2814
    610     2580    3615
    611      510     596
    612     2341    3532
    613     3285    4603
    614    20825    4342
    615    10444    4073
    616      641     654
    617     6717    6708
    618    18206    6743
    619      626    1907
    620      746    1068
    621     4144    2793
    622     1788    2632
    623    11233   18730
    624     1326    3594
    625      841    2254
    626     1782    3141
    627     3461   14080
    628      788     506
    629     4306    5657
    630    10141   11548
    631     3195   15018
    632      313     968
    633     4994    3659
    634    11433    7109
    635     2252    1231
    636      635     412
    637     3183     937
    638     5482    6629
    639     2356    6273
    640     1065    1128
    641      426    1588
    642     1965    5403
    643     4308    2309
    644      767    1202
    645     2510    1647
    646      468    1824
    647    17053    6778
    648     1124    1317
    649     4261    3581
    650     6239   16506
    651     1779    1939
    652     6144    1309
    653     3418    1910
    654     1429    4491
    655     2784    6441
    656     1032     857
    657    15706    9187
    658     7028   13536
    659     3974     981
    660     2160     728
    661     5454    1324
    662     5881    2149
    663     1704    3728
    664     3427    1143
    665    18143    6222
    666     1504     462
    667     1381     924
    668     4877    2035
    669      330    1425
    670     1487     746
    671    31568    8354
    672     1300     314
    673     1479    3292
    674     3309    5353
    675     1221    1590
    676     3877    6450
    677     1361    1132
    678     2615    2218
    679     4877    2818
    680      735    2641
    681     2427    5048
    682     5103    7905
    683      959    3644
    684     2736     886
    685     1636    1116
    686     2251    1680
    687     5526   10607
    688     2501    1852
    689     4477    4512
    690     6153    1771
    691     3641    4132
    692     3071     758
    693     5874    2834
    694     9781   12740
    695     5511    1733
    696      614    1016
    697     1270     533
    698     9399    6977
    699     2482    4413
    700     2934    1773
    701     3531    1672
    702     4226    1454
    703     6758    3057
    704      201     134
    705     8285    4919
    706     5121    3476
    707     1352     704
    708     4915    4310
    709     3319    2285
    710     1218    1448
    711     1750    5483
    712     2312    2141
    713     4608    9594
    714    11847    2576
    715     6987    1594
    716      880    3700
    717     2655    5886
    718     3034     621
    719     5442    1126
    720     1779     638
    721     3546    1050
    722     4999    4257
    723     3045    4544
    724      201     820
    725     9713    2866
    726    10046    3403
    727     5610    6617
    728     3649    1655
    729     7540   11300
    730     4888   13585
    731      706    3263
    732     2092    1362
    733     1304     396
    734     1348    2211
    735     7423   11533
    736      295     798
    737    34391    6951
    738     5028    1357
    739      654     753
    740     2144    2058
    741     2683    1674
    742     2613    2278
    743    27237   21641
    744      851     963
    745     7116    1519
    746     4820    4724
    747     1916    2072
    748      419    1126
    749     1923    3178
    750     2389    2311
    751     7931    7522
    752     1278     504
    753    19683    6480
    754     2299    4151
    755     1532    3529
    756      591     253
    757     4288   11586
    758     5045   21432
    759     5001    1914
    760      296     894
    761      468    1317
    762     7236    2522
    763     5262    2808
    764      688     675
    765     1552    3230
    766      898    2824
    767      711    2092
    768      344     535
    769    19778    9899
    770     3159   15528
    771     2767    2939
    772     4962    3507
    773     2758    1810
    774     6002    2686
    775     2368    4684
    776     1775     643
    777     1934    8754
    778     3600   11840
    779     1279    2777
    780      314     955
    781     2519    2641
    782     6138   11014
    783     3198   14724
    784      579     975
    785     8070   10849
    786     7540   14317
    787     2066    1956
    788     1678    2581
    789     9828    2966
    790     2768    3864
    791     1932    2294
    792     1605    4027
    793     3037    4368
    794     2355    7395
    795     3824    2509
    796     3462    1375
    797      329     388
    798     3621    1033
    799     2868    9309
    800      568     155
    801     3075    3332
    802      872    3417
    803      781    2299
    804      585    1915
    805     1875    1175
    806     3298    1192
    807     3510    3643
    808      468    1691
    809     2204    7063
    810     5526    1519
    811      743     341
    812     2572    1568
    813     7822   10401
    814      816    2435
    815     3034    3546
    816      938    2181
    817     6140    1514
    818     6015    3927
    819     3592    2022
    820     2951    2337
    821     3849    8351
    822    14247    3025
    823    15111    3434
    824     1801     611
    825     1649    2542
    826     4147    1709
    827     6380    4324
    828     1638    4730
    829     4134    1235
    830     5383    7140
    831     4531   11907
    832      354    1593
    833     4104    2817
    834     6289   12009
    835      398     310
    836     3621    1995
    837     1293    3596
    838      695    3274
    839     5396    1427
    840      696    2867
    841    11004    3006
    842     4420    1759
    843      789    2031
    844     2902    1060
    845    11435   11421
    846     3260     942
    847    12263    8909
    848      828    1707
    849     1936    1012
    850    20403    6943
    851      754    3319
    852     1558     923
    853      764    2266
    854     4714    1795
    855     5941    5036
    856     2486     893
    857     5583    8077
    858     2524    7950
    859      743    1831
    860     1918    4485
    861     1270    1785
    862     4073     945
    863     5742   18559
    864     1342     435
    865     2267    1932
    866     3645    3423
    867     1029     654
    868     2543    1478
    869     9040    2294
    870     3927   16023
    871    44782    9209
    872     1188     931
    873     7699    4934
    874     2000    9292
    875     1985    1644
    876      998     258
    877     3333    3124
    878      616     845
    879    29371   17141
    880     2576    2046
    881      947    1022
    882     1262    6015
    883     3842    6668
    884      674    1400
    885    10921    3785
    886     6667   12784
    887     4645    2417
    888     1002     770
    889     1636    6586
    890     6698    1404
    891     4095    1287
    892      932     589
    893     1909     812
    894     7185    1581
    895     2914    2490
    896      993    1537
    897     3165    4559
    898     3835    7591
    899     3139     909
    900     1281     494
    901    11953    6098
    902      730     828
    903     9612    6463
    904     1249     270
    905     5883    7210
    906     4129   16506
    907      653    1907
    908     8501    2938
    909      654    2021
    910     1934    3879
    911     7867    2122
    912     2033     771
    913     4440    3960
    914     8218   10726
    915      791    2091
    916     1432     653
    917     4374    1893
    918     3296   10057
    919     1695     967
    920     3427    1439
    921     2093    7951
    922     1927    2830
    923     3457     934
    924     2415    2055
    925      338     716
    926     3242    5917
    927     4052    1598
    928     1369     404
    929      776    3808
    930     8356    6469
    931     1455    1920
    932     1381    1898
    933     3512    4546
    934     3418     823
    935     6302    2038
    936     1456    3750
    937    18729   12662
    938     1992    1718
    939      840    1433
    940     3112    7672
    941     8447    3846
    942     1284     402
    943     7901    8472
    944      553    2330
    945     1993    3247
    946     5760    3783
    947     2936    1541
    948      635    2928
    949     2049    2262
    950     5314   15885
    951     1639    4743
    952      700    1647
    953      889    2605
    954     7941    2793
    955     2155    7503
    956      912    1601
    957      873     910
    958     2296     533
    959     4880    1955
    960      160     253
    961     5473    3545
    962    14795    3897
    963     1828     423
    964     1216    2572
    965     3832    2822
    966     4344    1798
    967     6174   11730
    968     2234    4556
    969    13318    5234
    970     1450    4286
    971     3805    1773
    972     3609    7924
    973     4742    6118
    974     3389    1375
    975     3742    1534
    976      626    2307
    977    10919    2892
    978     8039    4576
    979     6316   15024
    980      597     662
    981     9713    2025
    982     2677   12947
    983     3669   15838
    984     2210    1130
    985     7165   17611
    986     2816    9521
    987     1394    1977
    988      589    2234
    989     1037     989
    990     8675    1769
    991     5016   11114
    992      328     593
    993     9339   11536
    994      583    1940
    995      311     718
    996     2765    1243
    997     2347    8930
    998     1768    6550
    999     2212    3164
   1000      341    1317
   1001    11787    7473
   1002     4400     942
   1003      542    2072
   1004     1833    2571
   1005     1716    1466
   1006     3046   12395
   1007    12262    3504
   1008      335    1198
   1009     7469    2464
   1010     4530    9496
   1011      843    2680
   1012      415     386
   1013    15606    3668
   1014    11503    4173
   1015     6834    3134
   1016     2911     735
   1017      409    1584
   1018     7899    1832
   1019     3966    5073
   1020     1128    1298
   1021     1308    2274
   1022     4672    1609
   1023     3287    1203
   1024     1370     557
   1025    10806    3997
   1026     6927   20875
   1027     1165    5273
   1028      945     332
   1029     5811    5723
   1030     3825     867
   1031     4001   14634
   1032     3866    1139
   1033     7829    8754
   1034     1774    8203
   1035      359     806
   1036      461    2059
   1037     2000    5388
   1038      830    2119
   1039     6393   15501
   1040     1217     922
   1041     6437    3892
   1042     3044    1895
   1043      528     374
   1044      173     232
   1045     4635    8105
   1046     7234    6112
   1047     1293    2514
   1048     1822    1973
   1049     5665    4058
   1050     3050    3538
   1051      590    1722
   1052     1246     878
   1053     1118     583
   1054     4951    1592
   1055     6961    3061
   1056      149     417
   1057     1567    3525
   1058     1682    2434
   1059     2148    2308
   1060     1293    1165
   1061     4482    1032
   1062     2227    4343
   1063     9145   10810
   1064      473    1867
   1065     6431    1302
   1066    15481    6437
   1067     3021    1517
   1068     1187     822
   1069    11574    5586
   1070     4920    1397
   1071     3885    7852
   1072     1757     608
   1073     5176    5324
   1074     3603    1591
   1075     1686    5897
   1076     2614    1918
   1077     6251    4507
   1078     6930   17994
   1079     1228    2150
   1080      341     876
   1081     1886     524
   1082     4853    4360
   1083     3648    4591
   1084     1179    1398
   1085     1051    1488
   1086     3673   10634
   1087     3203    9156
   1088     1355    1438
   1089     5669    7369
   1090     8363    2656
   1091      507     268
   1092     5139    4133
   1093      231    1015
   1094     5797    1907
   1095    13253    3663
   1096     1712     679
   1097     2132    5493
   1098     9719    2416
   1099     4611    3377
   1100     1947    2470
   1101     8665    2711
   1102     2100    4308
   1103    11312    3268
   1104     1378     702
   1105     4053    4076
   1106    17067    6433
   1107     1892    2935
   1108      328     697
   1109     6031    3201
   1110     1821    4647
   1111     4699    4412
   1112      383     704
   1113     5449    1119
   1114     4741     963
   1115     1547    1264
   1116     3465    2781
   1117     1673    3629
   1118     3546    1878
   1119     2822    3405
   1120      128     166
   1121     4448    6584
   1122     1711    3615
   1123      519     753
   1124     1480    3478
   1125     2898    1866
   1126    12198    6830
   1127    13370   13016
   1128      655     637
   1129     4929    6708
   1130    18798    4673
   1131     4384    1098
   1132      746     691
   1133     6570    2763
   1134     2036    2632
   1135    13012   18730
   1136     1250    1570
   1137     1796    7295
   1138     2061     780
   1139     4316    1025
   1140      260     506
   1141     1903    6513
   1142    10141   12725
   1143     7957    5156
   1144     1035     968
   1145     3022   12484
   1146    11433    6605
   1147     5262    1189
   1148     1839     414
   1149     1952    2882
   1150     4762    2530
   1151     3494    6273
   1152     2412     881
   1153     1843    1588
   1154     2943    5403
   1155     1614    2023
   1156     1684    1740
   1157     4881    2149
   1158     2946    3808
   1159    14520    6479
   1160      481     387
   1161     5960    5105
   1162    19256    4123
   1163     3057    1802
   1164     4187    3531
   1165     7202    1951
   1166     2144    5285
   1167     5875   10620
   1168      553     403
   1169     8551    9187
   1170    28864    6705
   1171     1018    2581
   1172     1793     832
   1173     5454    6078
   1174     1057     251
   1175     1704     854
   1176     1580    2929
   1177    10236    6210
   1178      893    1037
   1179     1284     924
   1180     4814    1032
   1181      301    1425
   1182      905     240
   1183    20665   18214
   1184     1106     469
   1185     2278    5567
   1186     2920   13429
   1187      491    1590
   1188      532    1680
   1189     1334    4418
   1190     3418    6543
   1191    23784    4860
   1192     1747    1843
   1193     6458    1699
   1194    19339    7905
   1195     4383    1979
   1196     2736    2420
   1197     1636     458
   1198     3901    2544
   1199    13032   16543
   1200     3452    3599
   1201     6861    1678
   1202     3876   10363
   1203     1884    5557
   1204     1932    1413
   1205    11115    2927
   1206     9128   41725
   1207     1945    5446
   1208     4398    1914
   1209     1409     469
   1210     9671    8662
   1211     2241    8134
   1212     5247    1817
   1213      683    2878
   1214     1151    2299
   1215     2953   13639
   1216      422     160
   1217     6163    3203
   1218    14795   19405
   1219      290     220
   1220     4915    7104
   1221     8823    3090
   1222     2579    1218
   1223     7821    1801
   1224     2312    3994
   1225     2934    6655
   1226     7647    2390
   1227     6367    1754
   1228     3807    4017
   1229     3765    7408
   1230     2117     921
   1231     1296    1328
   1232     1779     505
   1233     3546     936
   1234     2681     592
   1235     4559    1087
   1236      377     623
   1237     6575    3087
   1238     7431    3813
   1239     2456   12108
   1240     1877    1091
   1241     7540    8754
   1242    21708   15871
   1243      776    3551
   1244     1268    3601
   1245     1304     617
   1246     6016    2211
   1247     6150    1608
   1248      238     798
   1249    14589    7978
   1250     1024    1470
   1251     1078    1576
   1252     1111    2058
   1253     2753    1831
   1254      459    2278
   1255    18355    8842
   1256      339    1144
   1257    13139    4721
   1258     4820    3022
   1259     3844    1241
   1260     1213    1148
   1261     1078    4090
   1262      878    2883
   1263    10639    2595
   1264      412     551
   1265     7439    8481
   1266     4816    4956
   1267      981    4263
   1268      591     143
   1269     8953    8508
   1270    11763   20290
   1271     6834    1793
   1272     1161     894
   1273     2432    1317
   1274     7899    1805
   1275     5262    1422
   1276     1128    1467
   1277     1038     590
   1278     1952    2824
   1279      468    2092
   1280      369    1696
   1281     8503    6428
   1282     6657    1385
   1283     6102    2942
   1284     2365    1265
   1285     1163    5543
   1286     1216    4934
   1287     7062    9950
   1288      600    1228
   1289    11769    8754
   1290     3600     830
   1291      949    3500
   1292      694    3455
   1293     1752    8093
   1294     3712    8791
   1295     7349    2998
   1296      579     801
   1297     9886    3580
   1298     4285    2020
   1299     1195    1956
   1300     2142     846
   1301     4996    3296
   1302     4466    7861
   1303     2668    5416
   1304      761    2951
   1305    16120    6789
   1306     1677    5646
   1307     4458    2940
   1308     5417    1171
   1309      215     229
   1310     3087    1111
   1311     9166    6952
   1312      458     732
   1313     1526    6239
   1314     8321    1718
   1315     1295    1288
   1316     1723    1055
   1317      580     381
   1318     3298    2010
   1319    11388    8608
   1320     2787     926
   1321     6431    5075
   1322     3434    4284
   1323     1048    3196
   1324     2572     795
   1325     5720    1759
   1326      588    1559
   1327    32186   10144
   1328      938     228
   1329     6620    3075
   1330     7530    2072
   1331     3592    4112
   1332     3034    2942
   1333     8374    3411
   1334     7002   30177
   1335     5538    3716
   1336     2040     422
   1337     1649     358
   1338     4853    2369
   1339     4285    1848
   1340     1731     422
   1341     2682    1301
   1342     4300    6990
   1343     4654    9389
   1344      920    1068
   1345     8021    4940
   1346    12590   14584
   1347      124     226
   1348     2883    6690
   1349     3863    5640
   1350     3925    3274
   1351     7324    3522
   1352     1734    3610
   1353     1406    6729
   1354     1378    4193
   1355      688     309
   1356     3272    2389
   1357     8621    6596
   1358     1642    2026
   1359    12263    3585
   1360      913     326
   1361     2324    6165
   1362    23035    4639
   1363     3568    3319
   1364     2064     484
   1365     5662    2266
   1366    10608    2449
   1367     3250     866
   1368     1523     746
   1369     3925   19373
   1370     2217    3148
   1371      917    1375
   1372      527    1888
   1373     2315    1785
   1374     1617    1845
   1375     1679    1231
   1376      322     705
   1377     1325    3222
   1378     2108    3423
   1379      629    1169
   1380     2543    1610
   1381     1114     257
   1382    12348    5333
   1383    25751    5323
   1384      744    1383
   1385    20956    5826
   1386    16390    4410
   1387     2709    1361
   1388     1291    2269
   1389     5144    2225
   1390      253     599
   1391     5009   21613
   1392     1357     948
   1393     1752    4390
   1394     3843    1445
   1395     1936    6668
   1396     1190    1289
   1397     9441    3687
   1398     6667    5139
   1399     5639   19131
   1400     1399     609
   1401     2386    5587
   1402     2808   13085
   1403     1167    1762
   1404      907    2908
   1405     2217     878
   1406     7185    7553
   1407     5549    8916
   1408      268     250
   1409     3167    7331
   1410     4498   10153
   1411     3052     668
   1412     1281    1668
   1413     1372    6098
   1414     1916     424
   1415    21242    7305
   1416     1249    3530
   1417     7323    8686
   1418     4029    9222
   1419     1712    1077
   1420     2823     715
   1421     1798    2021
   1422     1103    5285
   1423     7867    3736
   1424     2890     659
   1425    17498    9134
   1426    33113   10726
   1427      214     490
   1428     2267    1806
   1429     2223    9023
   1430     8088    4920
   1431      859    4024
   1432     1778     844
   1433     4084    7951
   1434      599    2830
   1435      525     907
   1436     4928    2055
   1437     1802    1844
   1438     1777    6365
   1439     3707   10514
   1440      169     318
   1441      497    2272
   1442     2285    8094
   1443     3747    1385
   1444     2487     885
   1445     1681    1004
   1446     3418    1051
   1447     9806    6086
   1448     2566    1274
   1449     7262    4192
   1450     1595     476
   1451     2603     612
   1452     3112    1530
   1453    14974    3237
   1454      996    1994
   1455     7478    8472
   1456     2178    2330
   1457     1388    1265
   1458     5760   14792
   1459     3641    4541
   1460     3721    2928
   1461     2049     687
   1462    13595    7379
   1463    11309    4743
   1464      659    1259
   1465     1790    1889
   1466     3317    6766
   1467     2568    9744
   1468     1223    3129
   1469      371     241
   1470     1460    2249
   1471     2871    1849
   1472      663     394
   1473     5473    1930
   1474     7347    5681
   1475     1828     594
   1476     4064    2781
   1477     3457    7309
   1478     4311    1222
   1479     4038    2388
   1480     1226    2751
   1481     7994    6988
   1482     3710    3547
   1483     1393    1575
   1484     2214    5785
   1485     2867   11810
   1486      591    2520
   1487     3560    1246
   1488      477     508
   1489    10107    3707
   1490     5974    9830
   1491     3250   12276
   1492      496     338
   1493     9713   10692
   1494     5276    6390
   1495     7496    5356
   1496     1794    8947
   1497     1739    2539
   1498     2051    6350
   1499      684    3358
   1500     1437    1939
   1501     1039     398
   1502     4115    2787
   1503    54921   13087
   1504     1723     371
   1505     9155    5419
   1506      806    2827
   1507      767    1374
   1508     3599    1376
   1509     3620    2660
   1510     3618    7195
   1511     3748   18477
   1512     1215     555
   1513     1590    7473
   1514     4628    5071
   1515      440    2072
   1516     1717    1101
   1517     1653     876
   1518     7018    2203
   1519    12262   10186
   1520      154     232
   1521     4127   14961
   1522     6254    1562
   1523     3182    1583
   1524     1104     704
   1525     6069   26894
   1526    14220    5124
   1527     6834    6617
   1528      321    1453
   1529      711    1584
   1530     7899    1586
   1531     1296    4326
   1532      918     246
   1533      455     372
   1534     3835    4678
   1535     1229    3738
   1536     2249    1071
   1537     3967    7175
   1538     4896    5631
   1539      848     608
   1540     4514    2777
   1541     7552    8382
   1542      792    2347
   1543     7470   14634
   1544     1753     926
   1545     2171    8754
   1546     1732    8303
   1547      407    1706
   1548      476    1513
   1549     2073    5346
   1550     8005    2852
   1551     2115    1505
   1552      787    2414
   1553     1168    1097
   1554     1480    1895
   1555     1434    1956
   1556     2320     592
   1557     9828   13106
   1558     4277   13420
   1559     3347    2071
   1560     1822    1195
   1561     2500    7099
   1562     4196    6928
   1563     3102     934
   1564      772     829
   1565     1118     305
   1566     4951    4507
   1567     6961    4025
   1568     1363     315
   1569     4313    3240
   1570      503    1240
   1571     3562    2587
   1572      749    2970
   1573     5822    5550
   1574     3298    1684
   1575    10575   19499
   1576     3679    1772
   1577     2820   11151
   1578     2019    6366
   1579     3021     607
   1580      422     278
   1581     5661    2941
   1582      694     760
   1583    16634    3749
   1584     1545    1410
   1585    10039    5065
   1586     7530    1904
   1587     4052    2982
   1588     1608    2314
   1589    15822   17026
   1590     7317   16199
   1591     2758    5000
   1592     1553    1527
   1593     1886    2043
   1594     4853    5643
   1595     2732    3480
   1596      647    1921
   1597      409    1048
   1598     9683    4965
   1599     5507    5127
   1600      362    1478
   1601     1959    7369
   1602     7147    3709
   1603      181     268
   1604     1638    6163
   1605     2240    1015
   1606     3647    1367
   1607    13995    4173
   1608     1712    1944
   1609     6451    5493
   1610     7590    4480
   1611     5128    1141
   1612     1120    4100
   1613     4486    3865
   1614     1159    4308
   1615     4848    5693
   1616      363     919
   1617     4210    6756
   1618    15268    8581
   1619      805    2935
   1620     3329     928
   1621     2605    2093
   1622     9994    2397
   1623     3935    1161
   1624     1852     989
   1625     1601    2212
   1626     4741    1725
   1627     1547     932
   1628     1647     899
   1629     2459    3629
   1630     4321    2947
   1631     6883   15761
   1632     1309     609
   1633     8076    2403
   1634      838    3615
   1635      510    1950
   1636     2341    3548
   1637     3971    4603
   1638    20825    4851
   1639     2926    4073
   1640      641    1660
   1641     4502    6708
   1642     4187    6743
   1643     4494    1907
   1644      746    1497
   1645     8596    2793
   1646      731    2632
   1647     4012   18730
   1648     1326    2586
   1649     2965    2254
   1650     1782    4957
   1651     3508   14080
   1652      444     506
   1653     4306    1815
   1654    10141    5320
   1655     4762   15018
   1656      440     968
   1657     1220    3659
   1658    11433    4566
   1659     3010    1231
   1660     1204     412
   1661      943     937
   1662     1703    6629
   1663     5499    6273
   1664     3041    1128
   1665     1123    1588
   1666     2931    5403
   1667     1883    2309
   1668      917    1202
   1669     2371    1647
   1670     2478    1824
   1671    14457    6778
   1672     1124    2947
   1673     3505    3581
   1674     9730   16506
   1675     1904    1939
   1676     6144    2222
   1677     3784    1910
   1678     1429     794
   1679     3091    6441
   1680     1711     857
   1681     2467    9187
   1682    10683   13536
   1683     3974    1600
   1684      801     728
   1685     5454    4663
   1686     1150    2149
   1687     1704     486
   1688     3427     737
   1689    18143    4332
   1690     1504    1331
   1691      511     924
   1692      434    2035
   1693      855    1425
   1694      850     746
   1695    31568    9860
   1696      263     314
   1697     1479    2788
   1698     3309    8076
   1699     1546    1590
   1700     3877    1181
   1701     2303    1132
   1702      803    2218
   1703     4877    8532
   1704     1012    2641
   1705     9844    5048
   1706     7363    7905
   1707     1197    3644
   1708     2736    7900
   1709     1636     683
   1710     2251     864
   1711     5526    5936
   1712     1739    1852
   1713      909    4512
   1714     6153   13422
   1715     3641     972
   1716     3071     757
   1717     7899    2834
   1718     9781   30857
   1719     5511    3713
   1720      614     898
   1721     1270     488
   1722     9399    7600
   1723     2482    4766
   1724     2934    2957
   1725     3531    1206
   1726     4226     845
   1727     6758    7322
   1728      221     134
   1729     8285   11408
   1730     9674    3476
   1731      186     704
   1732     4915    5341
   1733     5504    2285
   1734     2900    1448
   1735     6071    5483
   1736     2312     882
   1737     4608    2628
   1738    11847    2867
   1739      591    1594
   1740     2927    3700
   1741     2655    5741
   1742     3034     978
   1743     5442    1654
   1744     1779     877
   1745     3546    1177
   1746     6333    4257
   1747     1934    4544
   1748      176     820
   1749     9713    3020
   1750    10046   14683
   1751     5610    8070
   1752     3649     957
   1753     7540    7867
   1754     4888    2286
   1755      811    3263
   1756     2092    1410
   1757     1304     342
   1758      464    2211
   1759     7423   11656
   1760      889     798
   1761    34391   10004
   1762     1636    1357
   1763      424     753
   1764     1584    2058
   1765     2683    7256
   1766     1688    2278
   1767    30305   21641
   1768      851     207
   1769     7116    3202
   1770     4820   11153
   1771      921    2072
   1772      794    1126
   1773     1923     912
   1774     4629    2311
   1775     4331    7522
   1776     1278     926
   1777     4833    6480
   1778     2517    4151
   1779     1532     734
   1780      591    2020
   1781     4665   11586
   1782     5045    2435
   1783     1833    1914
   1784      299     894
   1785      360    1317
   1786      663    2522
   1787     5262    2315
   1788      440     675
   1789     1552    1594
   1790     3668    2824
   1791      462    2092
   1792      344    1161
   1793    12099    9899
   1794     3498   15528
   1795     7700    2939
   1796     5228    3507
   1797     2758    1029
   1798     6002    2463
   1799     7926    4684
   1800     1775     585
   1801     2925    8754
   1802     3600    3088
   1803     1279    1436
   1804     1072     955
   1805     1284    2641
   1806     6138    5315
   1807     4151   14724
   1808      579     496
   1809     4022   10849
   1810     7540    6030
   1811     2918    1956
   1812      945    2581
   1813     9828    2777
   1814     2768    8229
   1815     1932    3122
   1816     1605     495
   1817    18769    4368
   1818     2148    7395
   1819      634    2509
   1820     3462     908
   1821      789     388
   1822     1330    1033
   1823     6298    9309
   1824      568     577
   1825     3075    2907
   1826      778    3417
   1827      514    2299
   1828     2910    1915
   1829     1875    3994
   1830     3298    3773
   1831     7878    3643
   1832      424    1691
   1833     4227    7063
   1834     5526   11284
   1835      305     341
   1836     2572    9051
   1837     7822    4000
   1838      816     197
   1839     3034    6598
   1840      938    1462
   1841     6140    1561
   1842     1515    3927
   1843     3592    9849
   1844     2951     605
   1845     3599    8351
   1846    14247    3052
   1847     1530    3434
   1848      239     611
   1849     1649     755
   1850      706    1709
   1851     6380    1758
   1852     1525    4730
   1853     1495    1235
   1854     5383    2543
   1855     4531    1632
   1856      443    1593
   1857     4104    6141
   1858     6301   12009
   1859      603     310
   1860     2920    1995
   1861     2570    3596
   1862      677    3274
   1863     5396    2095
   1864     1038    2867
   1865    11004    3723
   1866     4420    2434
   1867      789    1346
   1868      932    1060
   1869    11435    4962
   1870     3260    1340
   1871    12263   11119
   1872      828    1969
   1873     1936    5744
   1874     2632    6943
   1875      750    3319
   1876      988     923
   1877     1660    2266
   1878     4714    2909
   1879     3915    5036
   1880     1163     893
   1881     2537    8077
   1882     2524    1449
   1883      804    1831
   1884     1200    4485
   1885     1048    1785
   1886     4073     900
   1887     5742    5007
   1888     1342     471
   1889     5809    1932
   1890     3354    3423
   1891     1029     526
   1892     2543    2999
   1893     9040    2033
   1894     3479   16023
   1895    44782   10809
   1896     3442     931
   1897    15825    4934
   1898     4003    9292
   1899     3110    1644
   1900      998    3414
   1901     3333    2432
   1902      616    1188
   1903    29371    7140
   1904     2576    1671
   1905     2859    1022
   1906     2581    6015
   1907     1733    6668
   1908     1021    1400
   1909     7429    3785
   1910     6667    1844
   1911      994    2417
   1912     2021     770
   1913     2192    6586
   1914     6698    6854
   1915     4095     833
   1916      932    2921
   1917     1909     783
   1918     7185    1705
   1919     2914    6426
   1920      993     222
   1921     3165   10180
   1922     3835    2562
   1923     3139     640
   1924     1281     813
   1925     3060    6098
   1926      300     828
   1927    21898    6463
   1928     1249     335
   1929     5883    1476
   1930     4317   16506
   1931     3030    1907
   1932      754    2938
   1933     1220    2021
   1934     1934    1406
   1935     7867   10901
   1936     1263     771
   1937     4440    5174
   1938     2886   10726
   1939     1241    2091
   1940     1529     653
   1941     4374    3607
   1942     4792   10057
   1943     1695     425
   1944     3427    1843
   1945     4520    7951
   1946     4015    2830
   1947     1001     934
   1948     1225    2055
   1949     1464     716
   1950     3242    2220
   1951     4052   16616
   1952     1369     379
   1953     1347    3808
   1954     1615    6469
   1955     4709    1920
   1956     1106    1898
   1957     1326    4546
   1958     3418     849
   1959     6302    9312
   1960     1110    3750
   1961    18729    7760
   1962     1992    5711
   1963     3096    1433
   1964     3112    2065
   1965     8447    2413
   1966     1284    1592
   1967    10902    8472
   1968      727    2330
   1969      975    3247
   1970     5760    3941
   1971      705    1541
   1972      786    2928
   1973     2049    1139
   1974     5314    5417
   1975     1129    4743
   1976      700     267
   1977      889     406
   1978     7941    3973
   1979     2155    2775
   1980     3751    1601
   1981      873    1727
   1982     2296    1716
   1983     1878    1955
   1984      160     141
   1985     5473    2983
   1986    14795    4528
   1987     1828     436
   1988     2848    2572
   1989     3832    4487
   1990     4344     868
   1991     6174    6555
   1992     2234     768
   1993     1099    5234
   1994     6428    4286
   1995     3529    1773
   1996     3609    2095
   1997     1678    6118
   1998     3389    1145
   1999     1783    1534
   2000      676    2307
   2001    10919    4966
   2002     8039   10613
   2003     3222   15024
   2004      597     851
   2005     9713   11600
   2006     2599   12947
   2007     3827   15838
   2008     1439    1130
   2009     7165    9512
   2010     2471    9521
   2011     1394    1479
   2012      848    2234
   2013      267     989
   2014     8675    3689
   2015     5016   13683
   2016      328     124
   2017     8786   11536
   2018      583     887
   2019      311     822
   2020     2765    2603
   2021     2680    8930
   2022     3450    6550
   2023     5794    3164
   2024      874    1317
   2025     8589    7473
   2026     4400   19766
   2027      599    2072
   2028     2339    2571
   2029      471    1466
   2030     3972   12395
   2031    12262   11816
   2032      551    1198
   2033     7469   12497
   2034     4530    8656
   2035     7026    2680
   2036      689     386
   2037    15606   10430
   2038     5305    4173
   2039     6834    2203
   2040     2911     718
   2041     1760    1584
   2042     7899    1953
   2043     3966     956
   2044     1128     809
   2045     1308    2768
   2046     2513    1609
   2047     3287    8156
   2048     1370    1139
