   2048  228536 
      1     1086     848
      2    21349   12844
      3     4097    6911
      4     3595     753
      5     8700    2113
      6      419     553
      7      492    1040
      8    14844    3627
      9    12016    8862
     10     2019    7932
     11     3256    4024
     12     7776    3232
     13     1217     937
     14     6205    5716
     15     2711    5646
     16    26350   24495
     17    14274    8111
     18     1637    3098
     19      527     831
     20     1851    1671
     21      823    2183
     22      376    1350
     23      435     193
     24     7486    5237
     25     6945    3932
     26     6918    1587
     27     2941    1193
     28     1041     481
     29    29596   19441
     30     2658    6001
     31     1014    2651
     32    24414    8569
     33     3560   15686
     34     3247   14136
     35     1219    5955
     36      980    2770
     37     3849    5289
     38     3090    1091
     39     5065    5468
     40     4228    4570
     41     3378    5558
     42     8136    2103
     43     3339    5196
     44      768     746
     45      748    1457
     46     1098     715
     47    12192    3374
     48      750    3595
     49     4642    3959
     50    12922   13871
     51    10323    2547
     52     1065    1594
     53     2840    1077
     54     1457    4704
     55     2671    2613
     56     7847    1653
     57    19103    4810
     58     8470    3455
     59     3604    2037
     60     3540     871
     61     3212    2344
     62     1292    5043
     63      396     883
     64     9960    3392
     65      423    1450
     66     4473    4177
     67     2837    8954
     68     1742     805
     69      802    1932
     70      222     925
     71     2822     823
     72     9644    3585
     73    11650    2497
     74      971    4849
     75     2576     854
     76     2628    8105
     77     1679    4099
     78     5135    1139
     79     4914    3296
     80     2117    5279
     81     1395    6878
     82    12436    4803
     83     1462     423
     84     4888    1664
     85     3323    4232
     86      458    2106
     87      569    1356
     88     6577   13536
     89     7258    4480
     90     2583    4775
     91     1204    2282
     92     1407    1438
     93    18521   11503
     94     4606    7617
     95      349     938
     96     3708    9007
     97     6516    7906
     98     8068   24490
     99      832    1106
    100      938     327
    101     5019    1319
    102      385     475
    103     4393    5203
    104     1687    1189
    105     3674    2214
    106     1683    4573
    107      589    2843
    108     1232     964
    109     5121    1918
    110      592     680
    111     7487    4944
    112     2273    3848
    113     3190     665
    114    10062    2042
    115     1249    1199
    116     2024    8686
    117     2681    2418
    118      257     621
    119      631    2527
    120      936    4255
    121     2341    1444
    122     9784    3189
    123      167     655
    124     5213    1609
    125     2030     882
    126    10278    8735
    127     2252    2598
    128     2694    6171
    129     1343    2543
    130     9433    8531
    131     1180    4845
    132     2832     660
    133     4548     935
    134      930     342
    135     1071    2510
    136     5866   16023
    137     7855    7102
    138     1097    4573
    139     5337    1264
    140    10244    2260
    141     2350    3782
    142     7783   19484
    143     1892     849
    144     1805    2543
    145     4491     996
    146    13240    7418
    147      848    1900
    148     3400    3586
    149     2419    9169
    150      965    1035
    151     2710     662
    152     3074    6078
    153      310    1476
    154      518     321
    155      470    2096
    156      394    1914
    157     5770    4241
    158    11602    2746
    159     1103     344
    160     4589   18300
    161     4234    4181
    162    11201   10459
    163     2072    1052
    164      343    1483
    165     4005    6791
    166     1777    1364
    167     2214    1105
    168     1192    4440
    169     4280    2078
    170     5251    8301
    171      652    1164
    172      511    2145
    173     6401    1545
    174      728     569
    175     1424    5044
    176     6064    5151
    177     1247    4521
    178     7758   10118
    179     5710    4768
    180     1032    2140
    181     4851    1201
    182     3216    2387
    183     4809    1367
    184     2177    6872
    185     4782    4896
    186     2341    3315
    187      995    1567
    188     5343    2859
    189     6105    3759
    190      766    1856
    191     1799    4009
    192     1710    4067
    193     2016     668
    194     6861    2725
    195     1107    1792
    196      290     906
    197     1844    1014
    198      666     316
    199      473    2224
    200     1583     324
    201    21124    7329
    202     3457    1306
    203      739     796
    204     9361    2844
    205     2490    2869
    206     1139    1141
    207     2874    3554
    208      945    2709
    209    17028    6880
    210     9096    2056
    211    11051    2468
    212     2237    2468
    213     6118    1268
    214     2714     808
    215     1192     533
    216     4881    1272
    217     1518    1178
    218     2931    5463
    219     3137    1091
    220     2812    1619
    221     3934    3499
    222      966    4397
    223      744    3532
    224    13576   10714
    225     6443    2188
    226    11874    2529
    227     4190    1068
    228      331    1108
    229     2543    4638
    230      692    3302
    231     1692     600
    232     3431    1225
    233    10348    2095
    234      925    4251
    235     2179    1603
    236     5192    4043
    237     2271    2039
    238      363    1124
    239      734    1137
    240     1477     769
    241      535    1154
    242    17294   25729
    243    15097   15535
    244     3417    2514
    245     1262    4022
    246     3002     734
    247     6049    9040
    248    21004   13103
    249     1603    2771
    250     1618    2526
    251     1791    5090
    252     5870    1747
    253     5103   10103
    254     6021    3723
    255     1030    2686
    256    16387   10335
    257      323    1261
    258    27261   16309
    259     3974    3881
    260     3391     904
    261     7149    4535
    262      704     299
    263     3230     757
    264     8240    9978
    265     7963   15186
    266     2601    1378
    267     1675    2847
    268     2623    2888
    269     2932    1401
    270     7156    9876
    271     2855     788
    272     4923    7359
    273     5953    5895
    274    17570    3902
    275      339     344
    276     2366    8271
    277     2408    1174
    278      380     655
    279      729     395
    280     1607    6835
    281    15927    4565
    282     6601    1867
    283     2081   10183
    284     3620    1866
    285     6938   13538
    286     2935    6823
    287      683     558
    288     6526    9731
    289     4334    4251
    290    15859   10291
    291     8311    1829
    292     1372     434
    293     3199    5163
    294     6865    2636
    295     1623    2610
    296     2032    4570
    297     4002    1271
    298     8136   13197
    299     3196    2686
    300      984     603
    301     5945    9561
    302     3487    1501
    303     3125    6753
    304     4257    6317
    305     3729    2943
    306     3435    3934
    307      477    1377
    308     1229    1203
    309     2840    1032
    310      318     371
    311     2287    3741
    312     3143    2536
    313    12434    5295
    314     4814    3460
    315     1783    2339
    316     6840    1566
    317     1611    1953
    318     1407    2252
    319     1212    2879
    320     9960    5203
    321     2617    1182
    322     1498    4508
    323     2921    2359
    324     2297     510
    325     5877    1204
    326      413     918
    327     1315    2125
    328     2408    1057
    329    10728    7899
    330     2357     658
    331     3405    4854
    332     4843    5205
    333     5189    1683
    334     6529    2478
    335     1086    2949
    336     3139   12887
    337    16107    4293
    338     4323    6312
    339     2172    4647
    340     3082    2202
    341     2953    2795
    342      613     605
    343      720     737
    344     5087    1127
    345     4087    1513
    346     1824    7670
    347     2265    2967
    348      183     834
    349    15156    9325
    350     4476    4517
    351      990    1147
    352     2659    4498
    353     1735    3935
    354     4868   24281
    355     5518    5917
    356      725     420
    357      931     981
    358     3416    1526
    359     2106    4021
    360     1849    1613
    361     3472    2684
    362     3516    3619
    363     5185    3113
    364     5167    1370
    365     1961    8744
    366      187     687
    367    16370    3908
    368     4247    1787
    369     2182    2044
    370     4023   17836
    371     1868    3963
    372     2130    3282
    373     7691    1818
    374     2397     643
    375     4054    2963
    376     7658   17248
    377     1914    1823
    378     3766    4233
    379     1807     384
    380     8591    2769
    381     1933    7083
    382    11463    4044
    383      990    2746
    384    14876    3085
    385     7181    1908
    386     1743    3334
    387     1684    3666
    388     5715    1261
    389     2335    7012
    390      244     799
    391      894    1137
    392     3924    2017
    393     4164    7114
    394     4803   16813
    395     1623    6864
    396      915     537
    397     3211    1728
    398     5578   15001
    399     1391    4939
    400     7553    2407
    401     3207   10059
    402     2886    6231
    403      866     292
    404     3682    3477
    405     1613    4037
    406      850     970
    407     2329    1357
    408    12507    3893
    409     2818    2888
    410     5030    2918
    411     2286     800
    412     3177    2151
    413     1108    2598
    414     2645    5971
    415      504     169
    416     7466    4669
    417     3847    7723
    418     7709   13026
    419      584    2478
    420      727     975
    421     7284    4437
    422     1053    2951
    423      793    1118
    424     9830    2571
    425     2392    2356
    426     8318    9269
    427     4636    1227
    428     3376    2145
    429     4340    1749
    430      956     777
    431     1246     982
    432     2512     785
    433     1827    4715
    434     3543   12252
    435     4613    3615
    436     1509    2325
    437     2568     573
    438     5562    2270
    439     5828    9284
    440    14582    8925
    441     8996    2219
    442     1486    5222
    443     1415    2572
    444     1016    4643
    445     1663    3392
    446      295    1002
    447     5968    5932
    448     5395    1515
    449     1560    1245
    450     3141    2620
    451     2605    3292
    452      137     310
    453     1598    2341
    454      666     319
    455     2309    1125
    456      626     581
    457     2489    7660
    458     3414     731
    459      238     670
    460     1590    7517
    461     3165    7128
    462     3708    2356
    463     1858    3283
    464     1860    6329
    465     3332    5854
    466     1704    2463
    467      513    2147
    468     6057    1922
    469     1515    1436
    470     1373     274
    471      569    1409
    472     1392    4361
    473     1820    2324
    474     2187    7505
    475     3131    1219
    476     3072     882
    477     5554    9329
    478     1145    4397
    479     1808    3056
    480    19271   17145
    481     3817    7069
    482     5725   27037
    483     1328     589
    484      802     452
    485     1419    4638
    486     2158     795
    487     2156    6038
    488      930    3671
    489     5006    6270
    490     1094     537
    491     2982    1356
    492     2607   10635
    493     3779   11176
    494      175     427
    495     2949    1764
    496      517    2248
    497     2131    2775
    498    15042   10041
    499     4677    4163
    500      698    2514
    501     2872    3368
    502      184     829
    503     2749    1530
    504     6943    1420
    505     2118    5438
    506     3792    3301
    507     4184    1415
    508      704    1991
    509    13551    2710
    510     3219    1225
    511     1537     665
    512     7923    8560
    513     1095    4184
    514     7901   13942
    515     2189     984
    516     2120     636
    517     6181    3699
    518      419     191
    519      507     225
    520    14844    4547
    521    16004   20360
    522     4471    1139
    523     4714    3367
    524     3468    9810
    525     1282    1817
    526     6205   20163
    527     1940    2522
    528    38209   11712
    529     2997    2968
    530     3356    4567
    531      359     409
    532      480     399
    533     2630    2090
    534      810    1350
    535      729     301
    536     6530    3395
    537    10428    2359
    538     3337    3531
    539     1031     743
    540     1317    1399
    541    10913   10127
    542     3095    6823
    543     1069    1872
    544     3547    8569
    545     4393   10743
    546     7194    4029
    547     5826    2487
    548      935    3223
    549     2659    2731
    550     1145     875
    551     2017    7485
    552     1333    3089
    553     2968    2835
    554     3739    6846
    555     4418    3364
    556      216     366
    557     3476     740
    558     2382    1995
    559     8863    3379
    560    10008    4803
    561     3156    2529
    562     7081   13871
    563     6511   14808
    564     6675    1409
    565     2304    1116
    566     1432    5931
    567     2788    4484
    568     7847   12287
    569     3383    4459
    570     9814   10443
    571      572     967
    572     3873    1932
    573     2040    5539
    574     2235    3267
    575     2237     528
    576     8323    2610
    577     1902     476
    578    10002    4262
    579     2837     988
    580     1132    1204
    581      510    1932
    582      496     723
    583     3224     658
    584     7492    4703
    585     6126    2414
    586     1056    1969
    587     1118     752
    588     1690    4988
    589     1719     533
    590     2877    1116
    591     1769    4393
    592     4137    5279
    593      818    1451
    594    16763    5080
    595      609    2995
    596     3325    1471
    597     4602    3366
    598     1222    2106
    599      333     306
    600     5666   23160
    601     6271    1532
    602     2583    2018
    603     5064    1758
    604     3286    1836
    605     9940    5526
    606     4583    5833
    607      210     764
    608     3961    8988
    609    11714    2478
    610     9439   26812
    611     2987    1107
    612     1274    2757
    613      820    2340
    614     1556    3495
    615     2126    4464
    616      294    1189
    617     1157    2214
    618     5649    4573
    619     5485    1204
    620     6088    3229
    621     3076    2023
    622      624     276
    623     2281    3562
    624     2503    3440
    625     1804    1074
    626    10062    2623
    627     1661    5182
    628     2174    2842
    629     6325    1661
    630     2276     681
    631     2521    2527
    632     8517    2040
    633     1675    6193
    634     5575   18126
    635     1807     718
    636     3080    2840
    637     3943    3098
    638     3969   10025
    639     1658    1095
    640     5976    4546
    641     5381    3474
    642    15345    6114
    643     4466    1983
    644     2573    1250
    645     4548    8269
    646      114     161
    647     2229    2510
    648     1503    4705
    649     7637   10180
    650     3390    4573
    651     5337    1350
    652     6364    2525
    653     2288    7666
    654     4838    3005
    655     1798    1887
    656      879    2543
    657     4491    2032
    658     1517    5494
    659     1253    1070
    660     1328    1763
    661     3265     948
    662     1576     332
    663      214     164
    664     8577    6078
    665      744    1476
    666     1257    2238
    667     5653    7233
    668     3824    1914
    669     5770    1689
    670     5171    3440
    671      666     520
    672     4836   18300
    673     1610    2712
    674     7927   12831
    675     6239    1289
    676     2586     707
    677     1556    5454
    678     2234     754
    679      465    1651
    680     4466    1645
    681     3975    1123
    682     1480    3967
    683     1036    1013
    684     2198    1169
    685     6401   12288
    686     1034    1691
    687     1948    1709
    688     1623    5151
    689     4167    4521
    690    20387   12252
    691     2587   12931
    692     3915    2140
    693      762    3027
    694     5848    3661
    695     2937     811
    696     4894    9210
    697     4214    7669
    698     1411    6342
    699     2943    1567
    700     1572    2859
    701     3138    3759
    702      743    2090
    703     1314    1419
    704     2479    9803
    705     1817    1888
    706     1135    4685
    707     4131     827
    708      180     576
    709      842    1802
    710      487     680
    711     2887    1242
    712     1583     374
    713     5321    7329
    714     5514    2493
    715     2712     717
    716     3482    4673
    717     5422    7871
    718     1641    3051
    719     2498    2152
    720     1037    3620
    721    19506    4653
    722     4243    5968
    723     2041    5471
    724     2068    3077
    725     2761    1438
    726     1693    1820
    727     2840    3153
    728     3675    1271
    729      460    1400
    730     2931    1972
    731     3137    8411
    732      598    1619
    733    25126   10801
    734     7068    2508
    735      677    1048
    736    11988   11779
    737     6443    1432
    738     3477   12682
    739     4190    2550
    740      626    1632
    741     1469    1186
    742     4879    1305
    743     1647    1592
    744     1281    2581
    745     2126    4404
    746      976    4251
    747      813    2092
    748     5192    1849
    749     1417    5524
    750     1071     800
    751     3875     868
    752      607    2084
    753     2557    1899
    754     7205   25729
    755     2034    5609
    756     2421     713
    757     4819    1184
    758     2182     816
    759      848    3943
    760    15555    8552
    761    14910    7637
    762     5097    6447
    763     2020    3163
    764     2019    2468
    765    22370    6732
    766     5785    3723
    767     1079     703
    768    10414    2735
    769     1858     539
    770     7721   26786
    771     3974    4445
    772     1772    2063
    773     1905    1848
    774      965     382
    775     2690    2424
    776     2716   11897
    777    13658   16348
    778     1870    6725
    779     1135    1600
    780     1304    5957
    781     2932    1121
    782     2469    8178
    783     2855    2363
    784     4923    6314
    785     9286    5895
    786     2731    8777
    787      176     789
    788     2362    5795
    789     3453   10740
    790      642     155
    791      729     967
    792    15864    3488
    793    13012    4091
    794     6466   10685
    795     4976    5453
    796     2487    1383
    797    12776   19441
    798     1907    3039
    799     1558    2651
    800     7675    3766
    801     9584    6393
    802    12836    9595
    803     2704   10026
    804     1372     856
    805     3881   10949
    806     1385    1228
    807     3915    2852
    808     1447    4570
    809     4002    5718
    810     8136    4259
    811     5612    1142
    812      825     372
    813     5945    2758
    814     1307    3665
    815     4510    5390
    816     7545    2675
    817     1412    2943
    818     1164    1566
    819     6622    2259
    820     1008    2489
    821     2840    1858
    822     1345    4457
    823     1662     789
    824     6735    9935
    825    12010    8462
    826     5162   11213
    827     1203     698
    828     1873    4483
    829     1591    5430
    830     6133    2791
    831     1025    1544
    832     9960    2131
    833     2063    1470
    834     7488    2861
    835     2921    3684
    836      772    1049
    837     2823     745
    838      275    1214
    839     3965    2125
    840     1954    6102
    841     5745   24672
    842     1027    3206
    843      483     992
    844     4360    4498
    845     5189    1231
    846     1483     298
    847     1312    1449
    848    12984    3579
    849    13753    3589
    850    11700    2432
    851     2051    4292
    852     5131    7221
    853     7925    3100
    854     2042     718
    855      332     754
    856     1636    3350
    857    14947    3860
    858     4734     972
    859     4003    4889
    860      625     866
    861    14295    8834
    862     9771    2921
    863     1000    3642
    864      959    1833
    865     9979    2288
    866    13782   12604
    867     2998    9588
    868     1154    2529
    869     1084    1359
    870     2749    4061
    871     3389    3114
    872     3298    2748
    873    10348    6386
    874     3057    3619
    875     5326    3689
    876     4084    2872
    877     1217    1459
    878     1223     333
    879     6429    4598
    880     3430    2842
    881     3190     793
    882     3829    8047
    883     8112    3963
    884     2584    4747
    885     3774   15311
    886     1893     702
    887     1044    4179
    888     5101   17248
    889     1914    4556
    890     6018    7286
    891     1807    1636
    892     1394    2260
    893     3572    7083
    894    10169    3949
    895     1114    4485
    896     1371    5147
    897     3571    2209
    898     9381    6937
    899     3605    5497
    900     1550    5037
    901     4152    6368
    902     1140     355
    903     2628    2510
    904     4492   21030
    905     7835    3066
    906     3365   10366
    907     3820     817
    908      915    2713
    909     3526    1256
    910     5578    5507
    911     1291    5919
    912     4113   14189
    913      652    2713
    914     6243    4672
    915      126     542
    916     3837    1826
    917     2859    4997
    918     2074     524
    919      742    2117
    920     7339    4689
    921     1951    1014
    922     3564   14593
    923      735    1358
    924     1466    1211
    925     4512    6240
    926     2257    1020
    927      599     493
    928     6167    9375
    929     7673    4961
    930    17049   18390
    931     3426    1618
    932      658     387
    933    10929    2632
    934     4468    2951
    935      178     533
    936     2966    4714
    937     6351    2356
    938     5496    4003
    939      642    2177
    940     1189    1365
    941      979    1032
    942      441     628
    943     1320    5771
    944     2512     661
    945     1313    4087
    946     7538    4358
    947     4613    7227
    948     2945    3107
    949     1684    2108
    950     1737     388
    951     7746    8307
    952     6959    4538
    953     1797    4725
    954      598    1120
    955     3886    1688
    956     6084    1295
    957    15382    4124
    958      986     331
    959     8109    2773
    960     4915    1446
    961      803    1981
    962     3141    1354
    963     3153    5139
    964      508     335
    965     1614    1051
    966      320    1459
    967     1815    1099
    968     1572    4867
    969     7888    7660
    970     3531    2356
    971     2712    3689
    972     2015    4364
    973     1461    6419
    974     3708     936
    975     8550    4695
    976     4405    6329
    977     5821   15989
    978     3679    2842
    979     2000    3324
    980      555     425
    981     1807    1560
    982      963    1058
    983     2939    1744
    984     8556    3313
    985     1754    5510
    986     3307    9986
    987     2388    3189
    988     4836    1245
    989     5554    1115
    990     1594    4397
    991     1196    4101
    992     6118   22493
    993     5271    8742
    994    11149   12485
    995      667    1200
    996      412    1934
    997     1540    4638
    998     1262    4119
    999     1033     691
   1000     1716    2274
   1001     2821    7400
   1002      774    3714
   1003      893     525
   1004     2361   10933
   1005     3446   11385
   1006      607     167
   1007     4609    2930
   1008      498    2248
   1009     2023    3679
   1010    21363    5284
   1011    15097    3949
   1012      899     266
   1013     2614     713
   1014      370     829
   1015     4492    2744
   1016     7834   11216
   1017     3174    2083
   1018     1376    3301
   1019     2409    5617
   1020      750    2518
   1021    12664    2764
   1022     7434    3927
   1023     1484    2347
   1024    16620    3846
   1025     1086    3584
   1026    15299   12844
   1027     4097    3559
   1028     3595     736
   1029     8700    2105
   1030      419     258
   1031      492    1384
   1032    14844   14316
   1033    12016   28518
   1034     2452    7932
   1035     3256     886
   1036     7776    6578
   1037     1217     880
   1038     6205    2880
   1039     2711    3442
   1040    10692   24495
   1041     7681    8111
   1042     1719    3098
   1043      387     831
   1044     2397    1671
   1045      823    1659
   1046      363    1350
   1047      294     193
   1048     5830    5237
   1049     3483    3932
   1050     6918    1944
   1051     1004    1193
   1052      276     481
   1053    10497   19441
   1054     2658     822
   1055      535    2651
   1056     8952    8569
   1057     5965   15686
   1058     3947   14136
   1059     1266    5955
   1060      980    1352
   1061     3849    6151
   1062     3090     670
   1063     5065    2229
   1064     6365    4570
   1065     3378    4498
   1066     8136    5408
   1067     1079    5196
   1068      768     207
   1069     1721    1457
   1070     1284     715
   1071     4669    3374
   1072    13515    3595
   1073     4642    2334
   1074     8397   13871
   1075    10323    8603
   1076     5610    1594
   1077     2840     641
   1078     1457    1227
   1079     2671    2819
   1080     7847    2017
   1081    19103    4612
   1082     1344    3455
   1083     2919    2037
   1084     3540    1061
   1085     1123    2344
   1086     1403    5043
   1087     1841     883
   1088     9960    2293
   1089      292    1450
   1090     5529    4177
   1091     2837    2445
   1092     1742     399
   1093     2388    1932
   1094      222     102
   1095      402     823
   1096     9644    4204
   1097    11650   27660
   1098      971    4849
   1099      829     854
   1100     4002    8105
   1101     1679    4244
   1102     5135    1042
   1103     4914    1097
   1104     9605    5279
   1105     1395    6878
   1106     8095    4803
   1107     1462    2053
   1108     4888    1084
   1109     3323    3094
   1110      843    2106
   1111      302    1356
   1112     4713   13536
   1113     7258    2076
   1114     2583    1755
   1115     1204     582
   1116     1407     398
   1117    18521    6656
   1118     5058    7617
   1119     2175     938
   1120     2481    9007
   1121     5198    7906
   1122     7746   24490
   1123     4686    1106
   1124      336     327
   1125     5019    1021
   1126     1171     475
   1127     1102    5203
   1128     2820    1189
   1129      587    2214
   1130     7931    4573
   1131      793    2843
   1132     1232    2265
   1133     5121    5167
   1134      462     680
   1135     1370    4944
   1136     2273     781
   1137     3190     892
   1138    10062    2807
   1139     1249    3983
   1140     2024    1094
   1141     5010    2418
   1142     2745     621
   1143     1197    2527
   1144    11551    4255
   1145     3355    1444
   1146     9784    2609
   1147     1640     655
   1148     5213    1231
   1149     1913     882
   1150    10278    3961
   1151     2252    3538
   1152     1884    6171
   1153     9947    2543
   1154     5912    8531
   1155     3286    4845
   1156     2832     590
   1157     4548    1902
   1158      340     342
   1159     1826    2510
   1160     3943   16023
   1161     7855    3078
   1162     1275    4573
   1163     5337    1254
   1164    10244    2122
   1165     3305    3782
   1166     7783    2615
   1167      790     849
   1168     4354    2543
   1169     4491    3590
   1170     5378    7418
   1171      405    1900
   1172     3400     695
   1173     2053    9169
   1174     2261    1035
   1175      147     662
   1176     5053    6078
   1177      960    1476
   1178      518    1917
   1179     5183    2096
   1180      401    1914
   1181     5770    8349
   1182    11602    2721
   1183     1103    1003
   1184     4683   18300
   1185     8074    4181
   1186    11201    8126
   1187     2072    1696
   1188      358    1483
   1189     5368    6791
   1190      457    1364
   1191     2214     546
   1192    13848    4440
   1193     2093    2078
   1194     3067    8301
   1195     3439    1164
   1196      516    2145
   1197     6401    1339
   1198     1350     569
   1199     1196    5044
   1200     2572    5151
   1201     3231    4521
   1202     7758    2134
   1203     5710    2195
   1204     2362    2140
   1205     4851    1012
   1206     3216    1274
   1207     4809    1998
   1208    12405    6872
   1209     4782    8856
   1210     2341    3027
   1211      351    1567
   1212     3238    2859
   1213     7676    3759
   1214      766    1854
   1215     1799    1803
   1216     2855    4067
   1217      347     668
   1218     6861    4395
   1219      520    1792
   1220      218     906
   1221     1844    1327
   1222      666     244
   1223     1728    2224
   1224     1583    5635
   1225     2655    7329
   1226     3457    1187
   1227     1973     796
   1228     2642    2844
   1229     2932    2869
   1230      502    1141
   1231     2874    1141
   1232      934    2709
   1233     2478    6880
   1234     9096    2866
   1235    11051    3003
   1236     5976    2468
   1237     6118    1242
   1238     2714    1012
   1239     1192    2620
   1240     4881    2085
   1241     3672    1178
   1242     2931    1427
   1243     3137    1475
   1244     1564    1619
   1245     3934   14660
   1246      885    4397
   1247      709    3532
   1248    34155   10714
   1249     6443   16700
   1250    11874   36091
   1251     4190    1181
   1252     1295    1108
   1253     1375    4638
   1254     4187    3302
   1255     1692    7123
   1256     3431    3082
   1257    10348    2172
   1258     2730    4251
   1259     2179     861
   1260     5192   14280
   1261     2271    3485
   1262      708    1124
   1263      734    1703
   1264     1477    1612
   1265     3619    1154
   1266    15241   25729
   1267    15097    5184
   1268      830    2514
   1269     3557    4022
   1270     3002     905
   1271     6049    4462
   1272    21004   10914
   1273     1603    4866
   1274     1618    3921
   1275     1791    3425
   1276     5870    1344
   1277    21112   10103
   1278     1245    3723
   1279     1030    1533
   1280    16387   15727
   1281      323     324
   1282    27261   10477
   1283     3974    1904
   1284     3391    1159
   1285     1551    4535
   1286      261     299
   1287     3230    1667
   1288     8240    1919
   1289     5695   15186
   1290     2601    7006
   1291     1675    2063
   1292     2623     965
   1293     2932     949
   1294     7156   12771
   1295     2855    3136
   1296     4923    2176
   1297     4576    5895
   1298    17570    4875
   1299      339     107
   1300     2366    2837
   1301     1045    1174
   1302     1549     655
   1303      729     626
   1304     2375    6835
   1305     2309    4565
   1306     6601   14351
   1307     2895   10183
   1308     2971    1866
   1309     6938    5903
   1310     1813    6823
   1311      683    2093
   1312    26068    9731
   1313     4334    9702
   1314    30313   10291
   1315     8311    1847
   1316     1372    2451
   1317     3199    9008
   1318     1691    2636
   1319     3442    2610
   1320     1825    4570
   1321     4002     903
   1322     8136    5532
   1323     2416    2686
   1324      984     217
   1325     5945    2588
   1326     3487    2164
   1327     2192    6753
   1328     2463    6317
   1329      884    2943
   1330     3435    8371
   1331      477     882
   1332     1229    3619
   1333     2840     739
   1334     1027     371
   1335     2287     902
   1336     3592    2536
   1337    10052    5295
   1338     5000    3460
   1339     4109    2339
   1340     6840    4004
   1341     1611    5930
   1342     6401    2252
   1343     1212    1755
   1344     9960    8828
   1345     2617    1915
   1346     1016    4508
   1347     2921    5956
   1348     2297     539
   1349     5877    1289
   1350      305     918
   1351     1626    2125
   1352     2408    6732
   1353     8222    7899
   1354     2357     985
   1355     3405    4952
   1356     4843    2900
   1357     5189    3298
   1358     6529    2317
   1359     1086    1444
   1360     2768   12887
   1361    16107    4036
   1362     4508    6312
   1363     2172     824
   1364     3082    9946
   1365     4972    2795
   1366     1429     605
   1367      151     737
   1368     5087    2223
   1369     4087    6575
   1370     2910    7670
   1371     2265    2776
   1372      442     834
   1373    11766    9325
   1374     4476     927
   1375      990    2495
   1376     2571    4498
   1377     1735    2982
   1378     8914   24281
   1379     5518    1493
   1380      429     420
   1381     2680     981
   1382     1184    1526
   1383     2106     884
   1384     1849    4034
   1385     6876    2684
   1386     6108    3619
   1387     1682    3113
   1388     5167    1502
   1389     3160    8744
   1390      268     687
   1391     1955    3908
   1392     3158    1787
   1393     1008    2044
   1394     6039   17836
   1395     1312    3963
   1396     2130    6498
   1397     7691    2450
   1398      605     643
   1399     4054    1216
   1400     4785   17248
   1401     1914     517
   1402     3766   10448
   1403     1807     364
   1404     1786    2769
   1405     1673    7083
   1406     2784    4044
   1407     1136    2746
   1408    14876    3086
   1409     7181    1900
   1410     1743    3603
   1411     1921    3666
   1412     5715    2430
   1413     1817    7012
   1414      244     121
   1415      894    1373
   1416     5885    2017
   1417    10617    7114
   1418     3815   16813
   1419     1623     630
   1420      915     255
   1421     2444    1728
   1422     5578    2229
   1423     1391    1413
   1424     7553    5356
   1425     3207    1234
   1426     2886    1187
   1427      866     250
   1428     1046    3477
   1429     1613    2562
   1430     1878     970
   1431     2329    1134
   1432    12507    3199
   1433     2818    3278
   1434     1501    2918
   1435     2286     558
   1436     3265    2151
   1437     3404    2598
   1438     2645    1916
   1439      504     615
   1440     7466   13631
   1441     2398    7723
   1442    34456   13026
   1443     4301    2478
   1444     1902     975
   1445     3645    4437
   1446     2234    2951
   1447      367    1118
   1448     9830    2143
   1449      834    2356
   1450     8318   13870
   1451     4636     950
   1452     1271    2145
   1453     1082    1749
   1454     1122     777
   1455     1237     982
   1456     2512    2671
   1457    14368    4715
   1458     4171   12252
   1459     4613    4575
   1460     1509     782
   1461     2568    1535
   1462     3624    2270
   1463     1918    9284
   1464    14582    4079
   1465     8996    2483
   1466     1841    5222
   1467     1794    2572
   1468     3847    4643
   1469     1663     732
   1470     1214    1002
   1471     5968    1299
   1472     5395   10909
   1473     1560    2216
   1474     3141     700
   1475     2605    9574
   1476      371     310
   1477     2802    2341
   1478      666     141
   1479     3163    1125
   1480      946     581
   1481     9621    7660
   1482     3414    1625
   1483     2474     670
   1484     1915    7517
   1485     3165    1278
   1486     3708    1886
   1487     1858    1412
   1488     4699    6329
   1489     3332   10135
   1490     7392    2463
   1491     2874    2147
   1492     1601    1922
   1493      292    1436
   1494     1373     488
   1495     3364    1409
   1496     7164    4361
   1497     1820    3186
   1498     2187    2481
   1499     3131    7539
   1500     3072    1460
   1501     5554    6177
   1502     1568    4397
   1503     1808    1524
   1504    19271    5348
   1505     1454    7069
   1506     5424   27037
   1507     1328    3883
   1508      802     354
   1509     1267    4638
   1510     2158     673
   1511     2156     994
   1512      786    3671
   1513     5006    1130
   1514      554     537
   1515     2982    1108
   1516     2246   10635
   1517     3779    2611
   1518      432     427
   1519     1660    1764
   1520      515    2248
   1521     2131    3408
   1522    12424   10041
   1523    10420    4163
   1524      647    2514
   1525     2872    2513
   1526      255     829
   1527     3300    1530
   1528     6943    9796
   1529     2118    2199
   1530     1486    3301
   1531     4184    1483
   1532      704     527
   1533    13551    3089
   1534     3219    2702
   1535      572     665
   1536     2258    8560
   1537     1095     248
   1538    28747   13942
   1539     1908     984
   1540     2120     853
   1541     2519    3699
   1542      419     164
   1543      507    2199
   1544    14844    9388
   1545    16004   17020
   1546     4471    3931
   1547     4714    1543
   1548     3656    9810
   1549      433    1817
   1550     6205    2066
   1551     1940    6566
   1552    38209   12783
   1553     2997    5143
   1554     3356    1112
   1555      555     409
   1556      480    1272
   1557     2630    1752
   1558     1022    1350
   1559      729     148
   1560     6530    1842
   1561    10428    2365
   1562     2812    3531
   1563     1031     450
   1564     1317    1369
   1565    10913    9314
   1566     1839    6823
   1567     1069     779
   1568     3356    8569
   1569     4393    4943
   1570     7194    1721
   1571     5826    3468
   1572      935     899
   1573     1190    2731
   1574     1945     875
   1575     3048    7485
   1576     1333    1481
   1577     2968    7221
   1578     4397    6846
   1579     4418    1372
   1580      216     587
   1581     3476     717
   1582     2382     955
   1583     7998    3379
   1584     4257    4803
   1585     3156    3764
   1586    27056   13871
   1587     3812   14808
   1588     6675    1819
   1589      536    1116
   1590     2076    5931
   1591     2788     948
   1592     7847   15707
   1593     3383    4963
   1594     9814   13440
   1595      572    1070
   1596     1300    1932
   1597     2295    5539
   1598     2235    1776
   1599     2237    1186
   1600     1637    2610
   1601     1902     974
   1602    10002    2034
   1603     2837    1654
   1604     2333    1204
   1605     5000    1932
   1606      496     304
   1607     3224     644
   1608     7492    3086
   1609     5524    2414
   1610     1056    2880
   1611     2287     752
   1612     1690    3117
   1613     1719    7810
   1614     2877    1065
   1615    12522    4393
   1616     3032    5279
   1617     1972    1451
   1618     3768    5080
   1619      853    2995
   1620     3325    1277
   1621     4602    3960
   1622     2808    2106
   1623      538     306
   1624     5624   23160
   1625      987    1532
   1626     2583    1438
   1627     5064    1106
   1628     2590    1836
   1629     9940   12633
   1630     4583    1784
   1631      210     174
   1632     2228    8988
   1633    11714    2342
   1634     6375   26812
   1635     2531    1107
   1636     1274     756
   1637     1479    2340
   1638     1556    1617
   1639     3369    4464
   1640      346    1189
   1641     4930    2214
   1642     1191    4573
   1643     5485    1639
   1644     2725    3229
   1645     2045    2023
   1646      624     404
   1647     6576    3562
   1648     2503    1189
   1649     1386    1074
   1650    10062    2415
   1651    12187    5182
   1652     2174    6938
   1653     1366    1661
   1654      726     681
   1655     1700    2527
   1656     8517    2215
   1657     4021    6193
   1658     4209   18126
   1659     1807     525
   1660     3478    2840
   1661     3943    3103
   1662     3969    2671
   1663      594    1095
   1664     5976    1625
   1665     5909    3474
   1666    15345    5204
   1667     4466   10417
   1668      310    1250
   1669     4548    5428
   1670      114     181
   1671     1143    2510
   1672     8306    4705
   1673    11405   10180
   1674     6221    4573
   1675     5337    3626
   1676     6364    1857
   1677     3367    7666
   1678     2945    3005
   1679      884    1887
   1680      515    2543
   1681     4491    7388
   1682     1517    1924
   1683     1253     719
   1684     1328    2518
   1685     1207     948
   1686     1576     703
   1687      214     498
   1688     3142    6078
   1689      804    1476
   1690     4756    2238
   1691     5653    9867
   1692     3289    1914
   1693     5770    5162
   1694     6431    3440
   1695      437     520
   1696    16112   18300
   1697     1610    1469
   1698     3274   12831
   1699     6239    1459
   1700     2586     776
   1701     1556    1337
   1702     2234     833
   1703     1226    1651
   1704     4466    2795
   1705     3975     955
   1706     6838    3967
   1707     3055    1013
   1708     2198     976
   1709     6401    1368
   1710     1044    1691
   1711      672    1709
   1712     1494    5151
   1713     8863    4521
   1714    15494   12252
   1715     3123   12931
   1716     1603    2140
   1717     4089    3027
   1718     1859    3661
   1719     2937    2554
   1720     9688    9210
   1721     4214    6083
   1722     2735    6342
   1723     2806    1567
   1724      794    2859
   1725     1759    3759
   1726      743    1620
   1727      485    1419
   1728     2086    9803
   1729      546    1888
   1730     5726    4685
   1731     4131     965
   1732      328     576
   1733      842     539
   1734      179     680
   1735     2887     982
   1736     1583    1456
   1737     1500    7329
   1738     2128    2493
   1739     2712     959
   1740     8521    4673
   1741     5422    4085
   1742     1641    2784
   1743     2498    2543
   1744      842    3620
   1745    19506    4456
   1746     4853    5968
   1747     2003    5471
   1748     6145    3077
   1749     3357    1438
   1750     1593    1820
   1751     1159    3153
   1752     3675    2086
   1753     4730    1400
   1754     2931    1124
   1755     3137     970
   1756     2934    1619
   1757    25126    7358
   1758     7068    1889
   1759      776    1048
   1760    35743   11779
   1761     6443    1580
   1762     8397   12682
   1763     4190     873
   1764     1000    1632
   1765     1469    3452
   1766     4879     980
   1767     1647    6131
   1768     2150    2581
   1769     8222    4404
   1770    10175    4251
   1771      813     372
   1772     5192    1396
   1773     3537    5524
   1774     1071     374
   1775     3875    1972
   1776      607     297
   1777     1597    1899
   1778     9089   25729
   1779    13063    5609
   1780     2421    1801
   1781     4819    1388
   1782      820     816
   1783     5201    3943
   1784     5449    8552
   1785     2067    7637
   1786     3069    6447
   1787     2020    5352
   1788     2019     623
   1789     3845    6732
   1790     1196    3723
   1791     1079    3516
   1792    10414   23327
   1793     1858    1046
   1794     9008   26786
   1795     3974    1224
   1796      552    2063
   1797     6795    1848
   1798      965     485
   1799     3641    2424
   1800     3888   11897
   1801    13658    5846
   1802     1870    1659
   1803     1135    3310
   1804     1319    5957
   1805     2932    9144
   1806     4687    8178
   1807     2855    2801
   1808     4923    8646
   1809     5137    5895
   1810     5607    8777
   1811      163     789
   1812     2362    5313
   1813     3453     960
   1814      642     500
   1815      729     523
   1816    15864    3347
   1817     5224    4091
   1818     6466    5533
   1819     4976    3725
   1820     4104    1383
   1821     8995   19441
   1822     1907    3784
   1823     1229    2651
   1824     7675    5965
   1825     9584    7560
   1826    33336    9595
   1827     5607   10026
   1828     1372     381
   1829     3881    3222
   1830     1385    1408
   1831     1150    2852
   1832     2276    4570
   1833     4002    2164
   1834     8136    2065
   1835     5612    6104
   1836      159     372
   1837     5945    1925
   1838     2429    3665
   1839     4510    1363
   1840     7545    3642
   1841     1773    2943
   1842     2271    1566
   1843     3224    2259
   1844     1008    2333
   1845     2840     885
   1846     1345    1103
   1847      625     789
   1848     6735   19193
   1849    10476    8462
   1850     4652   11213
   1851     1203    1641
   1852     1873    1087
   1853     1591    2453
   1854     1675    2791
   1855     1025    3090
   1856     9960    2466
   1857      554    1470
   1858     7488    1647
   1859     2921    2042
   1860     2138    1049
   1861     2823    1748
   1862      443    1214
   1863      430    2125
   1864     1954    1687
   1865    13205   24672
   1866     1330    3206
   1867     2922     992
   1868     4360    3607
   1869     5189    2131
   1870     1483    4497
   1871     1312    2944
   1872    12984    9308
   1873    13753    4740
   1874    11700    3880
   1875     2051    1179
   1876     5131    4927
   1877     7925    3715
   1878     2042     783
   1879      539     754
   1880     4567    3350
   1881    14947    4228
   1882     4734    1344
   1883     4003     854
   1884      625     136
   1885    12627    8834
   1886     9771    2523
   1887      744    3642
   1888      959    2665
   1889     9979    4629
   1890    13782   14417
   1891     2520    9588
   1892     1154     891
   1893     2527    1359
   1894     1851    4061
   1895     3389    1791
   1896     3298    2899
   1897    10348    5715
   1898     3773    3619
   1899     1541    3689
   1900      794    2872
   1901     3904    1459
   1902     1223     354
   1903    11896    4598
   1904     3975    2842
   1905     3190    3768
   1906     6233    8047
   1907     3805    3963
   1908     2584    5033
   1909     3917   15311
   1910     1109     702
   1911      951    4179
   1912     3460   17248
   1913     1914     741
   1914     6018    7395
   1915     1807    4233
   1916     1394     509
   1917    15094    7083
   1918     4078    3949
   1919     1012    4485
   1920     1371    1024
   1921     3610    2209
   1922     4221    6937
   1923     3605    8082
   1924     4165    5037
   1925     4152    3154
   1926     1140     565
   1927      769    2510
   1928     5317   21030
   1929     6946    3066
   1930     3365    6447
   1931     3820    6677
   1932      915     877
   1933     2129    1256
   1934     5578    2367
   1935     1291     433
   1936     3440   14189
   1937     2555    2713
   1938     6243    2746
   1939      261     542
   1940      891    1826
   1941     2859    1602
   1942     2074     446
   1943      742     374
   1944     7339    2403
   1945      867    1014
   1946     2967   14593
   1947     2632    1358
   1948     1466     940
   1949     4512   10603
   1950      388    1020
   1951      599     291
   1952     6167    8925
   1953     7673    2762
   1954    25116   18390
   1955     3426     860
   1956      658     588
   1957    10929    2591
   1958     3042    2951
   1959      982     533
   1960     6710    4714
   1961      771    2356
   1962     2822    4003
   1963      661    2177
   1964     1189     780
   1965      979     717
   1966     1637     628
   1967     1163    5771
   1968     2512    1034
   1969     1313     628
   1970     7538    7894
   1971     4613    4477
   1972     4458    3107
   1973      599    2108
   1974     1737    1882
   1975     7746    2037
   1976     7623    4538
   1977     7199    4725
   1978     2729    1120
   1979     3886     884
   1980     6084    3348
   1981     1633    4124
   1982      523     331
   1983     8109    4458
   1984      480    1446
   1985      803    1480
   1986     3141    7131
   1987     3153    7727
   1988      508     126
   1989     1614    1290
   1990      346    1459
   1991     3657    1099
   1992     1572    2341
   1993    10602    7660
   1994     4154    2356
   1995     2712    5573
   1996     2015    3153
   1997     1704    6419
   1998     3708    1798
   1999     5823    4695
   2000     6048    6329
   2001     3991   15989
   2002     5417    2842
   2003     1387    3324
   2004      555    1497
   2005     1807     952
   2006      410    1058
   2007      994    1744
   2008     8556   29015
   2009     1616    5510
   2010     3856    9986
   2011      743    3189
   2012     4836    1097
   2013     5554    1538
   2014     1021    4397
   2015     1196     479
   2016     4813   22493
   2017     5271    6089
   2018    11149   11780
   2019      661    1200
   2020      390    1934
   2021     1316    4638
   2022      896    4119
   2023     1123     691
   2024     1716     943
   2025     2521    7400
   2026      874    3714
   2027      893    1939
   2028     2492   10933
   2029     3446    2402
   2030      607    1704
   2031     4609     972
   2032      554    2248
   2033     2023    2504
   2034    21363    4757
   2035    15097    4526
   2036      899    2248
   2037      258     713
   2038     2193     829
   2039     1557    2744
   2040     6227   11216
   2041     3174    5554
   2042     3130    3301
   2043     1775    5617
   2044     6435    2518
   2045    12664    3035
   2046     3594    3927
   2047      625    2347
   2048    16620    4714
