   32  28567 
      1     5316    3704
      2     1468    4371
      3     6748    3516
      4     6116    2675
      5    20168    4113
      6     8913    2448
      7     4509    1464
      8     2625    1377
      9     6364    1454
     10     1322    5280
     11     6376    2833
     12     2797    2468
     13     2035    3092
     14     7204    4297
     15    10751    3009
     16     4754    7092
     17     1048    3704
     18    19720    4371
     19     6559    3516
     20     1263    2675
     21    20168    4157
     22     8913    1849
     23     4509    4885
     24     2625    7428
     25     6364    3112
     26    19866    5280
     27     6931    2833
     28     4582    2468
     29     2035    5178
     30     5071    4297
     31    10751    3340
     32     4754    1713
