   32  28567 
      1     6837    5820
      2      669    3015
      3     2500    2276
      4     2013    3332
      5    13436    3686
      6     1727    1520
      7     2779    1820
      8     3267    6265
      9     1737    4870
     10     5122    8231
     11     5842    5519
     12    14486    6380
     13     2800    6516
     14     3776    1386
     15     3169    6130
     16    20178    5457
     17    10982    5820
     18     4453    3015
     19     3342    2276
     20     2013    3048
     21    13436    2830
     22     3395    1520
     23      390    1820
     24     3267    3586
     25     1737     950
     26     5122    2079
     27     5842    4541
     28     6946    6380
     29     3320    6516
     30     1346    1386
     31     3169    4386
     32    20178    4394
