   64  40400 
      1     1379    2102
      2     8642    2578
      3     4396    3154
      4     2031    8957
      5     4360    2286
      6     3577    1864
      7     6308    2565
      8     2119    9826
      9     3482    4037
     10     7021    2651
     11      682    1230
     12     2214    5256
     13     3100    4677
     14     8841   12903
     15     3565    4554
     16     5685    9826
     17     2369    1935
     18     8364    5103
     19     2202    4160
     20     1961    4930
     21      493    2391
     22     3577    2335
     23     1803    2530
     24     3046    4265
     25     1354    4037
     26     3318    7800
     27     2982    1810
     28    19136    8957
     29     1287    4677
     30     3401   11730
     31     5980    2432
     32     2200    9826
     33     2660    2102
     34     8642    2525
     35     4396    1006
     36     1827    8957
     37     4790    2286
     38     3577    2679
     39     6308    1989
     40     2036    9826
     41      829    4037
     42     7021    5149
     43     2300    1230
     44     2214    3701
     45     3309    4677
     46     3946   12903
     47     2824    4554
     48    22000    9826
     49     1670    1935
     50     3629    5103
     51    10900    4160
     52     1961    4027
     53     8657    2391
     54     3577    6025
     55     1803    2024
     56     3046    5561
     57    10216    4037
     58    10296    7800
     59     2982    1120
     60    13231    8957
     61     3074    4677
     62     3401    1173
     63     5980    2122
     64     3314    9826
