   128  57134 
      1      953    2972
      2     3324    3646
      3     6216    2516
      4     2872    1995
      5     2363    3233
      6     2706    2637
      7     1304    3628
      8     2996   10387
      9     4925    2113
     10     7597    3749
     11      965    1241
     12     1631    7433
     13     4385    3657
     14    12502    2944
     15     2127    6441
     16     4584   13897
     17     3350    1570
     18     9067    7216
     19     1846    5882
     20     2774    4161
     21      697    2302
     22     5060    1274
     23     2550    2102
     24     1230    6032
     25     1915    4388
     26     4692    5519
     27     1772    2558
     28    18239   12667
     29     1820    5930
     30     4810    9204
     31     8457    1692
     32     3112    1474
     33     1797    2972
     34     3188    3570
     35     5188    1422
     36     2584    8187
     37     1366    3233
     38     3168    3788
     39     3612    2813
     40     2879   11412
     41     1172    4606
     42     9929    3078
     43     2079    1740
     44     1190    5234
     45     1880    6614
     46     5580   17078
     47     3993    3374
     48    20327   13897
     49     2362     751
     50     2009    7216
     51     7243    5882
     52     2774    1484
     53    10143    3381
     54     2450    8520
     55     2550    1241
     56     4308    5203
     57     5597    5709
     58    14561    7384
     59     1672    1584
     60    18710    5659
     61     4347    3050
     62     1180    1660
     63     3911    3001
     64     4687    7656
     65      998    2972
     66     8898    3646
     67     6216    1944
     68     2872   10672
     69     3802    3233
     70     2354    2637
     71     7618    3628
     72     2996    3510
     73     4925    3596
     74     2332    3749
     75      965     499
     76     1501    7433
     77     4385    2957
     78    12502   15303
     79     2914    6441
     80     3456   13897
     81     3350    1167
     82     2760    7216
     83     1268    5882
     84     2774    2811
     85      697    1079
     86     5060    2028
     87     2550    1476
     88     3078    6032
     89     1915    1321
     90     4692    5512
     91     2445    2558
     92     8823   12667
     93     1820     684
     94     4810    7383
     95     8457    1748
     96     3112   12423
     97     1964    2972
     98     9034    3570
     99     1028    1422
    100     2584    4480
    101     5408    3233
    102     1892    3788
    103     5310    2813
    104     2879    2485
    105     1172    1103
    106     9929    4204
    107     1173    1740
    108     1942    5234
    109     2800    6614
    110     5580    1169
    111     3993    3067
    112    10785   13897
    113     2362    1986
    114     3124    7216
    115     8173    5882
    116     2774    4211
    117     2099    3381
    118     2610    8520
    119     2550    1622
    120     4308    2662
    121     8850    5709
    122    14561    3647
    123     2545    1584
    124    18710    7008
    125     4347    3564
    126     3630    1660
    127     4546    3001
    128     4687    6241
