   128  57134 
      1     5036   14679
      2     2141    9879
      3    10700    6055
      4     2567    8092
      5     5033    1853
      6      748    2766
      7     1689    2926
      8     4033   13842
      9     5177    6769
     10     2442   11390
     11     4017    3129
     12     1603     494
     13     4081   11726
     14     1712    7740
     15     6988    2007
     16    15418    4269
     17     2784    9921
     18     7095    9143
     19     7306   10707
     20     2197    3041
     21     5033    1133
     22     3325    2347
     23     1808    7202
     24     4905    6061
     25     8568    3534
     26     7074    6476
     27     2649    6099
     28     2384    3541
     29     1851    2700
     30     7558    2516
     31     2765    2628
     32     8478    6612
     33     5804    5951
     34     2352    9222
     35    10700    4868
     36     3791    1242
     37     5033    1125
     38     5084    1081
     39     4358    1665
     40     4033    3464
     41     5593    2684
     42     4869    5485
     43     5337    7230
     44     2233    7699
     45     4452    8412
     46     3405    3363
     47     4971    2943
     48     9326    3607
     49     3407   10709
     50     7095    2227
     51     4088   15602
     52     4694    7586
     53     2410   11436
     54     4197    5393
     55     2256     468
     56     4905    3707
     57     6024    3363
     58     3952    4043
     59      456     827
     60     1213    5054
     61      643    2700
     62     6365    2513
     63     9953    3665
     64     9897    5178
     65     3026   14679
     66     4301    9879
     67    10700   19957
     68     2567    2535
     69     5033    3163
     70     4336    2766
     71     1689    1428
     72     4033    1407
     73     2878    6769
     74     2427   11390
     75    11340    3129
     76      630     494
     77     4534   11726
     78     1644    7740
     79     6988    3256
     80     1124    4269
     81     2802    9921
     82     7095    5783
     83     7306    8910
     84    12308    3041
     85     5033    3078
     86     2752    2347
     87     1983    7202
     88     4905    7337
     89     5080    3534
     90     7074    8582
     91     2649    3433
     92     2384    2032
     93     4677    2700
     94     7558    2711
     95     9194    2628
     96     8064    6612
     97     2258    5951
     98     4090    9222
     99    10700    4339
    100     3791    9385
    101     5033    1050
    102     5084    3893
    103     4358    2689
    104     4033     953
    105     5593    4085
    106     4869    2226
    107    10020    7230
    108     2233    2434
    109     4163    8412
    110     3405    4377
    111     4971    2320
    112     7216    3607
    113     2179   10709
    114     7095    1948
    115     3218   15602
    116     9811    7586
    117     2623   11436
    118     1880    5393
    119     2256    6734
    120     4905    2561
    121     7624    3363
    122     3122    4043
    123     2193     827
    124     1171    5054
    125     1444    2700
    126     1193    2513
    127     2006    3665
    128     6645    5178
