   128  57134 
      1     4990    1829
      2    13523    4248
      3    12671    3953
      4    10899    3427
      5     2444    4560
      6     8316    5588
      7     5532    2399
      8    17375    3493
      9    11868    9358
     10     4590    2339
     11     7202    7991
     12    12878    2835
     13     5261    2183
     14     9291    6117
     15     1173     952
     16     2910    3043
     17     7932    3544
     18    10585    5510
     19     3317    4098
     20     8271    1923
     21     1765     577
     22     9983    6750
     23     3051    1151
     24     4597    4756
     25     5356   12622
     26     8903    2742
     27     8649   10979
     28     3484    5890
     29     1614    2024
     30     1862    9116
     31      558    2404
     32      904    1978
     33     1297    1829
     34     5613    5064
     35    10160    6376
     36     9877    2045
     37     3379     800
     38    20869    5133
     39     4734    1844
     40     1790    1932
     41     3767   12622
     42     3478    1649
     43     9827    2395
     44     9433    3055
     45     8033    2073
     46     8675    2894
     47      431     875
     48     8922    1936
     49     4996    5336
     50     7007    4017
     51     5158    8664
     52     4423    2019
     53     2059    3719
     54     4767    3304
     55     1990    1484
     56     4213    2251
     57     3317    3357
     58      642    2273
     59     2706   12872
     60     6971    2395
     61      460    1723
     62    11142    5248
     63     1872    1935
     64     7913    2833
     65     1128    1829
     66     5478    4248
     67    12671    2543
     68    10899    2486
     69     2444    1620
     70    15067    5588
     71     5532    1655
     72    17375    3554
     73    11868    3264
     74     4590    2676
     75     2625    7991
     76     1287    2835
     77     2772    2183
     78     9291    2999
     79     1173    2512
     80     6012    3043
     81     7932    1913
     82     1409    5510
     83     3317    8774
     84     8271    1971
     85     1765    5603
     86     9983    3971
     87     2481    1151
     88    10355    4756
     89     8581   12622
     90     2030    2742
     91     8649    1893
     92     4427    5890
     93     1614    2695
     94     7163    9116
     95     3801    2404
     96     8018    1978
     97      517    1829
     98    13388    5064
     99     2511    6376
    100     9877    3868
    101     3379    5380
    102     2514    5133
    103      798    1844
    104     1790    5115
    105     6666   12622
    106     3478    3366
    107     9827    2486
    108     4732    3055
    109     8033    2186
    110     8675    6222
    111      742     875
    112     8922    2013
    113     2936    5336
    114     7007    1493
    115     5158    4208
    116     3848    2019
    117     2059    2461
    118     4767    7417
    119     3542    1484
    120     4213    2505
    121     3317    9265
    122    10291    2273
    123     9274   12872
    124     6971    3495
    125     1154    1723
    126    11142    3868
    127     2487    1935
    128     1009    2833
