   128  57134 
      1     4607   11641
      2     1338     321
      3     4999    1151
      4     1412     894
      5    20332    7371
      6     2260    1867
      7     3088    3642
      8     3449    6664
      9     3474    2192
     10     3424   16458
     11     3323   11038
     12     4679   12759
     13     2719   10543
     14     5600    1538
     15     6339    5011
     16     9711    5425
     17    10671    6695
     18     6882    1691
     19     5338    2512
     20     2488    3010
     21    10885    3037
     22      456    1497
     23      781     505
     24     4053    1910
     25     1682     926
     26     9276    2085
     27     3578    9082
     28     4443    5258
     29     6641    2923
     30     2208    1149
     31     4265    2189
     32    17714    8788
     33     2908    7800
     34     1338     622
     35      867    2053
     36     2613    1740
     37     1990    7371
     38     1195     705
     39      740    3642
     40     6535    1849
     41     1837    4617
     42     3432   13341
     43     3884    1597
     44     5791   12759
     45     2881    5743
     46      775    2773
     47     6339    4419
     48    16658   10915
     49     2763    4946
     50     2025     937
     51     2314    2040
     52     1537     360
     53     7690    5660
     54     1203    1544
     55      781     591
     56     2482    1020
     57     2610     975
     58     8258    2074
     59     5697    1856
     60    13892    4496
     61     1828    6790
     62     2693     689
     63     6339    1437
     64    15280    5633
     65     6159   11641
     66     1338     481
     67     4999    1348
     68     1412    5770
     69     2297    7371
     70     2260    1174
     71      973    3642
     72     3086    6664
     73     3474    2931
     74     3389   16458
     75     4476   11038
     76    14891   12759
     77     2719    2488
     78     5600    1235
     79     6339    1384
     80     9711    5490
     81    11293    6695
     82     6882    4340
     83     1346    2512
     84     2488    3085
     85    10885    2623
     86     6334    1497
     87      781    2136
     88     4053    5263
     89     1792     926
     90      969    2085
     91     2408    9082
     92     9449    5258
     93     6641    3318
     94      485    1149
     95     2074    2189
     96     7360    8788
     97     2908    3841
     98     1338    4607
     99     4132    2053
    100     2613    4924
    101     2252    7371
    102     1195    2336
    103      757    3642
    104     6535    4017
    105     1637    4617
    106     3432    3117
    107     3884    9441
    108     3611   12759
    109     2881    7288
    110     1177    2773
    111     6339    1444
    112    13985   10915
    113    19201    4946
    114     2025    5094
    115     4370    2040
    116     1537    5735
    117     8296    5660
    118     5587    1544
    119      781     410
    120     2482    6153
    121      864     975
    122     1987    2074
    123     5697    7226
    124    13892    3005
    125     4813    6790
    126     2693     935
    127     6339    5146
    128    15280    3155
