   256  80800 
      1     7123    5053
      2     3029   12062
      3     6847    8564
      4     3630    1860
      5     5782    2621
      6     1058    3152
      7      889    4138
      8     5703    1870
      9     3111    9573
     10     3454    1342
     11     5681    1959
     12      833     699
     13     5772    5580
     14     2422    7004
     15     1827    2839
     16    19428    6036
     17     3937    1365
     18    10035    5914
     19    10333   10311
     20     1433    4300
     21      479    1603
     22     4703    1633
     23     2556    7204
     24     6937    4866
     25     2862    4998
     26     6976    9159
     27     3747    2965
     28     1672    5007
     29      805    3818
     30     8263    3559
     31     2904    3717
     32    11991    4453
     33     3240    8416
     34     3326    8324
     35    15130    3799
     36     4052    1756
     37     1067    1591
     38      595    1529
     39     5425    2354
     40     5703    2237
     41     7910    1885
     42     3192    7757
     43     7546    4121
     44     3158   10079
     45     3856   11897
     46     4815    2756
     47     7030    1554
     48     9986    5102
     49     4817    4361
     50     3665    3150
     51     5781   13878
     52     6638    7577
     53     3409    4762
     54     5935    1747
     55     1890     663
     56     6937    2471
     57     8519    2589
     58     4280    5717
     59      646     456
     60     1716    5440
     61      908    3325
     62     7457    3554
     63     1469    5182
     64    13998    4473
     65     4280   15865
     66     6081    7287
     67    15130   12675
     68     3630    2097
     69     7118    1589
     70     3997    3912
     71     2390     931
     72     2219    1990
     73     2046    9573
     74     3432   10912
     75     1570    4425
     76      224     699
     77     6412    4825
     78     2325    5307
     79     2616    4605
     80     1590    1390
     81     3962    3003
     82    10035    4592
     83     7017   12601
     84    15075    4300
     85     1180    4352
     86     3892    1041
     87     2805    5598
     88     3846   10376
     89     1346    4998
     90     3302   12137
     91     3747    4077
     92     2204    2874
     93     6615    2261
     94     6160    3833
     95     8843    3717
     96     6143    9351
     97     3194    2605
     98     5784    9334
     99     1761    6137
    100     5362    3121
    101      403    1486
    102     1569    5505
    103     3942    3803
    104     1102    1348
    105     7910    2932
    106     2742    3148
    107    14170    6210
    108     1247    3443
    109     5888    7245
    110     1543    6190
    111     7030    1775
    112     4474    5102
    113     3082    8114
    114     6665    2755
    115     4552   13580
    116     7632   10729
    117     3709    7656
    118     2660     935
    119     3191    4014
    120     6937    1468
    121    10783    2160
    122     4416    1526
    123      874    1170
    124     1656    1871
    125     1177    3818
    126     1688     701
    127     2836    3288
    128     2776    7323
    129     7123   15706
    130     3029    1909
    131     8283    8564
    132     3630    9584
    133     1336    2621
    134     1058     760
    135     1501    4138
    136     5703   17705
    137     4211    9573
    138     3454   14766
    139     5681    2466
    140     1435     699
    141     5772   11003
    142     2422    3942
    143     8054    2839
    144     2377    6036
    145     3937   12665
    146    10035    7016
    147    10333    4831
    148     1674    4300
    149     6639    1603
    150     4703    1687
    151     2556    2982
    152     6937    3705
    153     9256    4998
    154     3028    9159
    155     3747    5659
    156     1700    5007
    157     1813    3818
    158     2426    3559
    159     1007    3717
    160    11991    4898
    161     4969    8416
    162     3326    4718
    163    15130    3085
    164     1310    1756
    165     6051    1591
    166     6594    1529
    167      737    2354
    168     5703    2662
    169     7910    1911
    170     3694    7757
    171     7546    6103
    172     3158     808
    173     2440   11897
    174     4815    2000
    175     7030    2609
    176     3204    5102
    177     4817   10784
    178     6370    3150
    179     5781    8187
    180     6638    3152
    181     3409   11411
    182     5935    5879
    183     1301     663
    184     6937    2772
    185     8519    2167
    186     1308    5717
    187      646     714
    188     1716    1708
    189      908     493
    190     1544    3554
    191    12606    5182
    192    13998    2850
    193     4280    4894
    194     6081    6684
    195    15130   15548
    196     3630    1488
    197     7118    2883
    198     2134    3912
    199     2390    1088
    200     3484    1990
    201     2024    9573
    202     3432    5196
    203    14465    4425
    204      666     699
    205     6412   11758
    206     2325    5639
    207     7265    4605
    208     1590    4646
    209     3962   11027
    210    10035    3586
    211     3316   12601
    212     2331    4300
    213     5938    4352
    214     3892    2279
    215     2805    4588
    216     3091   10376
    217     5838    4998
    218     6702   12137
    219     3747     778
    220     1168    2874
    221     6615    1557
    222     4529    3833
    223     4157    3717
    224     5261    9351
    225     3194    5811
    226     5784    3708
    227    13369    6137
    228     5362   10152
    229     6715    1486
    230     5620    5505
    231     2220    3803
    232     4601    1348
    233     7910    2845
    234     4144    3148
    235    14170    4014
    236     1911    3443
    237     5888    4652
    238     3272    6190
    239     7030    1506
    240     5731    5102
    241     3082    7031
    242     3370    2755
    243     4552    8485
    244     6243   10729
    245     3709    8517
    246     2660    6691
    247     3191    5509
    248     6937    2154
    249    10783    2596
    250     4416    4191
    251     2227    1170
    252     1656    5277
    253      866    3818
    254     1688    2853
    255     2836    1894
    256     6621    7323
