   256  80800 
      1     6349    2587
      2    10113    6007
      3     8063    5590
      4     2226    4847
      5     3456    1448
      6     8327    7902
      7     6065    3393
      8    10578    4940
      9    16784    9122
     10     2419    3309
     11     4453   11301
     12     5752    4009
     13     7439    1502
     14     8696    8650
     15      398    1346
     16     3108    4304
     17     8664    5010
     18     3483    7792
     19     1571    5796
     20    10263    2721
     21      933     816
     22    14118    4148
     23     3229    1628
     24     6501    2543
     25     7575   12180
     26     9428    3877
     27    12232    3107
     28     2322    8330
     29     2284    2026
     30     2633   11585
     31      789    1481
     32      620    2798
     33     1834    1783
     34     7938    3118
     35    14369    3721
     36    11443    2892
     37     2476    1132
     38    18630    7259
     39     5746    2608
     40     2532    1176
     41     5328    9854
     42      904    2333
     43     5278    3387
     44     6469    4321
     45     4054    2931
     46     7733    4092
     47      322    1239
     48     5324    2738
     49     7066    4884
     50     6129    5680
     51     3775   12252
     52     4383    2856
     53     1792    5259
     54     6742    2054
     55     1716    2098
     56     5958    1814
     57     4692    1827
     58      908    2940
     59     3827    9990
     60      977    3388
     61      651    1055
     62     4229    7422
     63     1623    2737
     64     1878    4006
     65     1595    1588
     66     7747    3992
     67     7780    3597
     68     2103    3517
     69     3456    1440
     70    19168    7902
     71     5224    2341
     72     1033    5028
     73    11714    4616
     74     6491    2078
     75     3713    9143
     76      836    4009
     77     2237    3087
     78     3670    4241
     79      821    3551
     80     1471    4304
     81     8633    2706
     82     1993    6164
     83     4691    9202
     84     3579    2787
     85     2496    5421
     86     3194    5616
     87     2461    1628
     88    14645    3001
     89     6390   17850
     90     1796    3877
     91     1742    2678
     92     6260    1725
     93     1068    3810
     94    10131    8510
     95     3442    3399
     96     2359    2798
     97      732    1801
     98    11765    7160
     99     3551    2324
    100     9751    5472
    101     2400    7607
    102     1568    7259
    103      522    2608
    104     2532    6553
    105     9427    2658
    106     4919    1277
    107     8095    3516
    108     2314    4321
    109     6951    3093
    110    12269    3668
    111     1050     833
    112    11742    2848
    113     1812    7547
    114     3839    2112
    115     7294    3460
    116     5443    1401
    117     2912    1691
    118     2387   10488
    119     5009    1079
    120     3317    3542
    121     4692    1827
    122    10282    3216
    123     5963   18204
    124     3564    4942
    125      958    2438
    126     9674    5469
    127     3517    1305
    128     1428    1916
    129      708    2587
    130     9011    6007
    131     9857    5590
    132    13187    4847
    133     3456    5000
    134     3434    7902
    135     1759    3393
    136    13994    4940
    137    16784    4112
    138     4072    3309
    139     5732   11301
    140    12462    4009
    141     7439    1585
    142     4443    8650
    143     1262    1346
    144     1008    4304
    145     2554    5010
    146    11486    7792
    147     3120    5796
    148     1434    2721
    149     1563     816
    150    14118    5397
    151     1086    1628
    152     6501    4183
    153     7575    5670
    154     3162    3877
    155    12232   12419
    156     2605    8330
    157     2284     837
    158     2633    1306
    159      789    1918
    160      659    2798
    161     1834     804
    162     7938    4042
    163    14369    5296
    164     2525    2892
    165     2303    1132
    166    10883    7259
    167      948    2608
    168     2532    1557
    169     5328    7996
    170     4015    2333
    171     8620    3387
    172     6872    4321
    173     7305    2931
    174     4536    4092
    175      288    1239
    176     7294    2738
    177     7066    2663
    178     3780    5680
    179     3519   12252
    180     1871    2856
    181     1120    5259
    182     6742    2619
    183     1099    2098
    184     5958    1370
    185     4692    2920
    186      908     276
    187     3827    8214
    188     8881    3388
    189      651    1383
    190    11528    7422
    191     1024    2737
    192     9312    4006
    193     1595     999
    194     7747    2015
    195    10140    3597
    196    13310    3517
    197     3456     851
    198     2140    7902
    199     2600    2341
    200    23539    5028
    201     5070    4616
    202     6491    1706
    203     3713    2158
    204      983    4009
    205     1683    3087
    206     9469    4241
    207      839    3551
    208     7031    4304
    209     2585    2706
    210     1993    1628
    211     4691    3206
    212     8118    2787
    213     2496    2502
    214    10924    5616
    215     1048    1628
    216    14645    3725
    217     5743   17850
    218     1075    3877
    219    10490    2678
    220     6260    6605
    221     1216    3810
    222    10131    4381
    223     1933    3399
    224     8980    2798
    225      732     786
    226     7168    7160
    227     3551    6693
    228     4217    5472
    229     2379    7607
    230     1988    7259
    231      608    2608
    232     2532     682
    233     9427   15192
    234     4919    3483
    235     5803    3516
    236     4378    4321
    237     4408    3093
    238    12269    5131
    239     1050     406
    240      876    2848
    241     2340    7547
    242     6070    2112
    243     7294    2492
    244     5443    1455
    245     2912    1789
    246     4355   10488
    247     5009    1019
    248     2641    3542
    249     4692   11276
    250     4271    3216
    251     7151   18204
    252     6294    4942
    253      675    2438
    254     6083    5469
    255     3517    1432
    256     1428    2090
