   256  80800 
      1     1070     770
      2     3947    4891
      3     3124    4575
      4     2167    2026
      5      399    1703
      6     2869    2335
      7    24295    7229
      8     1785    5253
      9     5457    1434
     10     8164    6689
     11     7413   10296
     12     5291    2303
     13     5959    6342
     14     8803    1984
     15     5545   15530
     16     1482    1415
     17     2228    1458
     18     2041    8442
     19     3670   14108
     20     3576     721
     21     3027   14978
     22     1321     849
     23     2328    7142
     24     1955     508
     25      716    1161
     26     6559    1909
     27     1874    3837
     28      562    2172
     29    10204    8238
     30     2934    1158
     31    11946   11122
     32     3490    3760
     33      226     985
     34     3878    3861
     35     8719    4303
     36      739    1338
     37     4011    2415
     38     2861    4261
     39     3695    8753
     40     2692     888
     41     2968    2265
     42     5199   18152
     43     3195   14921
     44      940    1331
     45     6070    6461
     46      404    1887
     47     7394   18333
     48     1317    2895
     49     1666    8265
     50     1460    5677
     51    13146    4482
     52     1749    2449
     53     4176    9076
     54     1321     425
     55     8582    3918
     56     1057    2744
     57      413     983
     58     7926   23019
     59     7138    3536
     60      625     855
     61     3383    8727
     62     3477    1791
     63     9825    4749
     64     2497    2618
     65     1635    7179
     66     5896    1657
     67     4137    3667
     68     3828    1231
     69     4609    2301
     70     3166    5767
     71    20802    8269
     72     1811    1142
     73     3247    2201
     74     2563    2012
     75     2343    3966
     76     2026    1072
     77     3870   15117
     78     2846     836
     79     2694    3082
     80     1218    2634
     81      872    3844
     82     2188     658
     83     6450    3437
     84     2443    1003
     85     5414    1987
     86     1321     312
     87     6840    3517
     88     2317     515
     89     2697    1832
     90      705    3226
     91    13471    6341
     92     1231    2172
     93     3601    1944
     94     1148    2266
     95     5548   24384
     96     4348    7869
     97      969     933
     98     9843    4196
     99     2376    1676
    100     1012     234
    101     4232    1278
    102      844    1506
    103     3661    4722
    104      763     753
    105      519    2265
    106     5528   11952
    107    10276    3713
    108      778     628
    109     4119    5200
    110      984    1764
    111     4981   14026
    112     1383     553
    113     3319     842
    114     3949    5323
    115    13146    6321
    116      509    2449
    117     4176    1146
    118      186     271
    119    17780    3918
    120     2518    2123
    121     2508     849
    122     6133    7934
    123    13471    2873
    124      641     701
    125    11609    5204
    126      879     348
    127    23155    5037
    128     1661    2618
    129     2087     770
    130     3947    2595
    131     5885    4575
    132     1931    2026
    133     7844    1703
    134     2869    3432
    135     3879    7229
    136     1785    3593
    137     5457    1567
    138     8164    4156
    139     6058   10296
    140      680    2303
    141     5959   10623
    142     8803    2073
    143     6830   15530
    144     1482    2846
    145     2228    4565
    146     4581    8442
    147     9476   14108
    148     3576     725
    149     4567   14978
    150     1321    1842
    151     2328    2012
    152      563     508
    153      716     671
    154     6559    1317
    155    11597    3837
    156      533    2172
    157     3726    8238
    158     2934    1108
    159    11946   13262
    160     3490    4109
    161     2931     985
    162     5965    3861
    163     2051    4303
    164      273    1338
    165     4011   10546
    166     4212    4261
    167     3695    6745
    168      904     888
    169     4587    2265
    170     5199    7575
    171     3195     995
    172      940     972
    173     6070    5304
    174      580    1887
    175     7394    2238
    176     1317    3331
    177     1653    8265
    178     7350    5677
    179    13146   20807
    180     1792    2449
    181     4176    2148
    182     1321     439
    183     8582    5236
    184     1461    2744
    185     2820     983
    186     7926    2393
    187     6333    3536
    188      625    1317
    189     2539    8727
    190     1664    1791
    191    13330    4749
    192     2098    2618
    193     1522    7179
    194     5896    5829
    195     4137     908
    196     3828     795
    197     3634    2301
    198     4224    5767
    199     7372    8269
    200     1811    7704
    201     3247     800
    202     2563    8833
    203    11128    3966
    204     2026    1231
    205     3870    1848
    206     2846    3221
    207     9681    3082
    208     1218    1627
    209     1356    3844
    210     2188    7784
    211     6696    3437
    212     1133    1003
    213     2180    1987
    214     1321    1629
    215     6840    5637
    216      201     515
    217     2058    1832
    218      662    3226
    219    13471   13420
    220     6123    2172
    221     3601    6294
    222     1938    2266
    223     5661   24384
    224     2001    7869
    225     2188     933
    226     9843    3899
    227     2376    2627
    228     1012     454
    229     4232   11683
    230     6229    1506
    231     3661   10776
    232     2833     753
    233      630    2265
    234     5528   13775
    235    10276   12203
    236      778    1675
    237     1951    5200
    238      984     406
    239     4981    6545
    240     1383    5673
    241     3319     760
    242     4861    5323
    243    13146    5802
    244     1312    2449
    245     4176    4595
    246     1135     271
    247    17780    5236
    248     2518    4597
    249      725     849
    250     1793    7934
    251    13471    3650
    252      641    1471
    253    11609    3523
    254      879    1443
    255    23155    5013
    256     3583    2618
