   256  80800 
      1     6516   15154
      2     1675     454
      3     6099    1628
      4     1998     533
      5    11301   10424
      6     1025    2639
      7     1312    5152
      8     2693    9424
      9     3545    3099
     10     4841   16024
     11     4700    1436
     12     6618    4062
     13     3845   11167
     14     1483    2176
     15     8965    4785
     16    13733    4182
     17    15091    5900
     18     7972    2392
     19     7549    1808
     20     3520    1358
     21     8179    4295
     22      645     422
     23      735     715
     24     5732    1408
     25     2378     768
     26     1695    2949
     27     5060    8515
     28     4495    7437
     29     6772    4134
     30     3123     968
     31     6031    1622
     32    25052    6136
     33     4113    1630
     34     1411     880
     35     1227    1671
     36      714    2462
     37     2814    8639
     38     1689     466
     39     1047    1781
     40     2691    2615
     41     2598    4407
     42     4854    3354
     43     1866    2260
     44     8189   14452
     45     1636    8122
     46     1096    1403
     47     8965    2941
     48    23558    6950
     49     3908    3293
     50      652    1324
     51     1123    2885
     52      926     509
     53    10875    3229
     54     1702    1219
     55      823     836
     56     2724    1443
     57     3407    1378
     58     8598    2933
     59     1927    2626
     60    10083    6358
     61     2584    1694
     62     3514     974
     63     2231    2033
     64     7934    7966
     65     4328   16463
     66     1395     681
     67     1742    1905
     68     1998    4434
     69     3249    3268
     70     3197     905
     71     1377    2935
     72     4364    3028
     73     4912    2642
     74     4794   10438
     75     3195   15610
     76    21055    9116
     77     3845    2727
     78     2635    1746
     79     2598    1959
     80    13733    3672
     81    13002    9468
     82     9734    2408
     83      752    3552
     84     1913    4363
     85     4240    3710
     86     5586    2116
     87     1105    1069
     88     3004    7441
     89     1248    1310
     90      646    2949
     91     3406     934
     92     8832    7437
     93     8283    4692
     94      343    1625
     95      918    3097
     96    10408    5421
     97     2085    5432
     98     1892    5688
     99     5843    1310
    100     3696    4037
    101     3185    1070
    102      916    3302
    103     1070    4849
    104     9242    3251
    105     2314    4284
    106     4854    1009
    107     2695   13350
    108     5108   14132
    109     4075    2808
    110     1664    1420
    111     8391    2044
    112    19778    6425
    113     9125    6995
    114     2863    5923
    115     6179    1319
    116     2174    5416
    117     2316    8005
    118     4813    2183
    119      792     580
    120     3510    6155
    121     1222     485
    122     2811    1772
    123     8056    4696
    124     9708    4250
    125     6807    7731
    126     3405    1323
    127     8965    5376
    128    11188    4462
    129     6516    1309
    130      217     454
    131      971    1628
    132     1998     732
    133    17453   10424
    134     2172    2639
    135     3054    5152
    136     2185    9424
    137     1367    3099
    138     4841    7252
    139     4700   14174
    140     6618   13983
    141     3845    3742
    142     6437    2176
    143     8965    2299
    144    13733    3490
    145    15091    3568
    146     1762    2392
    147     7549    1744
    148     3520    2899
    149     7215    4295
    150      645    1694
    151      370     715
    152     5732    1294
    153     2378     542
    154    11424    2949
    155     5060    4330
    156     1789    7437
    157     2619    4134
    158     3123     657
    159     6031    1475
    160    25052    6292
    161     4113    9401
    162      481     880
    163     1227    1233
    164     2982    2462
    165     2814    1785
    166     1689     531
    167     1047    3371
    168     6551    2615
    169     2598    2123
    170     4854   15513
    171     3628    2260
    172     8189    3593
    173     2439    8122
    174     1096    2519
    175     8965    3307
    176    23558    8485
    177     3908    3702
    178     2211    1324
    179     2150    2885
    180     1248     509
    181    10875    4776
    182     1702     964
    183      282     836
    184      786    1443
    185      283    1378
    186     3080    2933
    187     6129    2626
    188     9564    6358
    189     2584    7909
    190      295     974
    191     6734    2033
    192    13675    7966
    193     4382   16463
    194      497     681
    195     5328    1905
    196     1998    3726
    197     3249    7156
    198     3197     755
    199     1377    2217
    200     4364    6396
    201     4912    1504
    202     4794   12838
    203     3133   15610
    204    21055    8929
    205     3845     793
    206     5285    1746
    207     6367    1959
    208    13733    4091
    209     2969    9468
    210     9734    3729
    211     1151    3552
    212     1607    4363
    213    11154    3710
    214     3372    2116
    215     1105    1952
    216     2728    7441
    217     1286    1310
    218      724    2949
    219     3406   11911
    220     4531    7437
    221     1108    4692
    222      343    1625
    223     2016    3097
    224    10408    7007
    225     2028    5432
    226     1892     826
    227     5843    1594
    228     3696    2926
    229     3185    9354
    230      773    3302
    231     1070     303
    232     9242    2430
    233     2314    2246
    234     4854    3400
    235     2799   13350
    236     5108    3913
    237     4075    7499
    238     1664    2502
    239      574    2044
    240    19778    9010
    241    18029    6995
    242     2863    1282
    243     6179    1566
    244     2174    2695
    245     9417    8005
    246     3088    2183
    247      313     580
    248     3510    2545
    249     1222     893
    250     2811    1161
    251     8056    5523
    252     9939    4250
    253     6807    1872
    254      404    1323
    255     8965    1899
    256    10421    4462
