   512  114268 
      1     5403    8163
      2     3463   14076
      3     1168    2940
      4     6279    1388
      5    10121    4191
      6     1912    5041
      7    10608    7317
      8     2810    1711
      9     7929    4377
     10     1760    8252
     11     1114    1256
     12      693    1029
     13     1699    5367
     14     4925    1426
     15     3196    9885
     16     1358    1207
     17     6046    1946
     18     3770     947
     19     1390     977
     20     1311     296
     21     4914   12452
     22     3616   10778
     23     1674    2707
     24      911    3736
     25     3286    5578
     26     2098    6521
     27     2228     861
     28      623    1141
     29      559    2398
     30     2476    6552
     31     3481    9107
     32      750     366
     33     2939    2318
     34     4985    1217
     35     5629    2448
     36     1434    1485
     37     6930    2775
     38     1649    3643
     39    16691   15154
     40     1840    2732
     41     3215    6909
     42    14673    6402
     43     1512    2538
     44     1285     411
     45     8618    8082
     46     2807    1315
     47    19570    3926
     48     1651    2247
     49     7607    3688
     50     3765    3080
     51     2026    8812
     52     2111    1471
     53     7911   17176
     54     7123   14322
     55     1893    3574
     56     2518     763
     57      943    2016
     58     2426    7777
     59     3191    5764
     60      589    2365
     61     1054    1267
     62     4842   10075
     63     4592    7142
     64      858     859
     65     6062    3684
     66     6295    3182
     67      419     267
     68     3271    5148
     69     1931     507
     70     3255    1637
     71     6997    8733
     72      856    4038
     73     7748    2746
     74     9862    2240
     75     6718    1689
     76     1917    3286
     77     5719    3287
     78     3295    2154
     79     6131    4480
     80      871     512
     81     5102    3378
     82     8534    9723
     83     4769    1468
     84     2305     464
     85     4856    2647
     86     7660    2324
     87     6553    2206
     88     1825     495
     89     4060    1106
     90     2370    3236
     91      773    1804
     92     2556    3187
     93     3055    1814
     94     4338    1473
     95     3442   12400
     96      832     304
     97     4037    5902
     98     4985    1807
     99      514    1273
    100     1910    3540
    101     5077    2301
    102    10413    8011
    103     6685   10009
    104      648    1157
    105    11762    3354
    106    11197    5708
    107     2560    1503
    108      373    1836
    109     6371    2777
    110     3201    1316
    111    17190    9366
    112     1287    3090
    113     1903    4774
    114     1921    4049
    115     5642    7041
    116      848     253
    117     3105    3736
    118     5071   15867
    119     3978   12160
    120     1511     484
    121     3107    8071
    122     5717   10671
    123     2631    1844
    124      919     610
    125     2063    1909
    126     3592    4579
    127     6327    3137
    128     2053    1004
    129     3166     794
    130     6792    2702
    131     3095    2166
    132      842    3142
    133     2440    3049
    134     1473    4627
    135    15755    6628
    136      562    2325
    137     3883    4343
    138    17614    8252
    139     1841    1871
    140     6039    1765
    141     3600    8401
    142     2878    2642
    143     2937   11622
    144     1647     428
    145    17970    4594
    146    23288    6768
    147     3753    1291
    148     1481     780
    149     2727    7261
    150     4044    1074
    151      852    2707
    152     1713    2405
    153    14189    5277
    154      751    1414
    155     2228     461
    156     5062    1017
    157      901     712
    158     1620     373
    159    28050    9107
    160      781     391
    161     1878    3040
    162     4985    6714
    163     3082     795
    164     1938    4655
    165     1832    2775
    166     1709    5175
    167    14331    5675
    168      873    3577
    169     9365    2524
    170    18158    3952
    171     3269    1822
    172     1368    6408
    173      817    3129
    174     3509    1272
    175    19570    8272
    176     2120    2726
    177     6123    2255
    178     3077   12778
    179     1820    5330
    180     1535    1464
    181     6887    2880
    182     9456   21798
    183    10214    2724
    184     2858     957
    185     1340     511
    186     9535    7288
    187     2361    4590
    188     4091    2365
    189     3433    1439
    190     4842    1150
    191     3379   12011
    192      239     196
    193     7225    8163
    194     7398   14801
    195      914     352
    196     2458    9490
    197     4412    3586
    198     2059    1333
    199     3910   10336
    200     1157    4038
    201     3771    6110
    202     5923    3916
    203     3789    1674
    204     1904    5010
    205     3210    5814
    206     1517    1260
    207     3369    1390
    208      889    1197
    209     1772    5784
    210     7006    2128
    211     4769    2271
    212      188     925
    213     4856    4486
    214     5023   10949
    215     2804   13398
    216     1825    1852
    217     3770   14830
    218    15614    7935
    219      758    3407
    220     1047    3187
    221      652    2013
    222     4338    1105
    223     3712   12400
    224     1025     399
    225    24491    8479
    226     3332    1413
    227      539    1678
    228     3181    1029
    229     2718    4465
    230     2609    1138
    231    37950   10820
    232      426    1157
    233    11762    2360
    234     2409   10354
    235     3340    1035
    236      606    1836
    237     1919    2045
    238     3509    2597
    239     6131    5058
    240      844     715
    241    12258    7480
    242     2408    9076
    243     1708    2131
    244      295    1337
    245     4476   20496
    246     8404   11934
    247     3417    2599
    248     2027     447
    249     3107     658
    250     3949    6912
    251     2631    3811
    252      564    1188
    253      776    2706
    254     3592    1412
    255     1644    1045
    256      740     848
    257    15938    8163
    258     3329   14076
    259     5234    2940
    260     6279    1754
    261     1379    4191
    262     3001    5041
    263     5147    7317
    264     2810     614
    265    10798    4377
    266     1800    8252
    267     1114    2107
    268      693    2205
    269     1901    5367
    270     4925    8164
    271     3675    9885
    272      289    1207
    273     6046    7216
    274     3770   11184
    275     3379     977
    276     1311    1714
    277     4914    4519
    278     3616    6046
    279     3180    2707
    280      802    3736
    281    10903    5578
    282     2251    6521
    283     2228    4079
    284     4439    1141
    285      559     308
    286     2476    1072
    287     4583    9107
    288      800     366
    289     2939    3121
    290     4985    1709
    291      647    2448
    292     1747    1485
    293      937    2775
    294     1649    4368
    295     5694   15154
    296     1840     845
    297     3215    7921
    298     4480    6402
    299      523    2538
    300     1285    5997
    301     3911    8082
    302      702    1315
    303    19570    5073
    304      469    2247
    305     7607    1537
    306     3765    9698
    307     1796    8812
    308     5191    1471
    309     7911    4176
    310     7123   18127
    311     8321    3574
    312     1020     763
    313      824    2016
    314     2426    2894
    315     3191    3965
    316     2448    2365
    317     2815    1267
    318     4842    4841
    319     4592    6770
    320      858     797
    321     6062    4479
    322     6295   18672
    323      495     267
    324     3271    4342
    325     1931    6733
    326     3131    1637
    327     6997    1760
    328      867    4038
    329     7748    3364
    330     9862    2096
    331      738    1689
    332     1917    1724
    333     5719   11491
    334     1630    2154
    335     6131   15637
    336      871    1838
    337     2130    3378
    338    11518    9723
    339     4769    1659
    340     2305     461
    341     4856    1133
    342     7660    2352
    343     6553    2518
    344     1825     819
    345     4060   13724
    346     2370    4699
    347      773    1603
    348     1559    3187
    349     3055     892
    350     4338     922
    351     2871   12400
    352      832     453
    353     4037    2577
    354     4985    1712
    355      514    1175
    356     1271    3540
    357     5077    2164
    358     9877    8011
    359    35268   10009
    360     2316    1157
    361    11762    5379
    362    11197    4646
    363     2547    1503
    364     1145    1836
    365     4239    2777
    366      308    1316
    367    17190   12141
    368     1287    2333
    369     1903    2706
    370     1921    5027
    371     5642    3334
    372      848    1345
    373     9175    3736
    374     3333   15867
    375     2819   12160
    376     1511     689
    377     3107    3293
    378     3349   10671
    379     2631    1060
    380      919    1755
    381     2063     797
    382     3592    8056
    383     6327    4458
    384      496    1004
    385     3166    7369
    386     6792    5076
    387     3095     774
    388      640    3142
    389     9060    3049
    390     1473     414
    391    15755    6884
    392      625    2325
    393    14844    4343
    394     6237    8252
    395     1841    1492
    396     6039    1469
    397     3600    1010
    398     2047    2642
    399     3934   11622
    400     1647     715
    401    17970    4568
    402    23288    5363
    403     1016    1291
    404     1481    1230
    405     2187    7261
    406     4044   15750
    407      847    2707
    408     1713    2063
    409    14189    3975
    410     3598    1414
    411     2228     921
    412     5062    1029
    413      901    1994
    414     1620    7251
    415     3879    9107
    416      769     391
    417     1061    3040
    418     4985    7282
    419     3082    1653
    420     1243    4655
    421     2419    2775
    422     1709    2836
    423     8054    5675
    424     1284    3577
    425     9365   12306
    426      995    3952
    427     3269     716
    428     1557    6408
    429    11712    3129
    430     3509     997
    431    19570    4236
    432     2120    1165
    433     1484    2255
    434     2879   12778
    435     1820    3482
    436     5767    1464
    437     1024    2880
    438     9456   10651
    439    10214    2371
    440      680     957
    441     1340    1505
    442     9535    3383
    443     2361    5139
    444     2331    2365
    445      436    1439
    446     4842    1124
    447     3379    1901
    448      619     196
    449     2736    8163
    450     7398    7053
    451      914    2321
    452     2032    9490
    453     4412    3654
    454     4327    1333
    455     3087   10336
    456     1117    4038
    457     7208    6110
    458     3939    3916
    459     3667    1674
    460     2911    5010
    461     3210    8964
    462     3408    1260
    463     2762    1390
    464      889    1153
    465     5460    5784
    466     7006    7595
    467     4769   13652
    468      299     925
    469     4856   15966
    470     2637   10949
    471     3749   13398
    472     1825    5038
    473     3583   14830
    474     2643    7935
    475      697    3407
    476      718    3187
    477      652     693
    478     4338    4124
    479    29968   12400
    480     1025     358
    481     9063    8479
    482     1653    1413
    483      539     770
    484     3181    1923
    485     4323    4465
    486     2609    6873
    487     4003   10820
    488      607    1157
    489    11762    3737
    490     4514   10354
    491     1767    1035
    492     2086    1836
    493     1919     732
    494     3509    8149
    495     6131   16449
    496      443     715
    497     9480    7480
    498     5392    9076
    499     3934    2131
    500      553    1337
    501     7804   20496
    502     8404    4648
    503     3417    9561
    504     2027     726
    505     3107     792
    506     3949    3759
    507     2631    3014
    508      564    1177
    509      654    2706
    510     3592    3143
    511     1644    6550
    512     1809     848
