10
100 331
486 2105 10
392 1141 10
999 1236 1
816 2106 1
580 1236 6
422 1278 3
673 2045 1
650 1331 2
650 1321 10
650 831 2
1337 1962 2
1236 1962 2
1036 1962 2
412 737 2
858 2067 2
1057 1947 1
1436 2012 2
1137 1998 2
937 1062 2
857 1962 1
836 1998 12
762 937 2
436 672 2
937 1992 8
716 1992 4
1036 1998 2
1137 2048 2
367 392 8
1080 1945 2
782 1945 2
782 1935 2
726 1760 4
940 2000 2
1285 2085 6
1085 2085 2
1021 2062 4
714 972 2
704 2062 2
1137 2062 4
937 2062 2
937 962 2
737 762 2
1117 1931 4
831 1117 2
731 1117 4
517 731 2
1017 1931 2
717 1931 6
1417 1931 2
1417 1963 2
553 682 2
1253 1290 8
1140 1253 6
990 1253 34
577 583 2
563 582 2
985 1078 4
823 995 2
403 950 4
355 1048 2
1340 1883 1
977 1883 4
740 1883 1
722 1943 6
922 1978 2
722 843 2
943 1878 3
643 1022 4
843 1973 3
840 1973 1
791 1973 4
743 941 2
1122 1878 2
822 1983 2
722 1983 2
522 843 8
922 2008 4
1449 2008 2
840 2008 1
1040 1963 1
778 2048 2
922 1973 4
643 722 2
1064 1342 2
731 1982 2
671 982 2
661 1092 2
1172 1286 2
729 2072 2
1191 1312 2
916 1312 2
916 2012 2
621 1062 2
609 1062 2
586 2012 4
946 1942 2
580 1037 2
959 1934 2
611 852 2
866 2092 2
3000 6000 
3000 6000 
3000 6000 
3000 6000 
3000 6000 
3000 6000 
3000 6000 
3000 6000 
3000 6000 
3000 6000 
3000 6000 
3000 6000 
3000 6000 
3000 6000 
3000 6000 
3000 6000 
3000 6000 
3000 6000 
3000 6000 
3000 6000 
3000 6000 
3000 6000 
3000 6000 
3000 6000 
3000 6000 
3000 6000 
3000 6000 
3000 6000 
3000 6000 
3000 6000 
3000 6000 
3000 6000 
3000 6000 
3000 6000 
3000 6000 
3000 6000 
3000 6000 
3000 6000 
3000 6000 
3000 6000 
3000 6000 
3000 6000 
3000 6000 
3000 6000 
3000 6000 
3000 6000 
3000 6000 
3000 6000 
3000 6000 
3000 6000 
3000 6000 
3000 6000 
3000 6000 
3000 6000 
3000 6000 
3000 6000 
3000 6000 
3000 6000 
3000 6000 
3000 6000 
3000 6000 
3000 6000 
3000 6000 
3000 6000 
3000 6000 
3000 6000 
3000 6000 
3000 6000 
3000 6000 
3000 6000 
3000 6000 
3000 6000 
3000 6000 
3000 6000 
3000 6000 
3000 6000 
3000 6000 
3000 6000 
3000 6000 
3000 6000 
3000 6000 
3000 6000 
3000 6000 
3000 6000 
3000 6000 
3000 6000 
3000 6000 
3000 6000 
3000 6000 
3000 6000 
3000 6000 
3000 6000 
3000 6000 
3000 6000 
3000 6000 
3000 6000 
3000 6000 
3000 6000 
3000 6000 
3000 6000 
3000 6000 
3000 6000 
3000 6000 
3000 6000 
3000 6000 
3000 6000 
3000 6000 
3000 6000 
3000 6000 
3000 6000 
3000 6000 
3000 6000 
3000 6000 
3000 6000 
3000 6000 
3000 6000 
3000 6000 
3000 6000 
3000 6000 
3000 6000 
3000 6000 
3000 6000 
3000 6000 
3000 6000 
3000 6000 
3000 6000 
3000 6000 
3000 6000 
3000 6000 
3000 6000 
3000 6000 
3000 6000 
3000 6000 
3000 6000 
3000 6000 
3000 6000 
3000 6000 
3000 6000 
3000 6000 
3000 6000 
3000 6000 
3000 6000 
3000 6000 
3000 6000 
3000 6000 
3000 6000 
3000 6000 
3000 6000 
3000 6000 
3000 6000 
3000 6000 
3000 6000 
3000 6000 
3000 6000 
3000 6000 
3000 6000 
3000 6000 
3000 6000 
3000 6000 
3000 6000 
3000 6000 
3000 6000 
3000 6000 
3000 6000 
3000 6000 
3000 6000 
3000 6000 
3000 6000 
3000 6000 
3000 6000 
3000 6000 
3000 6000 
3000 6000 
3000 6000 
3000 6000 
3000 6000 
3000 6000 
3000 6000 
3000 6000 
3000 6000 
3000 6000 
3000 6000 
3000 6000 
3000 6000 
3000 6000 
3000 6000 
3000 6000 
3000 6000 
3000 6000 
3000 6000 
3000 6000 
3000 6000 
3000 6000 
3000 6000 
3000 6000 
3000 6000 
3000 6000 
3000 6000 
3000 6000 
3000 6000 
3000 6000 
3000 6000 
3000 6000 
3000 6000 
3000 6000 
3000 6000 
3000 6000 
3000 6000 
3000 6000 
3000 6000 
3000 6000 
3000 6000 
3000 6000 
3000 6000 
3000 6000 
3000 6000 
3000 6000 
3000 6000 
3000 6000 
3000 6000 
3000 6000 
3000 6000 
3000 6000 
3000 6000 
3000 6000 
3000 6000 
3000 6000 
3000 6000 
3000 6000 
3000 6000 
3000 6000 
3000 6000 
3000 6000 
3000 6000 
3000 6000 
3000 6000 
3000 6000 
3000 6000 
3000 6000 
3000 6000 
3000 6000 
3000 6000 
3000 6000 
3000 6000 
3000 6000 
3000 6000 
3000 6000 
3000 6000 
3000 6000 
3000 6000 
3000 6000 
3000 6000 
3000 6000 
3000 6000 
3000 6000 
3000 6000 
3000 6000 
3000 6000 
3000 6000 
3000 6000 
3000 6000 
3000 6000 
3000 6000 
3000 6000 
3000 6000 
3000 6000 
3000 6000 
3000 6000 
3000 6000 
3000 6000 
3000 6000 
3000 6000 
3000 6000 
3000 6000 
3000 6000 
3000 6000 
3000 6000 
3000 6000 
3000 6000 
3000 6000 
3000 6000 
3000 6000 
3000 6000 
3000 6000 
3000 6000 
3000 6000 
3000 6000 
3000 6000 
3000 6000 
3000 6000 
3000 6000 
3000 6000 
3000 6000 
3000 6000 
3000 6000 
3000 6000 
3000 6000 
3000 6000 
3000 6000 
3000 6000 
3000 6000 
3000 6000 
3000 6000 
3000 6000 
3000 6000 
3000 6000 
3000 6000 
3000 6000 
3000 6000 
3000 6000 
3000 6000 
3000 6000 
3000 6000 
3000 6000 
3000 6000 
3000 6000 
3000 6000 
3000 6000 
3000 6000 
3000 6000 
3000 6000 
3000 6000 
3000 6000 
3000 6000 
3000 6000 
3000 6000 
3000 6000 
3000 6000 
3000 6000 
3000 6000 
3000 6000 
100 220
412 1843 2
500 1833 2
500 1843 2
503 1843 2
607 662 2
292 807 2
437 827 1
292 1087 4
330 1137 2
358 1555 4
440 1027 6
337 637 1
1143 1741 1
493 1065 4
674 713 1
265 791 1
676 1597 1
258 1597 1
567 1882 4
508 1887 3
639 1433 3
451 729 2
335 639 1
237 1225 2
487 1147 2
350 1649 2
485 931 1
427 1270 1
381 1192 2
443 1165 4
741 2043 1
725 1427 3
493 1965 2
493 865 2
463 865 1
725 1027 2
440 1517 4
430 929 2
392 482 2
517 517 1
611 906 2
785 1923 4
506 701 2
1085 1673 2
411 1847 4
405 1247 1
458 1742 2
261 1277 2
488 1532 2
378 1532 2
478 1242 2
418 1798 6
416 1792 2
453 1240 2
544 1174 2
453 1174 4
455 1102 3
453 822 2
544 756 2
453 756 4
317 1183 2
397 1053 1
549 967 1
506 939 4
482 1808 1
575 1998 2
575 1865 2
564 1188 1
564 1102 2
584 1153 1
290 392 1
618 1230 1
738 1017 2
719 1047 2
453 1122 2
590 1147 1
453 1147 2
520 1744 2
479 1168 4
479 818 2
571 1110 2
571 1105 2
589 1533 1
498 832 2
630 805 3
382 1940 4
426 1122 2
558 1147 2
353 1192 4
638 1066 1
538 942 2
431 1583 4
377 1066 4
377 866 4
238 566 2
437 823 2
266 1038 1
475 1718 2
667 1801 1
487 1393 1
3000 6000 
3000 6000 
3000 6000 
3000 6000 
3000 6000 
3000 6000 
3000 6000 
3000 6000 
3000 6000 
3000 6000 
3000 6000 
3000 6000 
3000 6000 
3000 6000 
3000 6000 
3000 6000 
3000 6000 
3000 6000 
3000 6000 
3000 6000 
3000 6000 
3000 6000 
3000 6000 
3000 6000 
3000 6000 
3000 6000 
3000 6000 
3000 6000 
3000 6000 
3000 6000 
3000 6000 
3000 6000 
3000 6000 
3000 6000 
3000 6000 
3000 6000 
3000 6000 
3000 6000 
3000 6000 
3000 6000 
3000 6000 
3000 6000 
3000 6000 
3000 6000 
3000 6000 
3000 6000 
3000 6000 
3000 6000 
3000 6000 
3000 6000 
3000 6000 
3000 6000 
3000 6000 
3000 6000 
3000 6000 
3000 6000 
3000 6000 
3000 6000 
3000 6000 
3000 6000 
3000 6000 
3000 6000 
3000 6000 
3000 6000 
3000 6000 
3000 6000 
3000 6000 
3000 6000 
3000 6000 
3000 6000 
3000 6000 
3000 6000 
3000 6000 
3000 6000 
3000 6000 
3000 6000 
3000 6000 
3000 6000 
3000 6000 
3000 6000 
3000 6000 
3000 6000 
3000 6000 
3000 6000 
3000 6000 
3000 6000 
3000 6000 
3000 6000 
3000 6000 
3000 6000 
3000 6000 
3000 6000 
3000 6000 
3000 6000 
3000 6000 
3000 6000 
3000 6000 
3000 6000 
3000 6000 
3000 6000 
3000 6000 
3000 6000 
3000 6000 
3000 6000 
3000 6000 
3000 6000 
3000 6000 
3000 6000 
3000 6000 
3000 6000 
3000 6000 
3000 6000 
3000 6000 
3000 6000 
3000 6000 
3000 6000 
3000 6000 
3000 6000 
3000 6000 
3000 6000 
3000 6000 
3000 6000 
3000 6000 
3000 6000 
3000 6000 
3000 6000 
3000 6000 
3000 6000 
3000 6000 
3000 6000 
3000 6000 
3000 6000 
3000 6000 
3000 6000 
3000 6000 
3000 6000 
3000 6000 
3000 6000 
3000 6000 
3000 6000 
3000 6000 
3000 6000 
3000 6000 
3000 6000 
3000 6000 
3000 6000 
3000 6000 
3000 6000 
3000 6000 
3000 6000 
3000 6000 
3000 6000 
3000 6000 
3000 6000 
3000 6000 
3000 6000 
3000 6000 
3000 6000 
3000 6000 
3000 6000 
3000 6000 
3000 6000 
3000 6000 
3000 6000 
3000 6000 
3000 6000 
3000 6000 
3000 6000 
3000 6000 
3000 6000 
3000 6000 
3000 6000 
3000 6000 
3000 6000 
3000 6000 
3000 6000 
3000 6000 
3000 6000 
3000 6000 
3000 6000 
3000 6000 
3000 6000 
3000 6000 
3000 6000 
3000 6000 
3000 6000 
3000 6000 
3000 6000 
3000 6000 
3000 6000 
3000 6000 
3000 6000 
3000 6000 
3000 6000 
3000 6000 
3000 6000 
3000 6000 
3000 6000 
3000 6000 
3000 6000 
3000 6000 
3000 6000 
3000 6000 
3000 6000 
3000 6000 
3000 6000 
3000 6000 
3000 6000 
3000 6000 
3000 6000 
3000 6000 
3000 6000 
3000 6000 
3000 6000 
3000 6000 
3000 6000 
3000 6000 
3000 6000 
3000 6000 
3000 6000 
100 259
415 1111 16
415 1975 2
379 908 2
379 1133 6
616 1592 4
912 2003 4
912 923 2
803 1473 1
808 1493 1
708 988 1
685 2003 1
512 1188 4
718 1233 1
908 2003 2
908 1142 4
888 912 4
564 633 1
708 923 2
908 923 1
708 1023 2
374 803 2
672 1008 2
519 1098 2
527 1188 2
538 888 1
357 1388 4
712 1223 2
923 1708 1
808 923 1
1101 1565 2
1099 2080 2
868 881 2
640 915 3
1002 1069 2
902 1962 4
812 1402 2
802 1962 4
802 812 2
702 1962 12
702 962 2
602 1962 4
428 816 2
832 1601 1
832 1481 2
399 2008 6
399 1608 6
319 1096 1
282 462 3
515 592 1
669 1055 1
447 1347 1
447 705 1
943 1965 1
537 1653 1
625 1336 1
1204 1210 4
719 1046 2
636 992 4
438 1942 2
280 1927 2
227 467 1
700 1115 2
491 1183 4
447 1834 8
614 2010 4
546 1897 2
416 1853 2
416 1703 2
378 963 2
803 1983 1
580 1257 1
1257 1410 2
310 858 5
502 1922 4
489 1164 3
448 910 1
607 858 1
557 718 1
233 1088 1
657 2145 4
657 681 4
688 743 1
273 1464 4
248 1194 2
393 1114 2
858 1779 1
478 1114 3
465 1874 2
373 1494 2
448 824 1
695 1954 1
245 1954 1
585 1724 2
493 1059 2
378 902 10
488 514 1
385 1589 2
333 1324 2
762 1676 1
412 964 3
3000 6000 
3000 6000 
3000 6000 
3000 6000 
3000 6000 
3000 6000 
3000 6000 
3000 6000 
3000 6000 
3000 6000 
3000 6000 
3000 6000 
3000 6000 
3000 6000 
3000 6000 
3000 6000 
3000 6000 
3000 6000 
3000 6000 
3000 6000 
3000 6000 
3000 6000 
3000 6000 
3000 6000 
3000 6000 
3000 6000 
3000 6000 
3000 6000 
3000 6000 
3000 6000 
3000 6000 
3000 6000 
3000 6000 
3000 6000 
3000 6000 
3000 6000 
3000 6000 
3000 6000 
3000 6000 
3000 6000 
3000 6000 
3000 6000 
3000 6000 
3000 6000 
3000 6000 
3000 6000 
3000 6000 
3000 6000 
3000 6000 
3000 6000 
3000 6000 
3000 6000 
3000 6000 
3000 6000 
3000 6000 
3000 6000 
3000 6000 
3000 6000 
3000 6000 
3000 6000 
3000 6000 
3000 6000 
3000 6000 
3000 6000 
3000 6000 
3000 6000 
3000 6000 
3000 6000 
3000 6000 
3000 6000 
3000 6000 
3000 6000 
3000 6000 
3000 6000 
3000 6000 
3000 6000 
3000 6000 
3000 6000 
3000 6000 
3000 6000 
3000 6000 
3000 6000 
3000 6000 
3000 6000 
3000 6000 
3000 6000 
3000 6000 
3000 6000 
3000 6000 
3000 6000 
3000 6000 
3000 6000 
3000 6000 
3000 6000 
3000 6000 
3000 6000 
3000 6000 
3000 6000 
3000 6000 
3000 6000 
3000 6000 
3000 6000 
3000 6000 
3000 6000 
3000 6000 
3000 6000 
3000 6000 
3000 6000 
3000 6000 
3000 6000 
3000 6000 
3000 6000 
3000 6000 
3000 6000 
3000 6000 
3000 6000 
3000 6000 
3000 6000 
3000 6000 
3000 6000 
3000 6000 
3000 6000 
3000 6000 
3000 6000 
3000 6000 
3000 6000 
3000 6000 
3000 6000 
3000 6000 
3000 6000 
3000 6000 
3000 6000 
3000 6000 
3000 6000 
3000 6000 
3000 6000 
3000 6000 
3000 6000 
3000 6000 
3000 6000 
3000 6000 
3000 6000 
3000 6000 
3000 6000 
3000 6000 
3000 6000 
3000 6000 
3000 6000 
3000 6000 
3000 6000 
3000 6000 
3000 6000 
3000 6000 
3000 6000 
3000 6000 
3000 6000 
3000 6000 
3000 6000 
3000 6000 
3000 6000 
3000 6000 
3000 6000 
3000 6000 
3000 6000 
3000 6000 
3000 6000 
3000 6000 
3000 6000 
3000 6000 
3000 6000 
3000 6000 
3000 6000 
3000 6000 
3000 6000 
3000 6000 
3000 6000 
3000 6000 
3000 6000 
3000 6000 
3000 6000 
3000 6000 
3000 6000 
3000 6000 
3000 6000 
3000 6000 
3000 6000 
3000 6000 
3000 6000 
3000 6000 
3000 6000 
3000 6000 
3000 6000 
3000 6000 
3000 6000 
3000 6000 
3000 6000 
3000 6000 
3000 6000 
3000 6000 
3000 6000 
3000 6000 
3000 6000 
3000 6000 
3000 6000 
3000 6000 
3000 6000 
3000 6000 
3000 6000 
3000 6000 
3000 6000 
3000 6000 
3000 6000 
3000 6000 
3000 6000 
3000 6000 
3000 6000 
3000 6000 
3000 6000 
3000 6000 
3000 6000 
3000 6000 
3000 6000 
3000 6000 
3000 6000 
3000 6000 
3000 6000 
3000 6000 
3000 6000 
3000 6000 
3000 6000 
3000 6000 
3000 6000 
3000 6000 
3000 6000 
3000 6000 
3000 6000 
3000 6000 
3000 6000 
3000 6000 
3000 6000 
3000 6000 
3000 6000 
3000 6000 
3000 6000 
3000 6000 
3000 6000 
3000 6000 
3000 6000 
3000 6000 
3000 6000 
3000 6000 
3000 6000 
3000 6000 
3000 6000 
3000 6000 
3000 6000 
3000 6000 
3000 6000 
3000 6000 
100 241
733 1954 1
644 1073 2
726 2017 2
961 2015 2
458 766 1
397 1172 1
480 788 1
423 1749 2
576 862 3
635 915 1
389 1245 2
389 1190 4
454 1102 2
389 1090 8
389 890 2
303 1547 6
408 1327 8
485 1140 3
477 995 4
608 977 2
450 967 3
543 937 2
547 937 2
546 937 1
491 777 2
444 1773 2
358 1327 2
608 1317 2
281 1243 2
391 1233 2
408 1227 4
391 1223 4
485 995 3
485 815 3
481 1633 2
434 1633 4
434 1553 2
424 1553 2
668 1398 2
381 1383 2
484 828 2
407 800 4
407 798 2
476 1709 4
603 1503 1
301 890 2
271 1133 2
945 1755 2
805 1933 1
446 886 1
398 1306 6
759 1195 2
481 1185 8
511 1158 6
672 1106 1
559 795 1
489 795 2
481 585 2
437 585 1
403 423 2
486 942 2
868 1746 2
589 924 2
1333 1872 2
633 1872 2
383 1726 2
383 1716 2
373 1711 2
378 1701 2
753 1493 1
302 1369 10
706 802 1
853 1791 1
801 1716 1
741 1716 1
801 1611 1
911 1531 1
331 1391 2
701 891 1
671 891 1
637 706 1
1071 1977 1
662 2235 2
928 1964 2
927 1964 2
1128 1962 4
827 1894 2
628 1894 2
703 1877 2
1228 1812 2
1128 1812 2
1028 1812 2
928 1812 2
728 1812 2
728 1232 2
1007 1215 2
702 1007 2
627 864 2
728 732 8
662 1836 1
3000 6000 
3000 6000 
3000 6000 
3000 6000 
3000 6000 
3000 6000 
3000 6000 
3000 6000 
3000 6000 
3000 6000 
3000 6000 
3000 6000 
3000 6000 
3000 6000 
3000 6000 
3000 6000 
3000 6000 
3000 6000 
3000 6000 
3000 6000 
3000 6000 
3000 6000 
3000 6000 
3000 6000 
3000 6000 
3000 6000 
3000 6000 
3000 6000 
3000 6000 
3000 6000 
3000 6000 
3000 6000 
3000 6000 
3000 6000 
3000 6000 
3000 6000 
3000 6000 
3000 6000 
3000 6000 
3000 6000 
3000 6000 
3000 6000 
3000 6000 
3000 6000 
3000 6000 
3000 6000 
3000 6000 
3000 6000 
3000 6000 
3000 6000 
3000 6000 
3000 6000 
3000 6000 
3000 6000 
3000 6000 
3000 6000 
3000 6000 
3000 6000 
3000 6000 
3000 6000 
3000 6000 
3000 6000 
3000 6000 
3000 6000 
3000 6000 
3000 6000 
3000 6000 
3000 6000 
3000 6000 
3000 6000 
3000 6000 
3000 6000 
3000 6000 
3000 6000 
3000 6000 
3000 6000 
3000 6000 
3000 6000 
3000 6000 
3000 6000 
3000 6000 
3000 6000 
3000 6000 
3000 6000 
3000 6000 
3000 6000 
3000 6000 
3000 6000 
3000 6000 
3000 6000 
3000 6000 
3000 6000 
3000 6000 
3000 6000 
3000 6000 
3000 6000 
3000 6000 
3000 6000 
3000 6000 
3000 6000 
3000 6000 
3000 6000 
3000 6000 
3000 6000 
3000 6000 
3000 6000 
3000 6000 
3000 6000 
3000 6000 
3000 6000 
3000 6000 
3000 6000 
3000 6000 
3000 6000 
3000 6000 
3000 6000 
3000 6000 
3000 6000 
3000 6000 
3000 6000 
3000 6000 
3000 6000 
3000 6000 
3000 6000 
3000 6000 
3000 6000 
3000 6000 
3000 6000 
3000 6000 
3000 6000 
3000 6000 
3000 6000 
3000 6000 
3000 6000 
3000 6000 
3000 6000 
3000 6000 
3000 6000 
3000 6000 
3000 6000 
3000 6000 
3000 6000 
3000 6000 
3000 6000 
3000 6000 
3000 6000 
3000 6000 
3000 6000 
3000 6000 
3000 6000 
3000 6000 
3000 6000 
3000 6000 
3000 6000 
3000 6000 
3000 6000 
3000 6000 
3000 6000 
3000 6000 
3000 6000 
3000 6000 
3000 6000 
3000 6000 
3000 6000 
3000 6000 
3000 6000 
3000 6000 
3000 6000 
3000 6000 
3000 6000 
3000 6000 
3000 6000 
3000 6000 
3000 6000 
3000 6000 
3000 6000 
3000 6000 
3000 6000 
3000 6000 
3000 6000 
3000 6000 
3000 6000 
3000 6000 
3000 6000 
3000 6000 
3000 6000 
3000 6000 
3000 6000 
3000 6000 
3000 6000 
3000 6000 
3000 6000 
3000 6000 
3000 6000 
3000 6000 
3000 6000 
3000 6000 
3000 6000 
3000 6000 
3000 6000 
3000 6000 
3000 6000 
3000 6000 
3000 6000 
3000 6000 
3000 6000 
3000 6000 
3000 6000 
3000 6000 
3000 6000 
3000 6000 
3000 6000 
3000 6000 
3000 6000 
3000 6000 
3000 6000 
3000 6000 
3000 6000 
3000 6000 
3000 6000 
3000 6000 
3000 6000 
3000 6000 
3000 6000 
3000 6000 
3000 6000 
3000 6000 
3000 6000 
3000 6000 
3000 6000 
3000 6000 
3000 6000 
3000 6000 
3000 6000 
3000 6000 
3000 6000 
3000 6000 
3000 6000 
3000 6000 
3000 6000 
3000 6000 
100 228
678 935 1
858 928 1
584 928 6
818 858 2
446 1925 6
815 972 1
950 1973 2
965 1928 2
570 1623 2
950 1100 4
500 950 4
865 1968 2
650 1945 2
500 932 2
725 1875 4
360 2116 1
193 2035 1
471 936 1
631 766 1
256 829 1
1404 2128 1
581 1007 1
291 1007 1
495 853 1
404 653 1
443 696 1
422 650 1
631 1298 1
461 809 1
438 1612 2
325 748 2
497 636 1
801 1379 2
426 1200 2
238 729 1
406 1675 2
404 1044 1
389 572 2
353 1767 6
436 1583 2
397 895 2
396 895 1
408 2017 1
579 2008 1
1005 1320 1
805 2146 1
419 1609 1
482 2021 1
414 535 1
605 1118 1
1125 2018 1
914 1975 6
917 1013 2
817 1013 4
1017 1966 6
817 931 4
917 2003 2
722 1973 2
1287 1943 3
1012 1123 2
1122 2008 8
722 2008 2
622 873 6
822 2008 2
949 1998 2
949 2013 2
840 1843 1
922 2009 4
822 2009 2
713 987 1
422 713 2
1140 1943 1
1251 2013 1
1149 1978 2
1122 1978 2
1322 1978 2
877 1978 3
949 1908 2
922 1873 2
907 1808 2
1322 1873 2
673 722 2
814 1975 4
1114 1945 4
814 1945 6
814 825 2
964 1945 6
809 1145 2
746 952 8
1006 2122 2
581 2132 2
751 1852 2
1261 1822 2
867 1845 2
859 1850 2
847 1110 2
1004 1907 2
886 1024 2
714 940 2
474 917 2
3000 6000 
3000 6000 
3000 6000 
3000 6000 
3000 6000 
3000 6000 
3000 6000 
3000 6000 
3000 6000 
3000 6000 
3000 6000 
3000 6000 
3000 6000 
3000 6000 
3000 6000 
3000 6000 
3000 6000 
3000 6000 
3000 6000 
3000 6000 
3000 6000 
3000 6000 
3000 6000 
3000 6000 
3000 6000 
3000 6000 
3000 6000 
3000 6000 
3000 6000 
3000 6000 
3000 6000 
3000 6000 
3000 6000 
3000 6000 
3000 6000 
3000 6000 
3000 6000 
3000 6000 
3000 6000 
3000 6000 
3000 6000 
3000 6000 
3000 6000 
3000 6000 
3000 6000 
3000 6000 
3000 6000 
3000 6000 
3000 6000 
3000 6000 
3000 6000 
3000 6000 
3000 6000 
3000 6000 
3000 6000 
3000 6000 
3000 6000 
3000 6000 
3000 6000 
3000 6000 
3000 6000 
3000 6000 
3000 6000 
3000 6000 
3000 6000 
3000 6000 
3000 6000 
3000 6000 
3000 6000 
3000 6000 
3000 6000 
3000 6000 
3000 6000 
3000 6000 
3000 6000 
3000 6000 
3000 6000 
3000 6000 
3000 6000 
3000 6000 
3000 6000 
3000 6000 
3000 6000 
3000 6000 
3000 6000 
3000 6000 
3000 6000 
3000 6000 
3000 6000 
3000 6000 
3000 6000 
3000 6000 
3000 6000 
3000 6000 
3000 6000 
3000 6000 
3000 6000 
3000 6000 
3000 6000 
3000 6000 
3000 6000 
3000 6000 
3000 6000 
3000 6000 
3000 6000 
3000 6000 
3000 6000 
3000 6000 
3000 6000 
3000 6000 
3000 6000 
3000 6000 
3000 6000 
3000 6000 
3000 6000 
3000 6000 
3000 6000 
3000 6000 
3000 6000 
3000 6000 
3000 6000 
3000 6000 
3000 6000 
3000 6000 
3000 6000 
3000 6000 
3000 6000 
3000 6000 
3000 6000 
3000 6000 
3000 6000 
3000 6000 
3000 6000 
3000 6000 
3000 6000 
3000 6000 
3000 6000 
3000 6000 
3000 6000 
3000 6000 
3000 6000 
3000 6000 
3000 6000 
3000 6000 
3000 6000 
3000 6000 
3000 6000 
3000 6000 
3000 6000 
3000 6000 
3000 6000 
3000 6000 
3000 6000 
3000 6000 
3000 6000 
3000 6000 
3000 6000 
3000 6000 
3000 6000 
3000 6000 
3000 6000 
3000 6000 
3000 6000 
3000 6000 
3000 6000 
3000 6000 
3000 6000 
3000 6000 
3000 6000 
3000 6000 
3000 6000 
3000 6000 
3000 6000 
3000 6000 
3000 6000 
3000 6000 
3000 6000 
3000 6000 
3000 6000 
3000 6000 
3000 6000 
3000 6000 
3000 6000 
3000 6000 
3000 6000 
3000 6000 
3000 6000 
3000 6000 
3000 6000 
3000 6000 
3000 6000 
3000 6000 
3000 6000 
3000 6000 
3000 6000 
3000 6000 
3000 6000 
3000 6000 
3000 6000 
3000 6000 
3000 6000 
3000 6000 
3000 6000 
3000 6000 
3000 6000 
3000 6000 
3000 6000 
3000 6000 
3000 6000 
3000 6000 
3000 6000 
3000 6000 
3000 6000 
3000 6000 
3000 6000 
3000 6000 
3000 6000 
3000 6000 
3000 6000 
3000 6000 
3000 6000 
3000 6000 
3000 6000 
3000 6000 
3000 6000 
3000 6000 
3000 6000 
3000 6000 
100 220
944 1973 2
945 2228 2
944 2228 2
544 873 2
744 2013 2
994 2013 2
919 1119 2
1040 1998 1
840 1928 1
342 1668 2
382 527 3
387 827 1
592 1117 1
382 707 1
482 1976 1
382 1112 1
427 1112 2
393 1204 2
518 1084 6
565 1678 6
480 1658 2
338 1054 2
485 1573 2
467 1453 2
465 467 2
577 1755 4
377 2392 4
420 1568 2
475 1558 4
652 1298 2
392 1972 4
370 1724 6
388 1719 2
858 1284 1
393 1544 2
393 1524 2
393 1494 2
293 1204 2
718 1284 1
430 1708 2
470 1654 2
415 1804 4
464 1654 2
368 1654 4
365 1654 4
465 1664 2
544 1909 2
463 1659 2
520 2044 2
522 2044 2
505 1725 2
505 569 4
505 1715 2
503 1715 2
503 569 2
545 1715 2
545 569 2
565 1735 2
565 569 2
550 1720 2
550 569 4
538 569 2
538 1624 2
555 1715 2
555 569 2
550 1735 2
552 1715 2
552 569 2
553 1730 2
553 569 2
549 1715 2
549 569 2
548 1745 2
548 569 2
503 2044 2
513 2054 2
508 2029 2
515 2044 2
510 2044 4
508 2044 2
509 2044 2
507 2034 2
519 2049 2
530 2039 2
423 1304 2
435 1378 2
504 1760 2
538 1640 2
543 801 1
330 836 2
654 741 1
503 788 1
799 1018 1
493 933 1
822 1018 1
493 1208 1
325 1030 3
325 1013 2
325 793 3
325 937 3
3000 6000 
3000 6000 
3000 6000 
3000 6000 
3000 6000 
3000 6000 
3000 6000 
3000 6000 
3000 6000 
3000 6000 
3000 6000 
3000 6000 
3000 6000 
3000 6000 
3000 6000 
3000 6000 
3000 6000 
3000 6000 
3000 6000 
3000 6000 
3000 6000 
3000 6000 
3000 6000 
3000 6000 
3000 6000 
3000 6000 
3000 6000 
3000 6000 
3000 6000 
3000 6000 
3000 6000 
3000 6000 
3000 6000 
3000 6000 
3000 6000 
3000 6000 
3000 6000 
3000 6000 
3000 6000 
3000 6000 
3000 6000 
3000 6000 
3000 6000 
3000 6000 
3000 6000 
3000 6000 
3000 6000 
3000 6000 
3000 6000 
3000 6000 
3000 6000 
3000 6000 
3000 6000 
3000 6000 
3000 6000 
3000 6000 
3000 6000 
3000 6000 
3000 6000 
3000 6000 
3000 6000 
3000 6000 
3000 6000 
3000 6000 
3000 6000 
3000 6000 
3000 6000 
3000 6000 
3000 6000 
3000 6000 
3000 6000 
3000 6000 
3000 6000 
3000 6000 
3000 6000 
3000 6000 
3000 6000 
3000 6000 
3000 6000 
3000 6000 
3000 6000 
3000 6000 
3000 6000 
3000 6000 
3000 6000 
3000 6000 
3000 6000 
3000 6000 
3000 6000 
3000 6000 
3000 6000 
3000 6000 
3000 6000 
3000 6000 
3000 6000 
3000 6000 
3000 6000 
3000 6000 
3000 6000 
3000 6000 
3000 6000 
3000 6000 
3000 6000 
3000 6000 
3000 6000 
3000 6000 
3000 6000 
3000 6000 
3000 6000 
3000 6000 
3000 6000 
3000 6000 
3000 6000 
3000 6000 
3000 6000 
3000 6000 
3000 6000 
3000 6000 
3000 6000 
3000 6000 
3000 6000 
3000 6000 
3000 6000 
3000 6000 
3000 6000 
3000 6000 
3000 6000 
3000 6000 
3000 6000 
3000 6000 
3000 6000 
3000 6000 
3000 6000 
3000 6000 
3000 6000 
3000 6000 
3000 6000 
3000 6000 
3000 6000 
3000 6000 
3000 6000 
3000 6000 
3000 6000 
3000 6000 
3000 6000 
3000 6000 
3000 6000 
3000 6000 
3000 6000 
3000 6000 
3000 6000 
3000 6000 
3000 6000 
3000 6000 
3000 6000 
3000 6000 
3000 6000 
3000 6000 
3000 6000 
3000 6000 
3000 6000 
3000 6000 
3000 6000 
3000 6000 
3000 6000 
3000 6000 
3000 6000 
3000 6000 
3000 6000 
3000 6000 
3000 6000 
3000 6000 
3000 6000 
3000 6000 
3000 6000 
3000 6000 
3000 6000 
3000 6000 
3000 6000 
3000 6000 
3000 6000 
3000 6000 
3000 6000 
3000 6000 
3000 6000 
3000 6000 
3000 6000 
3000 6000 
3000 6000 
3000 6000 
3000 6000 
3000 6000 
3000 6000 
3000 6000 
3000 6000 
3000 6000 
3000 6000 
3000 6000 
3000 6000 
3000 6000 
3000 6000 
3000 6000 
3000 6000 
3000 6000 
3000 6000 
3000 6000 
3000 6000 
3000 6000 
3000 6000 
3000 6000 
3000 6000 
3000 6000 
3000 6000 
3000 6000 
3000 6000 
3000 6000 
3000 6000 
3000 6000 
3000 6000 
3000 6000 
100 233
307 1210 2
507 508 6
349 1535 2
312 1470 2
746 2552 1
359 1591 2
344 1451 2
720 1076 1
735 911 6
767 1265 1
766 1175 1
712 1787 1
712 1876 1
1142 1872 2
466 2037 2
563 2037 2
494 1130 6
494 930 4
525 2161 1
261 2161 1
584 1736 4
338 1582 10
516 1322 2
691 748 1
560 1516 1
369 727 1
462 915 1
523 1410 1
555 1723 3
561 1698 2
394 1661 2
303 1093 3
338 1362 2
343 1352 2
341 1257 2
833 1138 1
532 1047 1
442 1004 8
394 445 2
369 444 1
401 990 4
563 1167 2
313 573 1
461 1313 2
528 1137 4
541 1003 4
466 1933 2
309 1120 2
466 1080 8
466 880 2
784 1214 5
566 638 1
638 1237 1
553 1107 2
566 742 6
466 710 4
418 671 1
1093 1501 1
1093 1601 1
847 877 5
401 1393 2
551 1717 4
466 1665 2
506 1635 4
408 1567 2
511 1342 2
541 987 2
556 1935 2
678 990 1
630 973 1
601 952 2
678 935 1
858 928 1
584 928 6
818 858 2
446 1925 6
815 972 1
950 1973 2
965 1928 2
570 1623 2
950 1100 4
500 950 4
865 1968 2
650 1945 2
500 932 2
725 1875 4
360 2116 1
193 2035 1
471 936 1
631 766 1
256 829 1
1404 2128 1
581 1007 1
291 1007 1
495 853 1
404 653 1
443 696 1
422 650 1
631 1298 1
461 809 1
3000 6000 
3000 6000 
3000 6000 
3000 6000 
3000 6000 
3000 6000 
3000 6000 
3000 6000 
3000 6000 
3000 6000 
3000 6000 
3000 6000 
3000 6000 
3000 6000 
3000 6000 
3000 6000 
3000 6000 
3000 6000 
3000 6000 
3000 6000 
3000 6000 
3000 6000 
3000 6000 
3000 6000 
3000 6000 
3000 6000 
3000 6000 
3000 6000 
3000 6000 
3000 6000 
3000 6000 
3000 6000 
3000 6000 
3000 6000 
3000 6000 
3000 6000 
3000 6000 
3000 6000 
3000 6000 
3000 6000 
3000 6000 
3000 6000 
3000 6000 
3000 6000 
3000 6000 
3000 6000 
3000 6000 
3000 6000 
3000 6000 
3000 6000 
3000 6000 
3000 6000 
3000 6000 
3000 6000 
3000 6000 
3000 6000 
3000 6000 
3000 6000 
3000 6000 
3000 6000 
3000 6000 
3000 6000 
3000 6000 
3000 6000 
3000 6000 
3000 6000 
3000 6000 
3000 6000 
3000 6000 
3000 6000 
3000 6000 
3000 6000 
3000 6000 
3000 6000 
3000 6000 
3000 6000 
3000 6000 
3000 6000 
3000 6000 
3000 6000 
3000 6000 
3000 6000 
3000 6000 
3000 6000 
3000 6000 
3000 6000 
3000 6000 
3000 6000 
3000 6000 
3000 6000 
3000 6000 
3000 6000 
3000 6000 
3000 6000 
3000 6000 
3000 6000 
3000 6000 
3000 6000 
3000 6000 
3000 6000 
3000 6000 
3000 6000 
3000 6000 
3000 6000 
3000 6000 
3000 6000 
3000 6000 
3000 6000 
3000 6000 
3000 6000 
3000 6000 
3000 6000 
3000 6000 
3000 6000 
3000 6000 
3000 6000 
3000 6000 
3000 6000 
3000 6000 
3000 6000 
3000 6000 
3000 6000 
3000 6000 
3000 6000 
3000 6000 
3000 6000 
3000 6000 
3000 6000 
3000 6000 
3000 6000 
3000 6000 
3000 6000 
3000 6000 
3000 6000 
3000 6000 
3000 6000 
3000 6000 
3000 6000 
3000 6000 
3000 6000 
3000 6000 
3000 6000 
3000 6000 
3000 6000 
3000 6000 
3000 6000 
3000 6000 
3000 6000 
3000 6000 
3000 6000 
3000 6000 
3000 6000 
3000 6000 
3000 6000 
3000 6000 
3000 6000 
3000 6000 
3000 6000 
3000 6000 
3000 6000 
3000 6000 
3000 6000 
3000 6000 
3000 6000 
3000 6000 
3000 6000 
3000 6000 
3000 6000 
3000 6000 
3000 6000 
3000 6000 
3000 6000 
3000 6000 
3000 6000 
3000 6000 
3000 6000 
3000 6000 
3000 6000 
3000 6000 
3000 6000 
3000 6000 
3000 6000 
3000 6000 
3000 6000 
3000 6000 
3000 6000 
3000 6000 
3000 6000 
3000 6000 
3000 6000 
3000 6000 
3000 6000 
3000 6000 
3000 6000 
3000 6000 
3000 6000 
3000 6000 
3000 6000 
3000 6000 
3000 6000 
3000 6000 
3000 6000 
3000 6000 
3000 6000 
3000 6000 
3000 6000 
3000 6000 
3000 6000 
3000 6000 
3000 6000 
3000 6000 
3000 6000 
3000 6000 
3000 6000 
3000 6000 
3000 6000 
3000 6000 
3000 6000 
3000 6000 
3000 6000 
3000 6000 
3000 6000 
3000 6000 
3000 6000 
3000 6000 
3000 6000 
3000 6000 
3000 6000 
3000 6000 
3000 6000 
3000 6000 
3000 6000 
3000 6000 
100 236
843 1047 1
843 1993 1
603 756 2
803 1956 6
823 1961 1
824 1961 1
1144 1998 4
1044 1958 2
1023 1961 1
1024 1961 1
523 1973 1
524 1973 1
924 1961 1
923 1961 1
844 1868 2
721 1971 1
744 1868 2
832 1961 4
1058 1444 2
674 1961 1
673 1961 1
940 2075 1
939 2075 2
565 1196 2
888 1081 2
821 2196 1
758 1194 2
758 944 6
816 1398 4
816 1000 6
1108 1151 2
403 856 16
1103 1956 2
563 856 2
475 1841 2
1316 1395 2
1316 1403 2
758 1346 2
995 1901 2
963 1901 2
964 1901 1
500 616 2
938 1806 2
827 1976 2
828 1976 2
944 1973 2
945 2228 2
944 2228 2
544 873 2
744 2013 2
994 2013 2
919 1119 2
1040 1998 1
840 1928 1
342 1668 2
382 527 3
387 827 1
592 1117 1
382 707 1
482 1976 1
382 1112 1
427 1112 2
393 1204 2
518 1084 6
565 1678 6
480 1658 2
338 1054 2
485 1573 2
467 1453 2
465 467 2
577 1755 4
377 2392 4
420 1568 2
475 1558 4
652 1298 2
392 1972 4
370 1724 6
388 1719 2
858 1284 1
393 1544 2
393 1524 2
393 1494 2
293 1204 2
718 1284 1
430 1708 2
470 1654 2
415 1804 4
464 1654 2
368 1654 4
365 1654 4
465 1664 2
544 1909 2
463 1659 2
520 2044 2
522 2044 2
505 1725 2
505 569 4
505 1715 2
503 1715 2
503 569 2
3000 6000 
3000 6000 
3000 6000 
3000 6000 
3000 6000 
3000 6000 
3000 6000 
3000 6000 
3000 6000 
3000 6000 
3000 6000 
3000 6000 
3000 6000 
3000 6000 
3000 6000 
3000 6000 
3000 6000 
3000 6000 
3000 6000 
3000 6000 
3000 6000 
3000 6000 
3000 6000 
3000 6000 
3000 6000 
3000 6000 
3000 6000 
3000 6000 
3000 6000 
3000 6000 
3000 6000 
3000 6000 
3000 6000 
3000 6000 
3000 6000 
3000 6000 
3000 6000 
3000 6000 
3000 6000 
3000 6000 
3000 6000 
3000 6000 
3000 6000 
3000 6000 
3000 6000 
3000 6000 
3000 6000 
3000 6000 
3000 6000 
3000 6000 
3000 6000 
3000 6000 
3000 6000 
3000 6000 
3000 6000 
3000 6000 
3000 6000 
3000 6000 
3000 6000 
3000 6000 
3000 6000 
3000 6000 
3000 6000 
3000 6000 
3000 6000 
3000 6000 
3000 6000 
3000 6000 
3000 6000 
3000 6000 
3000 6000 
3000 6000 
3000 6000 
3000 6000 
3000 6000 
3000 6000 
3000 6000 
3000 6000 
3000 6000 
3000 6000 
3000 6000 
3000 6000 
3000 6000 
3000 6000 
3000 6000 
3000 6000 
3000 6000 
3000 6000 
3000 6000 
3000 6000 
3000 6000 
3000 6000 
3000 6000 
3000 6000 
3000 6000 
3000 6000 
3000 6000 
3000 6000 
3000 6000 
3000 6000 
3000 6000 
3000 6000 
3000 6000 
3000 6000 
3000 6000 
3000 6000 
3000 6000 
3000 6000 
3000 6000 
3000 6000 
3000 6000 
3000 6000 
3000 6000 
3000 6000 
3000 6000 
3000 6000 
3000 6000 
3000 6000 
3000 6000 
3000 6000 
3000 6000 
3000 6000 
3000 6000 
3000 6000 
3000 6000 
3000 6000 
3000 6000 
3000 6000 
3000 6000 
3000 6000 
3000 6000 
3000 6000 
3000 6000 
3000 6000 
3000 6000 
3000 6000 
3000 6000 
3000 6000 
3000 6000 
3000 6000 
3000 6000 
3000 6000 
3000 6000 
3000 6000 
3000 6000 
3000 6000 
3000 6000 
3000 6000 
3000 6000 
3000 6000 
3000 6000 
3000 6000 
3000 6000 
3000 6000 
3000 6000 
3000 6000 
3000 6000 
3000 6000 
3000 6000 
3000 6000 
3000 6000 
3000 6000 
3000 6000 
3000 6000 
3000 6000 
3000 6000 
3000 6000 
3000 6000 
3000 6000 
3000 6000 
3000 6000 
3000 6000 
3000 6000 
3000 6000 
3000 6000 
3000 6000 
3000 6000 
3000 6000 
3000 6000 
3000 6000 
3000 6000 
3000 6000 
3000 6000 
3000 6000 
3000 6000 
3000 6000 
3000 6000 
3000 6000 
3000 6000 
3000 6000 
3000 6000 
3000 6000 
3000 6000 
3000 6000 
3000 6000 
3000 6000 
3000 6000 
3000 6000 
3000 6000 
3000 6000 
3000 6000 
3000 6000 
3000 6000 
3000 6000 
3000 6000 
3000 6000 
3000 6000 
3000 6000 
3000 6000 
3000 6000 
3000 6000 
3000 6000 
3000 6000 
3000 6000 
3000 6000 
3000 6000 
3000 6000 
3000 6000 
3000 6000 
3000 6000 
3000 6000 
3000 6000 
3000 6000 
3000 6000 
3000 6000 
3000 6000 
3000 6000 
3000 6000 
3000 6000 
3000 6000 
3000 6000 
3000 6000 
3000 6000 
3000 6000 
3000 6000 
3000 6000 
100 215
458 716 1
582 1654 1
466 616 2
684 1098 4
683 1098 4
686 703 4
491 2120 2
449 1243 2
448 1243 2
449 1241 2
448 1241 2
511 1228 6
511 1226 6
511 934 2
445 2005 2
554 1053 3
553 1053 3
515 1053 3
562 925 1
598 1764 1
250 1764 1
382 1675 6
256 1102 1
500 810 1
370 800 2
557 1655 2
407 1655 2
562 1643 2
695 1418 1
1015 2012 1
602 1793 1
561 682 2
997 1510 1
542 1311 1
762 1551 1
682 1371 2
667 1371 2
689 1354 1
688 1354 1
463 815 1
315 463 1
526 1344 4
774 1711 1
923 1724 1
923 1217 1
674 1699 2
443 2412 2
653 1080 3
877 2057 1
724 1617 1
626 2044 2
823 1756 2
588 1812 1
587 1812 1
1110 1993 1
1109 1993 2
842 1047 2
842 1993 2
843 1047 1
843 1993 1
603 756 2
803 1956 6
823 1961 1
824 1961 1
1144 1998 4
1044 1958 2
1023 1961 1
1024 1961 1
523 1973 1
524 1973 1
924 1961 1
923 1961 1
844 1868 2
721 1971 1
744 1868 2
832 1961 4
1058 1444 2
674 1961 1
673 1961 1
940 2075 1
939 2075 2
565 1196 2
888 1081 2
821 2196 1
758 1194 2
758 944 6
816 1398 4
816 1000 6
1108 1151 2
403 856 16
1103 1956 2
563 856 2
475 1841 2
1316 1395 2
1316 1403 2
758 1346 2
995 1901 2
963 1901 2
964 1901 1
500 616 2
3000 6000 
3000 6000 
3000 6000 
3000 6000 
3000 6000 
3000 6000 
3000 6000 
3000 6000 
3000 6000 
3000 6000 
3000 6000 
3000 6000 
3000 6000 
3000 6000 
3000 6000 
3000 6000 
3000 6000 
3000 6000 
3000 6000 
3000 6000 
3000 6000 
3000 6000 
3000 6000 
3000 6000 
3000 6000 
3000 6000 
3000 6000 
3000 6000 
3000 6000 
3000 6000 
3000 6000 
3000 6000 
3000 6000 
3000 6000 
3000 6000 
3000 6000 
3000 6000 
3000 6000 
3000 6000 
3000 6000 
3000 6000 
3000 6000 
3000 6000 
3000 6000 
3000 6000 
3000 6000 
3000 6000 
3000 6000 
3000 6000 
3000 6000 
3000 6000 
3000 6000 
3000 6000 
3000 6000 
3000 6000 
3000 6000 
3000 6000 
3000 6000 
3000 6000 
3000 6000 
3000 6000 
3000 6000 
3000 6000 
3000 6000 
3000 6000 
3000 6000 
3000 6000 
3000 6000 
3000 6000 
3000 6000 
3000 6000 
3000 6000 
3000 6000 
3000 6000 
3000 6000 
3000 6000 
3000 6000 
3000 6000 
3000 6000 
3000 6000 
3000 6000 
3000 6000 
3000 6000 
3000 6000 
3000 6000 
3000 6000 
3000 6000 
3000 6000 
3000 6000 
3000 6000 
3000 6000 
3000 6000 
3000 6000 
3000 6000 
3000 6000 
3000 6000 
3000 6000 
3000 6000 
3000 6000 
3000 6000 
3000 6000 
3000 6000 
3000 6000 
3000 6000 
3000 6000 
3000 6000 
3000 6000 
3000 6000 
3000 6000 
3000 6000 
3000 6000 
3000 6000 
3000 6000 
3000 6000 
3000 6000 
3000 6000 
3000 6000 
3000 6000 
3000 6000 
3000 6000 
3000 6000 
3000 6000 
3000 6000 
3000 6000 
3000 6000 
3000 6000 
3000 6000 
3000 6000 
3000 6000 
3000 6000 
3000 6000 
3000 6000 
3000 6000 
3000 6000 
3000 6000 
3000 6000 
3000 6000 
3000 6000 
3000 6000 
3000 6000 
3000 6000 
3000 6000 
3000 6000 
3000 6000 
3000 6000 
3000 6000 
3000 6000 
3000 6000 
3000 6000 
3000 6000 
3000 6000 
3000 6000 
3000 6000 
3000 6000 
3000 6000 
3000 6000 
3000 6000 
3000 6000 
3000 6000 
3000 6000 
3000 6000 
3000 6000 
3000 6000 
3000 6000 
3000 6000 
3000 6000 
3000 6000 
3000 6000 
3000 6000 
3000 6000 
3000 6000 
3000 6000 
3000 6000 
3000 6000 
3000 6000 
3000 6000 
3000 6000 
3000 6000 
3000 6000 
3000 6000 
3000 6000 
3000 6000 
3000 6000 
3000 6000 
3000 6000 
3000 6000 
3000 6000 
3000 6000 
3000 6000 
3000 6000 
3000 6000 
3000 6000 
3000 6000 
3000 6000 
3000 6000 
3000 6000 
3000 6000 
3000 6000 
3000 6000 
3000 6000 
3000 6000 
3000 6000 
3000 6000 
3000 6000 
3000 6000 
3000 6000 
3000 6000 
3000 6000 
3000 6000 
3000 6000 
3000 6000 
3000 6000 
3000 6000 
3000 6000 
3000 6000 
100 204
695 1954 1
245 1954 1
585 1724 2
493 1059 2
378 902 10
488 514 1
385 1589 2
333 1324 2
762 1676 1
412 964 3
618 1253 1
788 1014 2
460 858 4
388 1304 2
473 1574 2
493 979 2
738 1378 1
488 2120 1
649 688 1
718 1364 1
678 1244 1
498 644 1
283 1034 2
718 1295 1
483 1774 2
445 1461 4
580 888 2
300 737 2
204 418 2
550 1353 1
549 1353 1
362 1410 2
292 910 2
494 1097 4
592 1681 1
429 1681 4
477 1340 4
635 950 3
430 450 1
459 1013 3
458 1013 3
459 716 1
458 716 1
582 1654 1
466 616 2
684 1098 4
683 1098 4
686 703 4
491 2120 2
449 1243 2
448 1243 2
449 1241 2
448 1241 2
511 1228 6
511 1226 6
511 934 2
445 2005 2
554 1053 3
553 1053 3
515 1053 3
562 925 1
598 1764 1
250 1764 1
382 1675 6
256 1102 1
500 810 1
370 800 2
557 1655 2
407 1655 2
562 1643 2
695 1418 1
1015 2012 1
602 1793 1
561 682 2
997 1510 1
542 1311 1
762 1551 1
682 1371 2
667 1371 2
689 1354 1
688 1354 1
463 815 1
315 463 1
526 1344 4
774 1711 1
923 1724 1
923 1217 1
674 1699 2
443 2412 2
653 1080 3
877 2057 1
724 1617 1
626 2044 2
823 1756 2
588 1812 1
587 1812 1
1110 1993 1
1109 1993 2
842 1047 2
842 1993 2
3000 6000 
3000 6000 
3000 6000 
3000 6000 
3000 6000 
3000 6000 
3000 6000 
3000 6000 
3000 6000 
3000 6000 
3000 6000 
3000 6000 
3000 6000 
3000 6000 
3000 6000 
3000 6000 
3000 6000 
3000 6000 
3000 6000 
3000 6000 
3000 6000 
3000 6000 
3000 6000 
3000 6000 
3000 6000 
3000 6000 
3000 6000 
3000 6000 
3000 6000 
3000 6000 
3000 6000 
3000 6000 
3000 6000 
3000 6000 
3000 6000 
3000 6000 
3000 6000 
3000 6000 
3000 6000 
3000 6000 
3000 6000 
3000 6000 
3000 6000 
3000 6000 
3000 6000 
3000 6000 
3000 6000 
3000 6000 
3000 6000 
3000 6000 
3000 6000 
3000 6000 
3000 6000 
3000 6000 
3000 6000 
3000 6000 
3000 6000 
3000 6000 
3000 6000 
3000 6000 
3000 6000 
3000 6000 
3000 6000 
3000 6000 
3000 6000 
3000 6000 
3000 6000 
3000 6000 
3000 6000 
3000 6000 
3000 6000 
3000 6000 
3000 6000 
3000 6000 
3000 6000 
3000 6000 
3000 6000 
3000 6000 
3000 6000 
3000 6000 
3000 6000 
3000 6000 
3000 6000 
3000 6000 
3000 6000 
3000 6000 
3000 6000 
3000 6000 
3000 6000 
3000 6000 
3000 6000 
3000 6000 
3000 6000 
3000 6000 
3000 6000 
3000 6000 
3000 6000 
3000 6000 
3000 6000 
3000 6000 
3000 6000 
3000 6000 
3000 6000 
3000 6000 
3000 6000 
3000 6000 
3000 6000 
3000 6000 
3000 6000 
3000 6000 
3000 6000 
3000 6000 
3000 6000 
3000 6000 
3000 6000 
3000 6000 
3000 6000 
3000 6000 
3000 6000 
3000 6000 
3000 6000 
3000 6000 
3000 6000 
3000 6000 
3000 6000 
3000 6000 
3000 6000 
3000 6000 
3000 6000 
3000 6000 
3000 6000 
3000 6000 
3000 6000 
3000 6000 
3000 6000 
3000 6000 
3000 6000 
3000 6000 
3000 6000 
3000 6000 
3000 6000 
3000 6000 
3000 6000 
3000 6000 
3000 6000 
3000 6000 
3000 6000 
3000 6000 
3000 6000 
3000 6000 
3000 6000 
3000 6000 
3000 6000 
3000 6000 
3000 6000 
3000 6000 
3000 6000 
3000 6000 
3000 6000 
3000 6000 
3000 6000 
3000 6000 
3000 6000 
3000 6000 
3000 6000 
3000 6000 
3000 6000 
3000 6000 
3000 6000 
3000 6000 
3000 6000 
3000 6000 
3000 6000 
3000 6000 
3000 6000 
3000 6000 
3000 6000 
3000 6000 
3000 6000 
3000 6000 
3000 6000 
3000 6000 
3000 6000 
3000 6000 
3000 6000 
3000 6000 
3000 6000 
3000 6000 
3000 6000 
3000 6000 
3000 6000 
3000 6000 
3000 6000 
3000 6000 
3000 6000 
3000 6000 
3000 6000 
3000 6000 
3000 6000 
3000 6000 
3000 6000 
3000 6000 
3000 6000 
3000 6000 
