10
100 234
477 781 2
417 1585 1
548 1116 1
1415 1794 1
765 1958 1
808 993 1
512 923 1
1014 1965 1
515 1007 8
404 1731 1
761 1078 1
628 1258 1
470 1256 1
389 770 2
767 1952 1
761 879 1
440 1305 9
840 1305 1
1030 1114 1
654 953 1
475 1257 3
538 909 1
791 961 1
292 1176 1
733 1954 1
644 1073 2
726 2017 2
961 2015 2
458 766 1
397 1172 1
480 788 1
423 1749 2
576 862 3
635 915 1
389 1245 2
389 1190 4
454 1102 2
389 1090 8
389 890 2
303 1547 6
408 1327 8
485 1140 3
477 995 4
608 977 2
450 967 3
543 937 2
547 937 2
546 937 1
491 777 2
444 1773 2
358 1327 2
608 1317 2
281 1243 2
391 1233 2
408 1227 4
391 1223 4
485 995 3
485 815 3
481 1633 2
434 1633 4
434 1553 2
424 1553 2
668 1398 2
381 1383 2
484 828 2
407 800 4
407 798 2
476 1709 4
603 1503 1
301 890 2
271 1133 2
945 1755 2
805 1933 1
446 886 1
398 1306 6
759 1195 2
481 1185 8
511 1158 6
672 1106 1
559 795 1
489 795 2
481 585 2
437 585 1
403 423 2
486 942 2
868 1746 2
589 924 2
1333 1872 2
633 1872 2
383 1726 2
383 1716 2
373 1711 2
378 1701 2
753 1493 1
302 1369 10
706 802 1
853 1791 1
801 1716 1
741 1716 1
801 1611 1
3000 6000 
3000 6000 
3000 6000 
3000 6000 
3000 6000 
3000 6000 
3000 6000 
3000 6000 
3000 6000 
3000 6000 
3000 6000 
3000 6000 
3000 6000 
3000 6000 
3000 6000 
3000 6000 
3000 6000 
3000 6000 
3000 6000 
3000 6000 
3000 6000 
3000 6000 
3000 6000 
3000 6000 
3000 6000 
3000 6000 
3000 6000 
3000 6000 
3000 6000 
3000 6000 
3000 6000 
3000 6000 
3000 6000 
3000 6000 
3000 6000 
3000 6000 
3000 6000 
3000 6000 
3000 6000 
3000 6000 
3000 6000 
3000 6000 
3000 6000 
3000 6000 
3000 6000 
3000 6000 
3000 6000 
3000 6000 
3000 6000 
3000 6000 
3000 6000 
3000 6000 
3000 6000 
3000 6000 
3000 6000 
3000 6000 
3000 6000 
3000 6000 
3000 6000 
3000 6000 
3000 6000 
3000 6000 
3000 6000 
3000 6000 
3000 6000 
3000 6000 
3000 6000 
3000 6000 
3000 6000 
3000 6000 
3000 6000 
3000 6000 
3000 6000 
3000 6000 
3000 6000 
3000 6000 
3000 6000 
3000 6000 
3000 6000 
3000 6000 
3000 6000 
3000 6000 
3000 6000 
3000 6000 
3000 6000 
3000 6000 
3000 6000 
3000 6000 
3000 6000 
3000 6000 
3000 6000 
3000 6000 
3000 6000 
3000 6000 
3000 6000 
3000 6000 
3000 6000 
3000 6000 
3000 6000 
3000 6000 
3000 6000 
3000 6000 
3000 6000 
3000 6000 
3000 6000 
3000 6000 
3000 6000 
3000 6000 
3000 6000 
3000 6000 
3000 6000 
3000 6000 
3000 6000 
3000 6000 
3000 6000 
3000 6000 
3000 6000 
3000 6000 
3000 6000 
3000 6000 
3000 6000 
3000 6000 
3000 6000 
3000 6000 
3000 6000 
3000 6000 
3000 6000 
3000 6000 
3000 6000 
3000 6000 
3000 6000 
3000 6000 
3000 6000 
3000 6000 
3000 6000 
3000 6000 
3000 6000 
3000 6000 
3000 6000 
3000 6000 
3000 6000 
3000 6000 
3000 6000 
3000 6000 
3000 6000 
3000 6000 
3000 6000 
3000 6000 
3000 6000 
3000 6000 
3000 6000 
3000 6000 
3000 6000 
3000 6000 
3000 6000 
3000 6000 
3000 6000 
3000 6000 
3000 6000 
3000 6000 
3000 6000 
3000 6000 
3000 6000 
3000 6000 
3000 6000 
3000 6000 
3000 6000 
3000 6000 
3000 6000 
3000 6000 
3000 6000 
3000 6000 
3000 6000 
3000 6000 
3000 6000 
3000 6000 
3000 6000 
3000 6000 
3000 6000 
3000 6000 
3000 6000 
3000 6000 
3000 6000 
3000 6000 
3000 6000 
3000 6000 
3000 6000 
3000 6000 
3000 6000 
3000 6000 
3000 6000 
3000 6000 
3000 6000 
3000 6000 
3000 6000 
3000 6000 
3000 6000 
3000 6000 
3000 6000 
3000 6000 
3000 6000 
3000 6000 
3000 6000 
3000 6000 
3000 6000 
3000 6000 
3000 6000 
3000 6000 
3000 6000 
3000 6000 
3000 6000 
3000 6000 
3000 6000 
3000 6000 
3000 6000 
3000 6000 
3000 6000 
3000 6000 
3000 6000 
3000 6000 
3000 6000 
3000 6000 
3000 6000 
3000 6000 
3000 6000 
3000 6000 
3000 6000 
3000 6000 
3000 6000 
3000 6000 
3000 6000 
3000 6000 
3000 6000 
3000 6000 
100 246
434 1553 2
424 1553 2
668 1398 2
381 1383 2
484 828 2
407 800 4
407 798 2
476 1709 4
603 1503 1
301 890 2
271 1133 2
945 1755 2
805 1933 1
446 886 1
398 1306 6
759 1195 2
481 1185 8
511 1158 6
672 1106 1
559 795 1
489 795 2
481 585 2
437 585 1
403 423 2
486 942 2
868 1746 2
589 924 2
1333 1872 2
633 1872 2
383 1726 2
383 1716 2
373 1711 2
378 1701 2
753 1493 1
302 1369 10
706 802 1
853 1791 1
801 1716 1
741 1716 1
801 1611 1
911 1531 1
331 1391 2
701 891 1
671 891 1
637 706 1
1071 1977 1
662 2235 2
928 1964 2
927 1964 2
1128 1962 4
827 1894 2
628 1894 2
703 1877 2
1228 1812 2
1128 1812 2
1028 1812 2
928 1812 2
728 1812 2
728 1232 2
1007 1215 2
702 1007 2
627 864 2
728 732 8
662 1836 1
571 1003 2
473 1003 4
473 1353 2
457 1836 16
423 1003 1
601 1243 6
551 1143 2
478 843 3
444 843 3
423 563 1
368 1148 2
444 1944 3
858 954 1
954 1058 3
468 1942 4
493 1754 6
474 1048 2
474 1053 4
458 1959 2
458 1944 2
523 663 3
394 1129 2
394 1079 2
369 1089 2
361 1089 2
584 1186 2
535 1949 2
461 1949 2
461 2011 1
351 883 4
584 1717 1
579 1317 1
524 1617 2
423 728 2
368 1128 4
223 413 1
3000 6000 
3000 6000 
3000 6000 
3000 6000 
3000 6000 
3000 6000 
3000 6000 
3000 6000 
3000 6000 
3000 6000 
3000 6000 
3000 6000 
3000 6000 
3000 6000 
3000 6000 
3000 6000 
3000 6000 
3000 6000 
3000 6000 
3000 6000 
3000 6000 
3000 6000 
3000 6000 
3000 6000 
3000 6000 
3000 6000 
3000 6000 
3000 6000 
3000 6000 
3000 6000 
3000 6000 
3000 6000 
3000 6000 
3000 6000 
3000 6000 
3000 6000 
3000 6000 
3000 6000 
3000 6000 
3000 6000 
3000 6000 
3000 6000 
3000 6000 
3000 6000 
3000 6000 
3000 6000 
3000 6000 
3000 6000 
3000 6000 
3000 6000 
3000 6000 
3000 6000 
3000 6000 
3000 6000 
3000 6000 
3000 6000 
3000 6000 
3000 6000 
3000 6000 
3000 6000 
3000 6000 
3000 6000 
3000 6000 
3000 6000 
3000 6000 
3000 6000 
3000 6000 
3000 6000 
3000 6000 
3000 6000 
3000 6000 
3000 6000 
3000 6000 
3000 6000 
3000 6000 
3000 6000 
3000 6000 
3000 6000 
3000 6000 
3000 6000 
3000 6000 
3000 6000 
3000 6000 
3000 6000 
3000 6000 
3000 6000 
3000 6000 
3000 6000 
3000 6000 
3000 6000 
3000 6000 
3000 6000 
3000 6000 
3000 6000 
3000 6000 
3000 6000 
3000 6000 
3000 6000 
3000 6000 
3000 6000 
3000 6000 
3000 6000 
3000 6000 
3000 6000 
3000 6000 
3000 6000 
3000 6000 
3000 6000 
3000 6000 
3000 6000 
3000 6000 
3000 6000 
3000 6000 
3000 6000 
3000 6000 
3000 6000 
3000 6000 
3000 6000 
3000 6000 
3000 6000 
3000 6000 
3000 6000 
3000 6000 
3000 6000 
3000 6000 
3000 6000 
3000 6000 
3000 6000 
3000 6000 
3000 6000 
3000 6000 
3000 6000 
3000 6000 
3000 6000 
3000 6000 
3000 6000 
3000 6000 
3000 6000 
3000 6000 
3000 6000 
3000 6000 
3000 6000 
3000 6000 
3000 6000 
3000 6000 
3000 6000 
3000 6000 
3000 6000 
3000 6000 
3000 6000 
3000 6000 
3000 6000 
3000 6000 
3000 6000 
3000 6000 
3000 6000 
3000 6000 
3000 6000 
3000 6000 
3000 6000 
3000 6000 
3000 6000 
3000 6000 
3000 6000 
3000 6000 
3000 6000 
3000 6000 
3000 6000 
3000 6000 
3000 6000 
3000 6000 
3000 6000 
3000 6000 
3000 6000 
3000 6000 
3000 6000 
3000 6000 
3000 6000 
3000 6000 
3000 6000 
3000 6000 
3000 6000 
3000 6000 
3000 6000 
3000 6000 
3000 6000 
3000 6000 
3000 6000 
3000 6000 
3000 6000 
3000 6000 
3000 6000 
3000 6000 
3000 6000 
3000 6000 
3000 6000 
3000 6000 
3000 6000 
3000 6000 
3000 6000 
3000 6000 
3000 6000 
3000 6000 
3000 6000 
3000 6000 
3000 6000 
3000 6000 
3000 6000 
3000 6000 
3000 6000 
3000 6000 
3000 6000 
3000 6000 
3000 6000 
3000 6000 
3000 6000 
3000 6000 
3000 6000 
3000 6000 
3000 6000 
3000 6000 
3000 6000 
3000 6000 
3000 6000 
3000 6000 
3000 6000 
3000 6000 
3000 6000 
3000 6000 
3000 6000 
3000 6000 
3000 6000 
3000 6000 
3000 6000 
3000 6000 
3000 6000 
3000 6000 
3000 6000 
3000 6000 
3000 6000 
3000 6000 
3000 6000 
3000 6000 
3000 6000 
3000 6000 
3000 6000 
100 193
836 2012 2
567 1956 5
700 1605 4
497 1080 2
1158 1962 2
902 1485 2
682 902 2
685 2045 2
1453 2052 3
1036 1852 2
937 1022 2
1092 1962 2
902 1062 2
1156 1882 1
558 1992 2
836 842 2
836 1992 4
537 772 4
937 2022 4
836 2022 2
1035 1290 2
890 1955 2
789 1035 2
589 1955 2
1036 1992 4
537 862 2
677 1515 8
1116 1883 2
1107 1957 4
984 1957 2
836 1092 2
836 1962 2
844 1521 1
751 2141 2
744 931 4
664 2141 2
650 2141 2
644 831 2
638 2183 2
1878 2198 6
741 2032 1
824 1176 1
824 1041 1
382 1176 1
328 1508 2
623 1486 1
313 401 1
707 991 4
906 2031 1
410 2031 1
408 1006 2
507 1188 2
501 788 2
501 588 1
493 608 1
447 1928 2
407 1088 2
301 588 1
516 716 1
586 1563 2
551 1121 2
551 1021 6
676 848 2
760 1060 2
722 1927 1
700 977 1
727 1841 1
326 848 1
766 1167 1
766 1067 1
766 1043 1
727 1767 1
840 2040 1
737 1667 1
700 1326 1
760 1160 1
666 1977 1
673 2125 1
814 1332 1
814 1262 1
740 962 1
798 852 1
463 1701 1
1122 1843 1
833 1009 1
722 1993 1
703 1901 1
658 1882 1
594 1063 1
910 1944 1
483 2009 1
587 1057 4
487 956 2
360 986 1
688 1762 2
289 1762 2
405 713 1
552 1762 1
697 1357 1
448 1016 4
3000 6000 
3000 6000 
3000 6000 
3000 6000 
3000 6000 
3000 6000 
3000 6000 
3000 6000 
3000 6000 
3000 6000 
3000 6000 
3000 6000 
3000 6000 
3000 6000 
3000 6000 
3000 6000 
3000 6000 
3000 6000 
3000 6000 
3000 6000 
3000 6000 
3000 6000 
3000 6000 
3000 6000 
3000 6000 
3000 6000 
3000 6000 
3000 6000 
3000 6000 
3000 6000 
3000 6000 
3000 6000 
3000 6000 
3000 6000 
3000 6000 
3000 6000 
3000 6000 
3000 6000 
3000 6000 
3000 6000 
3000 6000 
3000 6000 
3000 6000 
3000 6000 
3000 6000 
3000 6000 
3000 6000 
3000 6000 
3000 6000 
3000 6000 
3000 6000 
3000 6000 
3000 6000 
3000 6000 
3000 6000 
3000 6000 
3000 6000 
3000 6000 
3000 6000 
3000 6000 
3000 6000 
3000 6000 
3000 6000 
3000 6000 
3000 6000 
3000 6000 
3000 6000 
3000 6000 
3000 6000 
3000 6000 
3000 6000 
3000 6000 
3000 6000 
3000 6000 
3000 6000 
3000 6000 
3000 6000 
3000 6000 
3000 6000 
3000 6000 
3000 6000 
3000 6000 
3000 6000 
3000 6000 
3000 6000 
3000 6000 
3000 6000 
3000 6000 
3000 6000 
3000 6000 
3000 6000 
3000 6000 
3000 6000 
3000 6000 
3000 6000 
3000 6000 
3000 6000 
3000 6000 
3000 6000 
3000 6000 
3000 6000 
3000 6000 
3000 6000 
3000 6000 
3000 6000 
3000 6000 
3000 6000 
3000 6000 
3000 6000 
3000 6000 
3000 6000 
3000 6000 
3000 6000 
3000 6000 
3000 6000 
3000 6000 
3000 6000 
3000 6000 
3000 6000 
3000 6000 
3000 6000 
3000 6000 
3000 6000 
3000 6000 
3000 6000 
3000 6000 
3000 6000 
3000 6000 
3000 6000 
3000 6000 
3000 6000 
3000 6000 
3000 6000 
3000 6000 
3000 6000 
3000 6000 
3000 6000 
3000 6000 
3000 6000 
3000 6000 
3000 6000 
3000 6000 
3000 6000 
3000 6000 
3000 6000 
3000 6000 
3000 6000 
3000 6000 
3000 6000 
3000 6000 
3000 6000 
3000 6000 
3000 6000 
3000 6000 
3000 6000 
3000 6000 
3000 6000 
3000 6000 
3000 6000 
3000 6000 
3000 6000 
3000 6000 
3000 6000 
3000 6000 
3000 6000 
3000 6000 
3000 6000 
3000 6000 
3000 6000 
3000 6000 
3000 6000 
3000 6000 
3000 6000 
3000 6000 
3000 6000 
3000 6000 
3000 6000 
3000 6000 
3000 6000 
3000 6000 
3000 6000 
3000 6000 
3000 6000 
3000 6000 
3000 6000 
3000 6000 
3000 6000 
3000 6000 
3000 6000 
3000 6000 
3000 6000 
3000 6000 
3000 6000 
100 257
622 873 6
822 2008 2
949 1998 2
949 2013 2
840 1843 1
922 2009 4
822 2009 2
713 987 1
422 713 2
1140 1943 1
1251 2013 1
1149 1978 2
1122 1978 2
1322 1978 2
877 1978 3
949 1908 2
922 1873 2
907 1808 2
1322 1873 2
673 722 2
814 1975 4
1114 1945 4
814 1945 6
814 825 2
964 1945 6
809 1145 2
746 952 8
1006 2122 2
581 2132 2
751 1852 2
1261 1822 2
867 1845 2
859 1850 2
847 1110 2
1004 1907 2
886 1024 2
714 940 2
474 917 2
567 1044 2
652 936 2
1086 1767 2
1446 2072 2
1407 2072 2
1403 2072 2
1342 2072 2
1294 1952 2
814 2000 2
1140 1883 2
814 2015 4
690 891 2
814 1985 4
814 845 6
1114 1980 2
964 1980 2
964 1975 2
964 1075 2
899 1365 2
695 1365 2
525 914 2
1087 1745 2
1114 2010 8
573 2047 2
317 690 1
397 1114 3
514 604 1
404 524 1
269 375 1
428 1119 2
639 2082 1
262 2082 1
683 2082 1
263 2082 1
473 1270 8
450 1710 2
627 1710 1
553 1119 2
555 914 2
900 1119 2
461 974 6
478 1180 4
578 1394 2
484 1600 3
497 1647 2
497 1599 2
484 902 6
399 1391 2
384 1235 2
404 1168 2
396 1145 2
569 1295 2
569 1202 4
579 1832 1
505 1012 2
498 1012 2
468 1665 6
568 944 2
573 1154 6
573 1146 4
575 1290 4
473 1290 2
3000 6000 
3000 6000 
3000 6000 
3000 6000 
3000 6000 
3000 6000 
3000 6000 
3000 6000 
3000 6000 
3000 6000 
3000 6000 
3000 6000 
3000 6000 
3000 6000 
3000 6000 
3000 6000 
3000 6000 
3000 6000 
3000 6000 
3000 6000 
3000 6000 
3000 6000 
3000 6000 
3000 6000 
3000 6000 
3000 6000 
3000 6000 
3000 6000 
3000 6000 
3000 6000 
3000 6000 
3000 6000 
3000 6000 
3000 6000 
3000 6000 
3000 6000 
3000 6000 
3000 6000 
3000 6000 
3000 6000 
3000 6000 
3000 6000 
3000 6000 
3000 6000 
3000 6000 
3000 6000 
3000 6000 
3000 6000 
3000 6000 
3000 6000 
3000 6000 
3000 6000 
3000 6000 
3000 6000 
3000 6000 
3000 6000 
3000 6000 
3000 6000 
3000 6000 
3000 6000 
3000 6000 
3000 6000 
3000 6000 
3000 6000 
3000 6000 
3000 6000 
3000 6000 
3000 6000 
3000 6000 
3000 6000 
3000 6000 
3000 6000 
3000 6000 
3000 6000 
3000 6000 
3000 6000 
3000 6000 
3000 6000 
3000 6000 
3000 6000 
3000 6000 
3000 6000 
3000 6000 
3000 6000 
3000 6000 
3000 6000 
3000 6000 
3000 6000 
3000 6000 
3000 6000 
3000 6000 
3000 6000 
3000 6000 
3000 6000 
3000 6000 
3000 6000 
3000 6000 
3000 6000 
3000 6000 
3000 6000 
3000 6000 
3000 6000 
3000 6000 
3000 6000 
3000 6000 
3000 6000 
3000 6000 
3000 6000 
3000 6000 
3000 6000 
3000 6000 
3000 6000 
3000 6000 
3000 6000 
3000 6000 
3000 6000 
3000 6000 
3000 6000 
3000 6000 
3000 6000 
3000 6000 
3000 6000 
3000 6000 
3000 6000 
3000 6000 
3000 6000 
3000 6000 
3000 6000 
3000 6000 
3000 6000 
3000 6000 
3000 6000 
3000 6000 
3000 6000 
3000 6000 
3000 6000 
3000 6000 
3000 6000 
3000 6000 
3000 6000 
3000 6000 
3000 6000 
3000 6000 
3000 6000 
3000 6000 
3000 6000 
3000 6000 
3000 6000 
3000 6000 
3000 6000 
3000 6000 
3000 6000 
3000 6000 
3000 6000 
3000 6000 
3000 6000 
3000 6000 
3000 6000 
3000 6000 
3000 6000 
3000 6000 
3000 6000 
3000 6000 
3000 6000 
3000 6000 
3000 6000 
3000 6000 
3000 6000 
3000 6000 
3000 6000 
3000 6000 
3000 6000 
3000 6000 
3000 6000 
3000 6000 
3000 6000 
3000 6000 
3000 6000 
3000 6000 
3000 6000 
3000 6000 
3000 6000 
3000 6000 
3000 6000 
3000 6000 
3000 6000 
3000 6000 
3000 6000 
3000 6000 
3000 6000 
3000 6000 
3000 6000 
3000 6000 
3000 6000 
3000 6000 
3000 6000 
3000 6000 
3000 6000 
3000 6000 
3000 6000 
3000 6000 
3000 6000 
3000 6000 
3000 6000 
3000 6000 
3000 6000 
3000 6000 
3000 6000 
3000 6000 
3000 6000 
3000 6000 
3000 6000 
3000 6000 
3000 6000 
3000 6000 
3000 6000 
3000 6000 
3000 6000 
3000 6000 
3000 6000 
3000 6000 
3000 6000 
3000 6000 
3000 6000 
3000 6000 
3000 6000 
3000 6000 
3000 6000 
3000 6000 
3000 6000 
3000 6000 
3000 6000 
3000 6000 
3000 6000 
3000 6000 
3000 6000 
3000 6000 
3000 6000 
3000 6000 
3000 6000 
3000 6000 
3000 6000 
3000 6000 
3000 6000 
3000 6000 
3000 6000 
3000 6000 
3000 6000 
3000 6000 
3000 6000 
3000 6000 
3000 6000 
3000 6000 
3000 6000 
3000 6000 
3000 6000 
3000 6000 
100 220
510 510 1
333 1422 2
283 1422 2
357 1573 2
628 952 1
542 1272 8
243 432 1
639 1958 1
259 1958 1
444 1923 2
444 1007 6
378 712 3
592 1232 1
352 1323 2
346 1712 2
273 1133 1
349 1227 2
411 1679 6
647 733 2
549 1253 4
314 983 2
457 1887 3
454 1887 4
454 1098 6
347 1278 2
334 1388 2
334 1283 2
277 1198 2
342 1003 2
591 1203 1
327 1353 6
324 1353 6
319 1353 2
375 565 2
333 564 1
548 1115 6
474 819 2
815 1395 2
705 815 2
575 815 2
691 1550 4
615 1595 8
465 1159 1
748 984 5
465 759 2
465 1069 4
687 1853 2
687 1848 2
501 936 2
571 1280 1
655 1364 1
740 911 1
414 1115 2
854 1115 1
1115 1164 1
1115 1364 1
500 920 2
655 1209 1
493 1679 2
268 1139 1
1215 2041 1
976 2206 1
516 524 6
651 1025 1
464 989 2
305 1432 1
636 1180 2
417 1676 3
1007 2208 1
1306 1534 1
612 1534 1
575 1240 1
546 575 1
598 1086 1
477 781 2
417 1585 1
548 1116 1
1415 1794 1
765 1958 1
808 993 1
512 923 1
1014 1965 1
515 1007 8
404 1731 1
761 1078 1
628 1258 1
470 1256 1
389 770 2
767 1952 1
761 879 1
440 1305 9
840 1305 1
1030 1114 1
654 953 1
475 1257 3
538 909 1
791 961 1
292 1176 1
733 1954 1
644 1073 2
3000 6000 
3000 6000 
3000 6000 
3000 6000 
3000 6000 
3000 6000 
3000 6000 
3000 6000 
3000 6000 
3000 6000 
3000 6000 
3000 6000 
3000 6000 
3000 6000 
3000 6000 
3000 6000 
3000 6000 
3000 6000 
3000 6000 
3000 6000 
3000 6000 
3000 6000 
3000 6000 
3000 6000 
3000 6000 
3000 6000 
3000 6000 
3000 6000 
3000 6000 
3000 6000 
3000 6000 
3000 6000 
3000 6000 
3000 6000 
3000 6000 
3000 6000 
3000 6000 
3000 6000 
3000 6000 
3000 6000 
3000 6000 
3000 6000 
3000 6000 
3000 6000 
3000 6000 
3000 6000 
3000 6000 
3000 6000 
3000 6000 
3000 6000 
3000 6000 
3000 6000 
3000 6000 
3000 6000 
3000 6000 
3000 6000 
3000 6000 
3000 6000 
3000 6000 
3000 6000 
3000 6000 
3000 6000 
3000 6000 
3000 6000 
3000 6000 
3000 6000 
3000 6000 
3000 6000 
3000 6000 
3000 6000 
3000 6000 
3000 6000 
3000 6000 
3000 6000 
3000 6000 
3000 6000 
3000 6000 
3000 6000 
3000 6000 
3000 6000 
3000 6000 
3000 6000 
3000 6000 
3000 6000 
3000 6000 
3000 6000 
3000 6000 
3000 6000 
3000 6000 
3000 6000 
3000 6000 
3000 6000 
3000 6000 
3000 6000 
3000 6000 
3000 6000 
3000 6000 
3000 6000 
3000 6000 
3000 6000 
3000 6000 
3000 6000 
3000 6000 
3000 6000 
3000 6000 
3000 6000 
3000 6000 
3000 6000 
3000 6000 
3000 6000 
3000 6000 
3000 6000 
3000 6000 
3000 6000 
3000 6000 
3000 6000 
3000 6000 
3000 6000 
3000 6000 
3000 6000 
3000 6000 
3000 6000 
3000 6000 
3000 6000 
3000 6000 
3000 6000 
3000 6000 
3000 6000 
3000 6000 
3000 6000 
3000 6000 
3000 6000 
3000 6000 
3000 6000 
3000 6000 
3000 6000 
3000 6000 
3000 6000 
3000 6000 
3000 6000 
3000 6000 
3000 6000 
3000 6000 
3000 6000 
3000 6000 
3000 6000 
3000 6000 
3000 6000 
3000 6000 
3000 6000 
3000 6000 
3000 6000 
3000 6000 
3000 6000 
3000 6000 
3000 6000 
3000 6000 
3000 6000 
3000 6000 
3000 6000 
3000 6000 
3000 6000 
3000 6000 
3000 6000 
3000 6000 
3000 6000 
3000 6000 
3000 6000 
3000 6000 
3000 6000 
3000 6000 
3000 6000 
3000 6000 
3000 6000 
3000 6000 
3000 6000 
3000 6000 
3000 6000 
3000 6000 
3000 6000 
3000 6000 
3000 6000 
3000 6000 
3000 6000 
3000 6000 
3000 6000 
3000 6000 
3000 6000 
3000 6000 
3000 6000 
3000 6000 
3000 6000 
3000 6000 
3000 6000 
3000 6000 
3000 6000 
3000 6000 
3000 6000 
3000 6000 
3000 6000 
3000 6000 
3000 6000 
3000 6000 
3000 6000 
3000 6000 
3000 6000 
3000 6000 
3000 6000 
3000 6000 
3000 6000 
3000 6000 
3000 6000 
3000 6000 
3000 6000 
3000 6000 
3000 6000 
3000 6000 
3000 6000 
3000 6000 
3000 6000 
100 310
540 2038 2
658 2092 4
378 1747 2
409 1440 1
272 1452 1
788 1452 1
481 1467 4
481 493 4
483 840 2
623 1130 3
465 1537 1
530 1537 1
379 2033 2
629 1983 2
415 1675 2
579 1925 3
488 1427 4
488 543 4
378 1391 16
1097 1697 2
897 1097 2
1097 1297 2
1097 1897 6
386 1380 2
336 1075 2
522 880 2
458 1175 2
383 790 2
336 895 2
341 690 2
648 883 2
447 1190 2
446 1890 2
376 1608 2
406 1610 2
491 1610 2
321 1613 2
487 1163 6
538 1120 2
415 1091 18
268 636 2
268 608 2
415 1124 30
796 858 1
796 1083 3
415 1111 16
415 1975 2
379 908 2
379 1133 6
616 1592 4
912 2003 4
912 923 2
803 1473 1
808 1493 1
708 988 1
685 2003 1
512 1188 4
718 1233 1
908 2003 2
908 1142 4
888 912 4
564 633 1
708 923 2
908 923 1
708 1023 2
374 803 2
672 1008 2
519 1098 2
527 1188 2
538 888 1
357 1388 4
712 1223 2
923 1708 1
808 923 1
1101 1565 2
1099 2080 2
868 881 2
640 915 3
1002 1069 2
902 1962 4
812 1402 2
802 1962 4
802 812 2
702 1962 12
702 962 2
602 1962 4
428 816 2
832 1601 1
832 1481 2
399 2008 6
399 1608 6
319 1096 1
282 462 3
515 592 1
669 1055 1
447 1347 1
447 705 1
943 1965 1
537 1653 1
625 1336 1
3000 6000 
3000 6000 
3000 6000 
3000 6000 
3000 6000 
3000 6000 
3000 6000 
3000 6000 
3000 6000 
3000 6000 
3000 6000 
3000 6000 
3000 6000 
3000 6000 
3000 6000 
3000 6000 
3000 6000 
3000 6000 
3000 6000 
3000 6000 
3000 6000 
3000 6000 
3000 6000 
3000 6000 
3000 6000 
3000 6000 
3000 6000 
3000 6000 
3000 6000 
3000 6000 
3000 6000 
3000 6000 
3000 6000 
3000 6000 
3000 6000 
3000 6000 
3000 6000 
3000 6000 
3000 6000 
3000 6000 
3000 6000 
3000 6000 
3000 6000 
3000 6000 
3000 6000 
3000 6000 
3000 6000 
3000 6000 
3000 6000 
3000 6000 
3000 6000 
3000 6000 
3000 6000 
3000 6000 
3000 6000 
3000 6000 
3000 6000 
3000 6000 
3000 6000 
3000 6000 
3000 6000 
3000 6000 
3000 6000 
3000 6000 
3000 6000 
3000 6000 
3000 6000 
3000 6000 
3000 6000 
3000 6000 
3000 6000 
3000 6000 
3000 6000 
3000 6000 
3000 6000 
3000 6000 
3000 6000 
3000 6000 
3000 6000 
3000 6000 
3000 6000 
3000 6000 
3000 6000 
3000 6000 
3000 6000 
3000 6000 
3000 6000 
3000 6000 
3000 6000 
3000 6000 
3000 6000 
3000 6000 
3000 6000 
3000 6000 
3000 6000 
3000 6000 
3000 6000 
3000 6000 
3000 6000 
3000 6000 
3000 6000 
3000 6000 
3000 6000 
3000 6000 
3000 6000 
3000 6000 
3000 6000 
3000 6000 
3000 6000 
3000 6000 
3000 6000 
3000 6000 
3000 6000 
3000 6000 
3000 6000 
3000 6000 
3000 6000 
3000 6000 
3000 6000 
3000 6000 
3000 6000 
3000 6000 
3000 6000 
3000 6000 
3000 6000 
3000 6000 
3000 6000 
3000 6000 
3000 6000 
3000 6000 
3000 6000 
3000 6000 
3000 6000 
3000 6000 
3000 6000 
3000 6000 
3000 6000 
3000 6000 
3000 6000 
3000 6000 
3000 6000 
3000 6000 
3000 6000 
3000 6000 
3000 6000 
3000 6000 
3000 6000 
3000 6000 
3000 6000 
3000 6000 
3000 6000 
3000 6000 
3000 6000 
3000 6000 
3000 6000 
3000 6000 
3000 6000 
3000 6000 
3000 6000 
3000 6000 
3000 6000 
3000 6000 
3000 6000 
3000 6000 
3000 6000 
3000 6000 
3000 6000 
3000 6000 
3000 6000 
3000 6000 
3000 6000 
3000 6000 
3000 6000 
3000 6000 
3000 6000 
3000 6000 
3000 6000 
3000 6000 
3000 6000 
3000 6000 
3000 6000 
3000 6000 
3000 6000 
3000 6000 
3000 6000 
3000 6000 
3000 6000 
3000 6000 
3000 6000 
3000 6000 
3000 6000 
3000 6000 
3000 6000 
3000 6000 
3000 6000 
3000 6000 
3000 6000 
3000 6000 
3000 6000 
3000 6000 
3000 6000 
3000 6000 
3000 6000 
3000 6000 
3000 6000 
3000 6000 
3000 6000 
3000 6000 
3000 6000 
3000 6000 
3000 6000 
3000 6000 
3000 6000 
3000 6000 
3000 6000 
3000 6000 
3000 6000 
3000 6000 
3000 6000 
3000 6000 
3000 6000 
3000 6000 
3000 6000 
3000 6000 
3000 6000 
3000 6000 
3000 6000 
3000 6000 
3000 6000 
3000 6000 
3000 6000 
3000 6000 
3000 6000 
3000 6000 
3000 6000 
3000 6000 
3000 6000 
3000 6000 
3000 6000 
3000 6000 
3000 6000 
3000 6000 
3000 6000 
3000 6000 
3000 6000 
3000 6000 
3000 6000 
3000 6000 
3000 6000 
3000 6000 
3000 6000 
3000 6000 
3000 6000 
3000 6000 
3000 6000 
3000 6000 
3000 6000 
3000 6000 
3000 6000 
3000 6000 
3000 6000 
3000 6000 
3000 6000 
3000 6000 
3000 6000 
3000 6000 
3000 6000 
3000 6000 
3000 6000 
3000 6000 
3000 6000 
3000 6000 
3000 6000 
3000 6000 
3000 6000 
3000 6000 
3000 6000 
3000 6000 
3000 6000 
3000 6000 
3000 6000 
3000 6000 
3000 6000 
3000 6000 
3000 6000 
3000 6000 
3000 6000 
3000 6000 
3000 6000 
3000 6000 
3000 6000 
3000 6000 
3000 6000 
3000 6000 
3000 6000 
3000 6000 
3000 6000 
3000 6000 
3000 6000 
3000 6000 
3000 6000 
3000 6000 
3000 6000 
3000 6000 
3000 6000 
3000 6000 
3000 6000 
3000 6000 
3000 6000 
3000 6000 
100 228
269 1108 2
257 1113 4
461 561 5
461 553 2
413 2431 1
510 510 1
333 1422 2
283 1422 2
357 1573 2
628 952 1
542 1272 8
243 432 1
639 1958 1
259 1958 1
444 1923 2
444 1007 6
378 712 3
592 1232 1
352 1323 2
346 1712 2
273 1133 1
349 1227 2
411 1679 6
647 733 2
549 1253 4
314 983 2
457 1887 3
454 1887 4
454 1098 6
347 1278 2
334 1388 2
334 1283 2
277 1198 2
342 1003 2
591 1203 1
327 1353 6
324 1353 6
319 1353 2
375 565 2
333 564 1
548 1115 6
474 819 2
815 1395 2
705 815 2
575 815 2
691 1550 4
615 1595 8
465 1159 1
748 984 5
465 759 2
465 1069 4
687 1853 2
687 1848 2
501 936 2
571 1280 1
655 1364 1
740 911 1
414 1115 2
854 1115 1
1115 1164 1
1115 1364 1
500 920 2
655 1209 1
493 1679 2
268 1139 1
1215 2041 1
976 2206 1
516 524 6
651 1025 1
464 989 2
305 1432 1
636 1180 2
417 1676 3
1007 2208 1
1306 1534 1
612 1534 1
575 1240 1
546 575 1
598 1086 1
477 781 2
417 1585 1
548 1116 1
1415 1794 1
765 1958 1
808 993 1
512 923 1
1014 1965 1
515 1007 8
404 1731 1
761 1078 1
628 1258 1
470 1256 1
389 770 2
767 1952 1
761 879 1
440 1305 9
840 1305 1
1030 1114 1
654 953 1
475 1257 3
3000 6000 
3000 6000 
3000 6000 
3000 6000 
3000 6000 
3000 6000 
3000 6000 
3000 6000 
3000 6000 
3000 6000 
3000 6000 
3000 6000 
3000 6000 
3000 6000 
3000 6000 
3000 6000 
3000 6000 
3000 6000 
3000 6000 
3000 6000 
3000 6000 
3000 6000 
3000 6000 
3000 6000 
3000 6000 
3000 6000 
3000 6000 
3000 6000 
3000 6000 
3000 6000 
3000 6000 
3000 6000 
3000 6000 
3000 6000 
3000 6000 
3000 6000 
3000 6000 
3000 6000 
3000 6000 
3000 6000 
3000 6000 
3000 6000 
3000 6000 
3000 6000 
3000 6000 
3000 6000 
3000 6000 
3000 6000 
3000 6000 
3000 6000 
3000 6000 
3000 6000 
3000 6000 
3000 6000 
3000 6000 
3000 6000 
3000 6000 
3000 6000 
3000 6000 
3000 6000 
3000 6000 
3000 6000 
3000 6000 
3000 6000 
3000 6000 
3000 6000 
3000 6000 
3000 6000 
3000 6000 
3000 6000 
3000 6000 
3000 6000 
3000 6000 
3000 6000 
3000 6000 
3000 6000 
3000 6000 
3000 6000 
3000 6000 
3000 6000 
3000 6000 
3000 6000 
3000 6000 
3000 6000 
3000 6000 
3000 6000 
3000 6000 
3000 6000 
3000 6000 
3000 6000 
3000 6000 
3000 6000 
3000 6000 
3000 6000 
3000 6000 
3000 6000 
3000 6000 
3000 6000 
3000 6000 
3000 6000 
3000 6000 
3000 6000 
3000 6000 
3000 6000 
3000 6000 
3000 6000 
3000 6000 
3000 6000 
3000 6000 
3000 6000 
3000 6000 
3000 6000 
3000 6000 
3000 6000 
3000 6000 
3000 6000 
3000 6000 
3000 6000 
3000 6000 
3000 6000 
3000 6000 
3000 6000 
3000 6000 
3000 6000 
3000 6000 
3000 6000 
3000 6000 
3000 6000 
3000 6000 
3000 6000 
3000 6000 
3000 6000 
3000 6000 
3000 6000 
3000 6000 
3000 6000 
3000 6000 
3000 6000 
3000 6000 
3000 6000 
3000 6000 
3000 6000 
3000 6000 
3000 6000 
3000 6000 
3000 6000 
3000 6000 
3000 6000 
3000 6000 
3000 6000 
3000 6000 
3000 6000 
3000 6000 
3000 6000 
3000 6000 
3000 6000 
3000 6000 
3000 6000 
3000 6000 
3000 6000 
3000 6000 
3000 6000 
3000 6000 
3000 6000 
3000 6000 
3000 6000 
3000 6000 
3000 6000 
3000 6000 
3000 6000 
3000 6000 
3000 6000 
3000 6000 
3000 6000 
3000 6000 
3000 6000 
3000 6000 
3000 6000 
3000 6000 
3000 6000 
3000 6000 
3000 6000 
3000 6000 
3000 6000 
3000 6000 
3000 6000 
3000 6000 
3000 6000 
3000 6000 
3000 6000 
3000 6000 
3000 6000 
3000 6000 
3000 6000 
3000 6000 
3000 6000 
3000 6000 
3000 6000 
3000 6000 
3000 6000 
3000 6000 
3000 6000 
3000 6000 
3000 6000 
3000 6000 
3000 6000 
3000 6000 
3000 6000 
3000 6000 
3000 6000 
3000 6000 
3000 6000 
3000 6000 
3000 6000 
3000 6000 
3000 6000 
3000 6000 
3000 6000 
3000 6000 
3000 6000 
3000 6000 
3000 6000 
3000 6000 
3000 6000 
3000 6000 
3000 6000 
3000 6000 
3000 6000 
100 234
523 1490 1
428 1344 2
1206 2100 2
821 1938 1
308 508 1
635 785 1
1234 1298 1
358 780 2
770 2040 1
913 913 2
752 757 1
780 2065 1
600 1674 2
690 1248 2
690 750 1
1042 1934 1
619 1273 1
322 1240 2
307 1210 2
507 508 6
349 1535 2
312 1470 2
746 2552 1
359 1591 2
344 1451 2
720 1076 1
735 911 6
767 1265 1
766 1175 1
712 1787 1
712 1876 1
1142 1872 2
466 2037 2
563 2037 2
494 1130 6
494 930 4
525 2161 1
261 2161 1
584 1736 4
338 1582 10
516 1322 2
691 748 1
560 1516 1
369 727 1
462 915 1
523 1410 1
555 1723 3
561 1698 2
394 1661 2
303 1093 3
338 1362 2
343 1352 2
341 1257 2
833 1138 1
532 1047 1
442 1004 8
394 445 2
369 444 1
401 990 4
563 1167 2
313 573 1
461 1313 2
528 1137 4
541 1003 4
466 1933 2
309 1120 2
466 1080 8
466 880 2
784 1214 5
566 638 1
638 1237 1
553 1107 2
566 742 6
466 710 4
418 671 1
1093 1501 1
1093 1601 1
847 877 5
401 1393 2
551 1717 4
466 1665 2
506 1635 4
408 1567 2
511 1342 2
541 987 2
556 1935 2
678 990 1
630 973 1
601 952 2
678 935 1
858 928 1
584 928 6
818 858 2
446 1925 6
815 972 1
950 1973 2
965 1928 2
570 1623 2
950 1100 4
500 950 4
3000 6000 
3000 6000 
3000 6000 
3000 6000 
3000 6000 
3000 6000 
3000 6000 
3000 6000 
3000 6000 
3000 6000 
3000 6000 
3000 6000 
3000 6000 
3000 6000 
3000 6000 
3000 6000 
3000 6000 
3000 6000 
3000 6000 
3000 6000 
3000 6000 
3000 6000 
3000 6000 
3000 6000 
3000 6000 
3000 6000 
3000 6000 
3000 6000 
3000 6000 
3000 6000 
3000 6000 
3000 6000 
3000 6000 
3000 6000 
3000 6000 
3000 6000 
3000 6000 
3000 6000 
3000 6000 
3000 6000 
3000 6000 
3000 6000 
3000 6000 
3000 6000 
3000 6000 
3000 6000 
3000 6000 
3000 6000 
3000 6000 
3000 6000 
3000 6000 
3000 6000 
3000 6000 
3000 6000 
3000 6000 
3000 6000 
3000 6000 
3000 6000 
3000 6000 
3000 6000 
3000 6000 
3000 6000 
3000 6000 
3000 6000 
3000 6000 
3000 6000 
3000 6000 
3000 6000 
3000 6000 
3000 6000 
3000 6000 
3000 6000 
3000 6000 
3000 6000 
3000 6000 
3000 6000 
3000 6000 
3000 6000 
3000 6000 
3000 6000 
3000 6000 
3000 6000 
3000 6000 
3000 6000 
3000 6000 
3000 6000 
3000 6000 
3000 6000 
3000 6000 
3000 6000 
3000 6000 
3000 6000 
3000 6000 
3000 6000 
3000 6000 
3000 6000 
3000 6000 
3000 6000 
3000 6000 
3000 6000 
3000 6000 
3000 6000 
3000 6000 
3000 6000 
3000 6000 
3000 6000 
3000 6000 
3000 6000 
3000 6000 
3000 6000 
3000 6000 
3000 6000 
3000 6000 
3000 6000 
3000 6000 
3000 6000 
3000 6000 
3000 6000 
3000 6000 
3000 6000 
3000 6000 
3000 6000 
3000 6000 
3000 6000 
3000 6000 
3000 6000 
3000 6000 
3000 6000 
3000 6000 
3000 6000 
3000 6000 
3000 6000 
3000 6000 
3000 6000 
3000 6000 
3000 6000 
3000 6000 
3000 6000 
3000 6000 
3000 6000 
3000 6000 
3000 6000 
3000 6000 
3000 6000 
3000 6000 
3000 6000 
3000 6000 
3000 6000 
3000 6000 
3000 6000 
3000 6000 
3000 6000 
3000 6000 
3000 6000 
3000 6000 
3000 6000 
3000 6000 
3000 6000 
3000 6000 
3000 6000 
3000 6000 
3000 6000 
3000 6000 
3000 6000 
3000 6000 
3000 6000 
3000 6000 
3000 6000 
3000 6000 
3000 6000 
3000 6000 
3000 6000 
3000 6000 
3000 6000 
3000 6000 
3000 6000 
3000 6000 
3000 6000 
3000 6000 
3000 6000 
3000 6000 
3000 6000 
3000 6000 
3000 6000 
3000 6000 
3000 6000 
3000 6000 
3000 6000 
3000 6000 
3000 6000 
3000 6000 
3000 6000 
3000 6000 
3000 6000 
3000 6000 
3000 6000 
3000 6000 
3000 6000 
3000 6000 
3000 6000 
3000 6000 
3000 6000 
3000 6000 
3000 6000 
3000 6000 
3000 6000 
3000 6000 
3000 6000 
3000 6000 
3000 6000 
3000 6000 
3000 6000 
3000 6000 
3000 6000 
3000 6000 
3000 6000 
3000 6000 
3000 6000 
3000 6000 
3000 6000 
3000 6000 
3000 6000 
3000 6000 
3000 6000 
3000 6000 
3000 6000 
3000 6000 
3000 6000 
3000 6000 
3000 6000 
3000 6000 
3000 6000 
3000 6000 
3000 6000 
100 318
488 1427 4
488 543 4
378 1391 16
1097 1697 2
897 1097 2
1097 1297 2
1097 1897 6
386 1380 2
336 1075 2
522 880 2
458 1175 2
383 790 2
336 895 2
341 690 2
648 883 2
447 1190 2
446 1890 2
376 1608 2
406 1610 2
491 1610 2
321 1613 2
487 1163 6
538 1120 2
415 1091 18
268 636 2
268 608 2
415 1124 30
796 858 1
796 1083 3
415 1111 16
415 1975 2
379 908 2
379 1133 6
616 1592 4
912 2003 4
912 923 2
803 1473 1
808 1493 1
708 988 1
685 2003 1
512 1188 4
718 1233 1
908 2003 2
908 1142 4
888 912 4
564 633 1
708 923 2
908 923 1
708 1023 2
374 803 2
672 1008 2
519 1098 2
527 1188 2
538 888 1
357 1388 4
712 1223 2
923 1708 1
808 923 1
1101 1565 2
1099 2080 2
868 881 2
640 915 3
1002 1069 2
902 1962 4
812 1402 2
802 1962 4
802 812 2
702 1962 12
702 962 2
602 1962 4
428 816 2
832 1601 1
832 1481 2
399 2008 6
399 1608 6
319 1096 1
282 462 3
515 592 1
669 1055 1
447 1347 1
447 705 1
943 1965 1
537 1653 1
625 1336 1
1204 1210 4
719 1046 2
636 992 4
438 1942 2
280 1927 2
227 467 1
700 1115 2
491 1183 4
447 1834 8
614 2010 4
546 1897 2
416 1853 2
416 1703 2
378 963 2
803 1983 1
580 1257 1
3000 6000 
3000 6000 
3000 6000 
3000 6000 
3000 6000 
3000 6000 
3000 6000 
3000 6000 
3000 6000 
3000 6000 
3000 6000 
3000 6000 
3000 6000 
3000 6000 
3000 6000 
3000 6000 
3000 6000 
3000 6000 
3000 6000 
3000 6000 
3000 6000 
3000 6000 
3000 6000 
3000 6000 
3000 6000 
3000 6000 
3000 6000 
3000 6000 
3000 6000 
3000 6000 
3000 6000 
3000 6000 
3000 6000 
3000 6000 
3000 6000 
3000 6000 
3000 6000 
3000 6000 
3000 6000 
3000 6000 
3000 6000 
3000 6000 
3000 6000 
3000 6000 
3000 6000 
3000 6000 
3000 6000 
3000 6000 
3000 6000 
3000 6000 
3000 6000 
3000 6000 
3000 6000 
3000 6000 
3000 6000 
3000 6000 
3000 6000 
3000 6000 
3000 6000 
3000 6000 
3000 6000 
3000 6000 
3000 6000 
3000 6000 
3000 6000 
3000 6000 
3000 6000 
3000 6000 
3000 6000 
3000 6000 
3000 6000 
3000 6000 
3000 6000 
3000 6000 
3000 6000 
3000 6000 
3000 6000 
3000 6000 
3000 6000 
3000 6000 
3000 6000 
3000 6000 
3000 6000 
3000 6000 
3000 6000 
3000 6000 
3000 6000 
3000 6000 
3000 6000 
3000 6000 
3000 6000 
3000 6000 
3000 6000 
3000 6000 
3000 6000 
3000 6000 
3000 6000 
3000 6000 
3000 6000 
3000 6000 
3000 6000 
3000 6000 
3000 6000 
3000 6000 
3000 6000 
3000 6000 
3000 6000 
3000 6000 
3000 6000 
3000 6000 
3000 6000 
3000 6000 
3000 6000 
3000 6000 
3000 6000 
3000 6000 
3000 6000 
3000 6000 
3000 6000 
3000 6000 
3000 6000 
3000 6000 
3000 6000 
3000 6000 
3000 6000 
3000 6000 
3000 6000 
3000 6000 
3000 6000 
3000 6000 
3000 6000 
3000 6000 
3000 6000 
3000 6000 
3000 6000 
3000 6000 
3000 6000 
3000 6000 
3000 6000 
3000 6000 
3000 6000 
3000 6000 
3000 6000 
3000 6000 
3000 6000 
3000 6000 
3000 6000 
3000 6000 
3000 6000 
3000 6000 
3000 6000 
3000 6000 
3000 6000 
3000 6000 
3000 6000 
3000 6000 
3000 6000 
3000 6000 
3000 6000 
3000 6000 
3000 6000 
3000 6000 
3000 6000 
3000 6000 
3000 6000 
3000 6000 
3000 6000 
3000 6000 
3000 6000 
3000 6000 
3000 6000 
3000 6000 
3000 6000 
3000 6000 
3000 6000 
3000 6000 
3000 6000 
3000 6000 
3000 6000 
3000 6000 
3000 6000 
3000 6000 
3000 6000 
3000 6000 
3000 6000 
3000 6000 
3000 6000 
3000 6000 
3000 6000 
3000 6000 
3000 6000 
3000 6000 
3000 6000 
3000 6000 
3000 6000 
3000 6000 
3000 6000 
3000 6000 
3000 6000 
3000 6000 
3000 6000 
3000 6000 
3000 6000 
3000 6000 
3000 6000 
3000 6000 
3000 6000 
3000 6000 
3000 6000 
3000 6000 
3000 6000 
3000 6000 
3000 6000 
3000 6000 
3000 6000 
3000 6000 
3000 6000 
3000 6000 
3000 6000 
3000 6000 
3000 6000 
3000 6000 
3000 6000 
3000 6000 
3000 6000 
3000 6000 
3000 6000 
3000 6000 
3000 6000 
3000 6000 
3000 6000 
3000 6000 
3000 6000 
3000 6000 
3000 6000 
3000 6000 
3000 6000 
3000 6000 
3000 6000 
3000 6000 
3000 6000 
3000 6000 
3000 6000 
3000 6000 
3000 6000 
3000 6000 
3000 6000 
3000 6000 
3000 6000 
3000 6000 
3000 6000 
3000 6000 
3000 6000 
3000 6000 
3000 6000 
3000 6000 
3000 6000 
3000 6000 
3000 6000 
3000 6000 
3000 6000 
3000 6000 
3000 6000 
3000 6000 
3000 6000 
3000 6000 
3000 6000 
3000 6000 
3000 6000 
3000 6000 
3000 6000 
3000 6000 
3000 6000 
3000 6000 
3000 6000 
3000 6000 
3000 6000 
3000 6000 
3000 6000 
3000 6000 
3000 6000 
3000 6000 
3000 6000 
3000 6000 
3000 6000 
3000 6000 
3000 6000 
3000 6000 
3000 6000 
3000 6000 
3000 6000 
3000 6000 
3000 6000 
3000 6000 
3000 6000 
3000 6000 
3000 6000 
3000 6000 
3000 6000 
3000 6000 
3000 6000 
3000 6000 
3000 6000 
3000 6000 
3000 6000 
3000 6000 
3000 6000 
3000 6000 
3000 6000 
3000 6000 
3000 6000 
3000 6000 
3000 6000 
3000 6000 
3000 6000 
3000 6000 
3000 6000 
3000 6000 
100 264
1342 2072 2
1294 1952 2
814 2000 2
1140 1883 2
814 2015 4
690 891 2
814 1985 4
814 845 6
1114 1980 2
964 1980 2
964 1975 2
964 1075 2
899 1365 2
695 1365 2
525 914 2
1087 1745 2
1114 2010 8
573 2047 2
317 690 1
397 1114 3
514 604 1
404 524 1
269 375 1
428 1119 2
639 2082 1
262 2082 1
683 2082 1
263 2082 1
473 1270 8
450 1710 2
627 1710 1
553 1119 2
555 914 2
900 1119 2
461 974 6
478 1180 4
578 1394 2
484 1600 3
497 1647 2
497 1599 2
484 902 6
399 1391 2
384 1235 2
404 1168 2
396 1145 2
569 1295 2
569 1202 4
579 1832 1
505 1012 2
498 1012 2
468 1665 6
568 944 2
573 1154 6
573 1146 4
575 1290 4
473 1290 2
475 1597 2
729 1602 1
634 985 2
575 936 6
490 1845 2
513 1845 4
434 584 2
679 1697 1
262 1697 1
598 2120 6
598 2115 2
598 988 4
275 573 1
603 1124 2
603 724 2
603 924 2
444 1325 3
473 954 6
639 754 3
403 1295 2
403 1315 2
488 1632 8
506 1665 2
506 1632 2
680 2016 1
600 1331 2
680 982 1
701 935 4
680 854 1
780 1206 1
375 795 4
423 1150 4
400 1160 2
403 1140 2
385 1446 2
914 1386 4
359 975 2
553 933 2
481 928 2
538 1798 2
641 1444 2
388 740 6
311 1243 2
556 1278 2
3000 6000 
3000 6000 
3000 6000 
3000 6000 
3000 6000 
3000 6000 
3000 6000 
3000 6000 
3000 6000 
3000 6000 
3000 6000 
3000 6000 
3000 6000 
3000 6000 
3000 6000 
3000 6000 
3000 6000 
3000 6000 
3000 6000 
3000 6000 
3000 6000 
3000 6000 
3000 6000 
3000 6000 
3000 6000 
3000 6000 
3000 6000 
3000 6000 
3000 6000 
3000 6000 
3000 6000 
3000 6000 
3000 6000 
3000 6000 
3000 6000 
3000 6000 
3000 6000 
3000 6000 
3000 6000 
3000 6000 
3000 6000 
3000 6000 
3000 6000 
3000 6000 
3000 6000 
3000 6000 
3000 6000 
3000 6000 
3000 6000 
3000 6000 
3000 6000 
3000 6000 
3000 6000 
3000 6000 
3000 6000 
3000 6000 
3000 6000 
3000 6000 
3000 6000 
3000 6000 
3000 6000 
3000 6000 
3000 6000 
3000 6000 
3000 6000 
3000 6000 
3000 6000 
3000 6000 
3000 6000 
3000 6000 
3000 6000 
3000 6000 
3000 6000 
3000 6000 
3000 6000 
3000 6000 
3000 6000 
3000 6000 
3000 6000 
3000 6000 
3000 6000 
3000 6000 
3000 6000 
3000 6000 
3000 6000 
3000 6000 
3000 6000 
3000 6000 
3000 6000 
3000 6000 
3000 6000 
3000 6000 
3000 6000 
3000 6000 
3000 6000 
3000 6000 
3000 6000 
3000 6000 
3000 6000 
3000 6000 
3000 6000 
3000 6000 
3000 6000 
3000 6000 
3000 6000 
3000 6000 
3000 6000 
3000 6000 
3000 6000 
3000 6000 
3000 6000 
3000 6000 
3000 6000 
3000 6000 
3000 6000 
3000 6000 
3000 6000 
3000 6000 
3000 6000 
3000 6000 
3000 6000 
3000 6000 
3000 6000 
3000 6000 
3000 6000 
3000 6000 
3000 6000 
3000 6000 
3000 6000 
3000 6000 
3000 6000 
3000 6000 
3000 6000 
3000 6000 
3000 6000 
3000 6000 
3000 6000 
3000 6000 
3000 6000 
3000 6000 
3000 6000 
3000 6000 
3000 6000 
3000 6000 
3000 6000 
3000 6000 
3000 6000 
3000 6000 
3000 6000 
3000 6000 
3000 6000 
3000 6000 
3000 6000 
3000 6000 
3000 6000 
3000 6000 
3000 6000 
3000 6000 
3000 6000 
3000 6000 
3000 6000 
3000 6000 
3000 6000 
3000 6000 
3000 6000 
3000 6000 
3000 6000 
3000 6000 
3000 6000 
3000 6000 
3000 6000 
3000 6000 
3000 6000 
3000 6000 
3000 6000 
3000 6000 
3000 6000 
3000 6000 
3000 6000 
3000 6000 
3000 6000 
3000 6000 
3000 6000 
3000 6000 
3000 6000 
3000 6000 
3000 6000 
3000 6000 
3000 6000 
3000 6000 
3000 6000 
3000 6000 
3000 6000 
3000 6000 
3000 6000 
3000 6000 
3000 6000 
3000 6000 
3000 6000 
3000 6000 
3000 6000 
3000 6000 
3000 6000 
3000 6000 
3000 6000 
3000 6000 
3000 6000 
3000 6000 
3000 6000 
3000 6000 
3000 6000 
3000 6000 
3000 6000 
3000 6000 
3000 6000 
3000 6000 
3000 6000 
3000 6000 
3000 6000 
3000 6000 
3000 6000 
3000 6000 
3000 6000 
3000 6000 
3000 6000 
3000 6000 
3000 6000 
3000 6000 
3000 6000 
3000 6000 
3000 6000 
3000 6000 
3000 6000 
3000 6000 
3000 6000 
3000 6000 
3000 6000 
3000 6000 
3000 6000 
3000 6000 
3000 6000 
3000 6000 
3000 6000 
3000 6000 
3000 6000 
3000 6000 
3000 6000 
3000 6000 
3000 6000 
3000 6000 
3000 6000 
3000 6000 
3000 6000 
3000 6000 
3000 6000 
3000 6000 
3000 6000 
3000 6000 
3000 6000 
3000 6000 
3000 6000 
3000 6000 
3000 6000 
3000 6000 
