10
100 261
817 1013 4
1017 1966 6
817 931 4
917 2003 2
722 1973 2
1287 1943 3
1012 1123 2
1122 2008 8
722 2008 2
622 873 6
822 2008 2
949 1998 2
949 2013 2
840 1843 1
922 2009 4
822 2009 2
713 987 1
422 713 2
1140 1943 1
1251 2013 1
1149 1978 2
1122 1978 2
1322 1978 2
877 1978 3
949 1908 2
922 1873 2
907 1808 2
1322 1873 2
673 722 2
814 1975 4
1114 1945 4
814 1945 6
814 825 2
964 1945 6
809 1145 2
746 952 8
1006 2122 2
581 2132 2
751 1852 2
1261 1822 2
867 1845 2
859 1850 2
847 1110 2
1004 1907 2
886 1024 2
714 940 2
474 917 2
567 1044 2
652 936 2
1086 1767 2
1446 2072 2
1407 2072 2
1403 2072 2
1342 2072 2
1294 1952 2
814 2000 2
1140 1883 2
814 2015 4
690 891 2
814 1985 4
814 845 6
1114 1980 2
964 1980 2
964 1975 2
964 1075 2
899 1365 2
695 1365 2
525 914 2
1087 1745 2
1114 2010 8
573 2047 2
317 690 1
397 1114 3
514 604 1
404 524 1
269 375 1
428 1119 2
639 2082 1
262 2082 1
683 2082 1
263 2082 1
473 1270 8
450 1710 2
627 1710 1
553 1119 2
555 914 2
900 1119 2
461 974 6
478 1180 4
578 1394 2
484 1600 3
497 1647 2
497 1599 2
484 902 6
399 1391 2
384 1235 2
404 1168 2
396 1145 2
569 1295 2
569 1202 4
3000 6000 
3000 6000 
3000 6000 
3000 6000 
3000 6000 
3000 6000 
3000 6000 
3000 6000 
3000 6000 
3000 6000 
3000 6000 
3000 6000 
3000 6000 
3000 6000 
3000 6000 
3000 6000 
3000 6000 
3000 6000 
3000 6000 
3000 6000 
3000 6000 
3000 6000 
3000 6000 
3000 6000 
3000 6000 
3000 6000 
3000 6000 
3000 6000 
3000 6000 
3000 6000 
3000 6000 
3000 6000 
3000 6000 
3000 6000 
3000 6000 
3000 6000 
3000 6000 
3000 6000 
3000 6000 
3000 6000 
3000 6000 
3000 6000 
3000 6000 
3000 6000 
3000 6000 
3000 6000 
3000 6000 
3000 6000 
3000 6000 
3000 6000 
3000 6000 
3000 6000 
3000 6000 
3000 6000 
3000 6000 
3000 6000 
3000 6000 
3000 6000 
3000 6000 
3000 6000 
3000 6000 
3000 6000 
3000 6000 
3000 6000 
3000 6000 
3000 6000 
3000 6000 
3000 6000 
3000 6000 
3000 6000 
3000 6000 
3000 6000 
3000 6000 
3000 6000 
3000 6000 
3000 6000 
3000 6000 
3000 6000 
3000 6000 
3000 6000 
3000 6000 
3000 6000 
3000 6000 
3000 6000 
3000 6000 
3000 6000 
3000 6000 
3000 6000 
3000 6000 
3000 6000 
3000 6000 
3000 6000 
3000 6000 
3000 6000 
3000 6000 
3000 6000 
3000 6000 
3000 6000 
3000 6000 
3000 6000 
3000 6000 
3000 6000 
3000 6000 
3000 6000 
3000 6000 
3000 6000 
3000 6000 
3000 6000 
3000 6000 
3000 6000 
3000 6000 
3000 6000 
3000 6000 
3000 6000 
3000 6000 
3000 6000 
3000 6000 
3000 6000 
3000 6000 
3000 6000 
3000 6000 
3000 6000 
3000 6000 
3000 6000 
3000 6000 
3000 6000 
3000 6000 
3000 6000 
3000 6000 
3000 6000 
3000 6000 
3000 6000 
3000 6000 
3000 6000 
3000 6000 
3000 6000 
3000 6000 
3000 6000 
3000 6000 
3000 6000 
3000 6000 
3000 6000 
3000 6000 
3000 6000 
3000 6000 
3000 6000 
3000 6000 
3000 6000 
3000 6000 
3000 6000 
3000 6000 
3000 6000 
3000 6000 
3000 6000 
3000 6000 
3000 6000 
3000 6000 
3000 6000 
3000 6000 
3000 6000 
3000 6000 
3000 6000 
3000 6000 
3000 6000 
3000 6000 
3000 6000 
3000 6000 
3000 6000 
3000 6000 
3000 6000 
3000 6000 
3000 6000 
3000 6000 
3000 6000 
3000 6000 
3000 6000 
3000 6000 
3000 6000 
3000 6000 
3000 6000 
3000 6000 
3000 6000 
3000 6000 
3000 6000 
3000 6000 
3000 6000 
3000 6000 
3000 6000 
3000 6000 
3000 6000 
3000 6000 
3000 6000 
3000 6000 
3000 6000 
3000 6000 
3000 6000 
3000 6000 
3000 6000 
3000 6000 
3000 6000 
3000 6000 
3000 6000 
3000 6000 
3000 6000 
3000 6000 
3000 6000 
3000 6000 
3000 6000 
3000 6000 
3000 6000 
3000 6000 
3000 6000 
3000 6000 
3000 6000 
3000 6000 
3000 6000 
3000 6000 
3000 6000 
3000 6000 
3000 6000 
3000 6000 
3000 6000 
3000 6000 
3000 6000 
3000 6000 
3000 6000 
3000 6000 
3000 6000 
3000 6000 
3000 6000 
3000 6000 
3000 6000 
3000 6000 
3000 6000 
3000 6000 
3000 6000 
3000 6000 
3000 6000 
3000 6000 
3000 6000 
3000 6000 
3000 6000 
3000 6000 
3000 6000 
3000 6000 
3000 6000 
3000 6000 
3000 6000 
3000 6000 
3000 6000 
3000 6000 
3000 6000 
3000 6000 
3000 6000 
3000 6000 
3000 6000 
3000 6000 
3000 6000 
3000 6000 
3000 6000 
3000 6000 
100 238
261 1277 2
488 1532 2
378 1532 2
478 1242 2
418 1798 6
416 1792 2
453 1240 2
544 1174 2
453 1174 4
455 1102 3
453 822 2
544 756 2
453 756 4
317 1183 2
397 1053 1
549 967 1
506 939 4
482 1808 1
575 1998 2
575 1865 2
564 1188 1
564 1102 2
584 1153 1
290 392 1
618 1230 1
738 1017 2
719 1047 2
453 1122 2
590 1147 1
453 1147 2
520 1744 2
479 1168 4
479 818 2
571 1110 2
571 1105 2
589 1533 1
498 832 2
630 805 3
382 1940 4
426 1122 2
558 1147 2
353 1192 4
638 1066 1
538 942 2
431 1583 4
377 1066 4
377 866 4
238 566 2
437 823 2
266 1038 1
475 1718 2
667 1801 1
487 1393 1
743 1692 1
718 1073 1
818 1062 2
312 1133 2
513 656 1
510 658 1
404 843 1
592 1045 2
783 1580 10
843 893 1
1715 2140 4
1715 2115 4
1756 2117 1
1756 2017 3
857 2117 2
836 2012 2
567 1956 5
700 1605 4
497 1080 2
1158 1962 2
902 1485 2
682 902 2
685 2045 2
1453 2052 3
1036 1852 2
937 1022 2
1092 1962 2
902 1062 2
1156 1882 1
558 1992 2
836 842 2
836 1992 4
537 772 4
937 2022 4
836 2022 2
1035 1290 2
890 1955 2
789 1035 2
589 1955 2
1036 1992 4
537 862 2
677 1515 8
1116 1883 2
1107 1957 4
984 1957 2
836 1092 2
836 1962 2
3000 6000 
3000 6000 
3000 6000 
3000 6000 
3000 6000 
3000 6000 
3000 6000 
3000 6000 
3000 6000 
3000 6000 
3000 6000 
3000 6000 
3000 6000 
3000 6000 
3000 6000 
3000 6000 
3000 6000 
3000 6000 
3000 6000 
3000 6000 
3000 6000 
3000 6000 
3000 6000 
3000 6000 
3000 6000 
3000 6000 
3000 6000 
3000 6000 
3000 6000 
3000 6000 
3000 6000 
3000 6000 
3000 6000 
3000 6000 
3000 6000 
3000 6000 
3000 6000 
3000 6000 
3000 6000 
3000 6000 
3000 6000 
3000 6000 
3000 6000 
3000 6000 
3000 6000 
3000 6000 
3000 6000 
3000 6000 
3000 6000 
3000 6000 
3000 6000 
3000 6000 
3000 6000 
3000 6000 
3000 6000 
3000 6000 
3000 6000 
3000 6000 
3000 6000 
3000 6000 
3000 6000 
3000 6000 
3000 6000 
3000 6000 
3000 6000 
3000 6000 
3000 6000 
3000 6000 
3000 6000 
3000 6000 
3000 6000 
3000 6000 
3000 6000 
3000 6000 
3000 6000 
3000 6000 
3000 6000 
3000 6000 
3000 6000 
3000 6000 
3000 6000 
3000 6000 
3000 6000 
3000 6000 
3000 6000 
3000 6000 
3000 6000 
3000 6000 
3000 6000 
3000 6000 
3000 6000 
3000 6000 
3000 6000 
3000 6000 
3000 6000 
3000 6000 
3000 6000 
3000 6000 
3000 6000 
3000 6000 
3000 6000 
3000 6000 
3000 6000 
3000 6000 
3000 6000 
3000 6000 
3000 6000 
3000 6000 
3000 6000 
3000 6000 
3000 6000 
3000 6000 
3000 6000 
3000 6000 
3000 6000 
3000 6000 
3000 6000 
3000 6000 
3000 6000 
3000 6000 
3000 6000 
3000 6000 
3000 6000 
3000 6000 
3000 6000 
3000 6000 
3000 6000 
3000 6000 
3000 6000 
3000 6000 
3000 6000 
3000 6000 
3000 6000 
3000 6000 
3000 6000 
3000 6000 
3000 6000 
3000 6000 
3000 6000 
3000 6000 
3000 6000 
3000 6000 
3000 6000 
3000 6000 
3000 6000 
3000 6000 
3000 6000 
3000 6000 
3000 6000 
3000 6000 
3000 6000 
3000 6000 
3000 6000 
3000 6000 
3000 6000 
3000 6000 
3000 6000 
3000 6000 
3000 6000 
3000 6000 
3000 6000 
3000 6000 
3000 6000 
3000 6000 
3000 6000 
3000 6000 
3000 6000 
3000 6000 
3000 6000 
3000 6000 
3000 6000 
3000 6000 
3000 6000 
3000 6000 
3000 6000 
3000 6000 
3000 6000 
3000 6000 
3000 6000 
3000 6000 
3000 6000 
3000 6000 
3000 6000 
3000 6000 
3000 6000 
3000 6000 
3000 6000 
3000 6000 
3000 6000 
3000 6000 
3000 6000 
3000 6000 
3000 6000 
3000 6000 
3000 6000 
3000 6000 
3000 6000 
3000 6000 
3000 6000 
3000 6000 
3000 6000 
3000 6000 
3000 6000 
3000 6000 
3000 6000 
3000 6000 
3000 6000 
3000 6000 
3000 6000 
3000 6000 
3000 6000 
3000 6000 
3000 6000 
3000 6000 
3000 6000 
3000 6000 
3000 6000 
3000 6000 
3000 6000 
3000 6000 
3000 6000 
3000 6000 
3000 6000 
3000 6000 
3000 6000 
3000 6000 
3000 6000 
3000 6000 
3000 6000 
3000 6000 
3000 6000 
3000 6000 
3000 6000 
3000 6000 
3000 6000 
3000 6000 
3000 6000 
3000 6000 
100 250
680 1800 3
690 1310 4
1263 2521 4
980 2521 4
824 1704 2
1234 1434 1
958 1115 1
713 1388 1
700 880 1
1450 1985 2
814 917 2
510 1956 1
725 1170 1
832 1278 2
332 542 1
389 955 2
489 1125 2
488 1055 1
362 972 1
569 1876 1
663 1040 1
699 1570 1
659 1570 1
725 1949 1
624 1217 1
456 1176 6
244 1279 1
367 1117 1
416 1491 2
414 1236 2
271 1407 2
347 1325 2
474 1270 3
424 1270 3
610 890 1
640 880 1
556 1366 4
480 850 1
788 1604 1
504 668 2
702 1517 1
491 970 3
484 570 3
542 560 2
544 1890 2
619 1279 1
467 1850 2
397 514 2
800 1327 1
527 1317 1
597 1312 2
628 794 1
283 1194 1
628 1930 1
399 1646 4
768 991 2
768 990 1
486 2105 10
392 1141 10
999 1236 1
816 2106 1
580 1236 6
422 1278 3
673 2045 1
650 1331 2
650 1321 10
650 831 2
1337 1962 2
1236 1962 2
1036 1962 2
412 737 2
858 2067 2
1057 1947 1
1436 2012 2
1137 1998 2
937 1062 2
857 1962 1
836 1998 12
762 937 2
436 672 2
937 1992 8
716 1992 4
1036 1998 2
1137 2048 2
367 392 8
1080 1945 2
782 1945 2
782 1935 2
726 1760 4
940 2000 2
1285 2085 6
1085 2085 2
1021 2062 4
714 972 2
704 2062 2
1137 2062 4
937 2062 2
937 962 2
737 762 2
1117 1931 4
3000 6000 
3000 6000 
3000 6000 
3000 6000 
3000 6000 
3000 6000 
3000 6000 
3000 6000 
3000 6000 
3000 6000 
3000 6000 
3000 6000 
3000 6000 
3000 6000 
3000 6000 
3000 6000 
3000 6000 
3000 6000 
3000 6000 
3000 6000 
3000 6000 
3000 6000 
3000 6000 
3000 6000 
3000 6000 
3000 6000 
3000 6000 
3000 6000 
3000 6000 
3000 6000 
3000 6000 
3000 6000 
3000 6000 
3000 6000 
3000 6000 
3000 6000 
3000 6000 
3000 6000 
3000 6000 
3000 6000 
3000 6000 
3000 6000 
3000 6000 
3000 6000 
3000 6000 
3000 6000 
3000 6000 
3000 6000 
3000 6000 
3000 6000 
3000 6000 
3000 6000 
3000 6000 
3000 6000 
3000 6000 
3000 6000 
3000 6000 
3000 6000 
3000 6000 
3000 6000 
3000 6000 
3000 6000 
3000 6000 
3000 6000 
3000 6000 
3000 6000 
3000 6000 
3000 6000 
3000 6000 
3000 6000 
3000 6000 
3000 6000 
3000 6000 
3000 6000 
3000 6000 
3000 6000 
3000 6000 
3000 6000 
3000 6000 
3000 6000 
3000 6000 
3000 6000 
3000 6000 
3000 6000 
3000 6000 
3000 6000 
3000 6000 
3000 6000 
3000 6000 
3000 6000 
3000 6000 
3000 6000 
3000 6000 
3000 6000 
3000 6000 
3000 6000 
3000 6000 
3000 6000 
3000 6000 
3000 6000 
3000 6000 
3000 6000 
3000 6000 
3000 6000 
3000 6000 
3000 6000 
3000 6000 
3000 6000 
3000 6000 
3000 6000 
3000 6000 
3000 6000 
3000 6000 
3000 6000 
3000 6000 
3000 6000 
3000 6000 
3000 6000 
3000 6000 
3000 6000 
3000 6000 
3000 6000 
3000 6000 
3000 6000 
3000 6000 
3000 6000 
3000 6000 
3000 6000 
3000 6000 
3000 6000 
3000 6000 
3000 6000 
3000 6000 
3000 6000 
3000 6000 
3000 6000 
3000 6000 
3000 6000 
3000 6000 
3000 6000 
3000 6000 
3000 6000 
3000 6000 
3000 6000 
3000 6000 
3000 6000 
3000 6000 
3000 6000 
3000 6000 
3000 6000 
3000 6000 
3000 6000 
3000 6000 
3000 6000 
3000 6000 
3000 6000 
3000 6000 
3000 6000 
3000 6000 
3000 6000 
3000 6000 
3000 6000 
3000 6000 
3000 6000 
3000 6000 
3000 6000 
3000 6000 
3000 6000 
3000 6000 
3000 6000 
3000 6000 
3000 6000 
3000 6000 
3000 6000 
3000 6000 
3000 6000 
3000 6000 
3000 6000 
3000 6000 
3000 6000 
3000 6000 
3000 6000 
3000 6000 
3000 6000 
3000 6000 
3000 6000 
3000 6000 
3000 6000 
3000 6000 
3000 6000 
3000 6000 
3000 6000 
3000 6000 
3000 6000 
3000 6000 
3000 6000 
3000 6000 
3000 6000 
3000 6000 
3000 6000 
3000 6000 
3000 6000 
3000 6000 
3000 6000 
3000 6000 
3000 6000 
3000 6000 
3000 6000 
3000 6000 
3000 6000 
3000 6000 
3000 6000 
3000 6000 
3000 6000 
3000 6000 
3000 6000 
3000 6000 
3000 6000 
3000 6000 
3000 6000 
3000 6000 
3000 6000 
3000 6000 
3000 6000 
3000 6000 
3000 6000 
3000 6000 
3000 6000 
3000 6000 
3000 6000 
3000 6000 
3000 6000 
3000 6000 
3000 6000 
3000 6000 
3000 6000 
3000 6000 
3000 6000 
3000 6000 
3000 6000 
3000 6000 
3000 6000 
3000 6000 
3000 6000 
3000 6000 
3000 6000 
3000 6000 
3000 6000 
3000 6000 
3000 6000 
100 321
1609 2064 3
545 1000 3
469 1330 4
702 1334 2
464 884 2
464 854 1
451 1170 14
400 770 1
391 1727 2
844 1202 1
802 1044 1
540 2038 2
658 2092 4
378 1747 2
409 1440 1
272 1452 1
788 1452 1
481 1467 4
481 493 4
483 840 2
623 1130 3
465 1537 1
530 1537 1
379 2033 2
629 1983 2
415 1675 2
579 1925 3
488 1427 4
488 543 4
378 1391 16
1097 1697 2
897 1097 2
1097 1297 2
1097 1897 6
386 1380 2
336 1075 2
522 880 2
458 1175 2
383 790 2
336 895 2
341 690 2
648 883 2
447 1190 2
446 1890 2
376 1608 2
406 1610 2
491 1610 2
321 1613 2
487 1163 6
538 1120 2
415 1091 18
268 636 2
268 608 2
415 1124 30
796 858 1
796 1083 3
415 1111 16
415 1975 2
379 908 2
379 1133 6
616 1592 4
912 2003 4
912 923 2
803 1473 1
808 1493 1
708 988 1
685 2003 1
512 1188 4
718 1233 1
908 2003 2
908 1142 4
888 912 4
564 633 1
708 923 2
908 923 1
708 1023 2
374 803 2
672 1008 2
519 1098 2
527 1188 2
538 888 1
357 1388 4
712 1223 2
923 1708 1
808 923 1
1101 1565 2
1099 2080 2
868 881 2
640 915 3
1002 1069 2
902 1962 4
812 1402 2
802 1962 4
802 812 2
702 1962 12
702 962 2
602 1962 4
428 816 2
832 1601 1
832 1481 2
3000 6000 
3000 6000 
3000 6000 
3000 6000 
3000 6000 
3000 6000 
3000 6000 
3000 6000 
3000 6000 
3000 6000 
3000 6000 
3000 6000 
3000 6000 
3000 6000 
3000 6000 
3000 6000 
3000 6000 
3000 6000 
3000 6000 
3000 6000 
3000 6000 
3000 6000 
3000 6000 
3000 6000 
3000 6000 
3000 6000 
3000 6000 
3000 6000 
3000 6000 
3000 6000 
3000 6000 
3000 6000 
3000 6000 
3000 6000 
3000 6000 
3000 6000 
3000 6000 
3000 6000 
3000 6000 
3000 6000 
3000 6000 
3000 6000 
3000 6000 
3000 6000 
3000 6000 
3000 6000 
3000 6000 
3000 6000 
3000 6000 
3000 6000 
3000 6000 
3000 6000 
3000 6000 
3000 6000 
3000 6000 
3000 6000 
3000 6000 
3000 6000 
3000 6000 
3000 6000 
3000 6000 
3000 6000 
3000 6000 
3000 6000 
3000 6000 
3000 6000 
3000 6000 
3000 6000 
3000 6000 
3000 6000 
3000 6000 
3000 6000 
3000 6000 
3000 6000 
3000 6000 
3000 6000 
3000 6000 
3000 6000 
3000 6000 
3000 6000 
3000 6000 
3000 6000 
3000 6000 
3000 6000 
3000 6000 
3000 6000 
3000 6000 
3000 6000 
3000 6000 
3000 6000 
3000 6000 
3000 6000 
3000 6000 
3000 6000 
3000 6000 
3000 6000 
3000 6000 
3000 6000 
3000 6000 
3000 6000 
3000 6000 
3000 6000 
3000 6000 
3000 6000 
3000 6000 
3000 6000 
3000 6000 
3000 6000 
3000 6000 
3000 6000 
3000 6000 
3000 6000 
3000 6000 
3000 6000 
3000 6000 
3000 6000 
3000 6000 
3000 6000 
3000 6000 
3000 6000 
3000 6000 
3000 6000 
3000 6000 
3000 6000 
3000 6000 
3000 6000 
3000 6000 
3000 6000 
3000 6000 
3000 6000 
3000 6000 
3000 6000 
3000 6000 
3000 6000 
3000 6000 
3000 6000 
3000 6000 
3000 6000 
3000 6000 
3000 6000 
3000 6000 
3000 6000 
3000 6000 
3000 6000 
3000 6000 
3000 6000 
3000 6000 
3000 6000 
3000 6000 
3000 6000 
3000 6000 
3000 6000 
3000 6000 
3000 6000 
3000 6000 
3000 6000 
3000 6000 
3000 6000 
3000 6000 
3000 6000 
3000 6000 
3000 6000 
3000 6000 
3000 6000 
3000 6000 
3000 6000 
3000 6000 
3000 6000 
3000 6000 
3000 6000 
3000 6000 
3000 6000 
3000 6000 
3000 6000 
3000 6000 
3000 6000 
3000 6000 
3000 6000 
3000 6000 
3000 6000 
3000 6000 
3000 6000 
3000 6000 
3000 6000 
3000 6000 
3000 6000 
3000 6000 
3000 6000 
3000 6000 
3000 6000 
3000 6000 
3000 6000 
3000 6000 
3000 6000 
3000 6000 
3000 6000 
3000 6000 
3000 6000 
3000 6000 
3000 6000 
3000 6000 
3000 6000 
3000 6000 
3000 6000 
3000 6000 
3000 6000 
3000 6000 
3000 6000 
3000 6000 
3000 6000 
3000 6000 
3000 6000 
3000 6000 
3000 6000 
3000 6000 
3000 6000 
3000 6000 
3000 6000 
3000 6000 
3000 6000 
3000 6000 
3000 6000 
3000 6000 
3000 6000 
3000 6000 
3000 6000 
3000 6000 
3000 6000 
3000 6000 
3000 6000 
3000 6000 
3000 6000 
3000 6000 
3000 6000 
3000 6000 
3000 6000 
3000 6000 
3000 6000 
3000 6000 
3000 6000 
3000 6000 
3000 6000 
3000 6000 
3000 6000 
3000 6000 
3000 6000 
3000 6000 
3000 6000 
3000 6000 
3000 6000 
3000 6000 
3000 6000 
3000 6000 
3000 6000 
3000 6000 
3000 6000 
3000 6000 
3000 6000 
3000 6000 
3000 6000 
3000 6000 
3000 6000 
3000 6000 
3000 6000 
3000 6000 
3000 6000 
3000 6000 
3000 6000 
3000 6000 
3000 6000 
3000 6000 
3000 6000 
3000 6000 
3000 6000 
3000 6000 
3000 6000 
3000 6000 
3000 6000 
3000 6000 
3000 6000 
3000 6000 
3000 6000 
3000 6000 
3000 6000 
3000 6000 
3000 6000 
3000 6000 
3000 6000 
3000 6000 
3000 6000 
3000 6000 
3000 6000 
3000 6000 
3000 6000 
3000 6000 
3000 6000 
3000 6000 
3000 6000 
3000 6000 
3000 6000 
3000 6000 
3000 6000 
3000 6000 
3000 6000 
3000 6000 
3000 6000 
3000 6000 
3000 6000 
3000 6000 
3000 6000 
3000 6000 
3000 6000 
3000 6000 
3000 6000 
3000 6000 
3000 6000 
3000 6000 
3000 6000 
3000 6000 
3000 6000 
3000 6000 
100 310
844 1202 1
802 1044 1
540 2038 2
658 2092 4
378 1747 2
409 1440 1
272 1452 1
788 1452 1
481 1467 4
481 493 4
483 840 2
623 1130 3
465 1537 1
530 1537 1
379 2033 2
629 1983 2
415 1675 2
579 1925 3
488 1427 4
488 543 4
378 1391 16
1097 1697 2
897 1097 2
1097 1297 2
1097 1897 6
386 1380 2
336 1075 2
522 880 2
458 1175 2
383 790 2
336 895 2
341 690 2
648 883 2
447 1190 2
446 1890 2
376 1608 2
406 1610 2
491 1610 2
321 1613 2
487 1163 6
538 1120 2
415 1091 18
268 636 2
268 608 2
415 1124 30
796 858 1
796 1083 3
415 1111 16
415 1975 2
379 908 2
379 1133 6
616 1592 4
912 2003 4
912 923 2
803 1473 1
808 1493 1
708 988 1
685 2003 1
512 1188 4
718 1233 1
908 2003 2
908 1142 4
888 912 4
564 633 1
708 923 2
908 923 1
708 1023 2
374 803 2
672 1008 2
519 1098 2
527 1188 2
538 888 1
357 1388 4
712 1223 2
923 1708 1
808 923 1
1101 1565 2
1099 2080 2
868 881 2
640 915 3
1002 1069 2
902 1962 4
812 1402 2
802 1962 4
802 812 2
702 1962 12
702 962 2
602 1962 4
428 816 2
832 1601 1
832 1481 2
399 2008 6
399 1608 6
319 1096 1
282 462 3
515 592 1
669 1055 1
447 1347 1
447 705 1
943 1965 1
3000 6000 
3000 6000 
3000 6000 
3000 6000 
3000 6000 
3000 6000 
3000 6000 
3000 6000 
3000 6000 
3000 6000 
3000 6000 
3000 6000 
3000 6000 
3000 6000 
3000 6000 
3000 6000 
3000 6000 
3000 6000 
3000 6000 
3000 6000 
3000 6000 
3000 6000 
3000 6000 
3000 6000 
3000 6000 
3000 6000 
3000 6000 
3000 6000 
3000 6000 
3000 6000 
3000 6000 
3000 6000 
3000 6000 
3000 6000 
3000 6000 
3000 6000 
3000 6000 
3000 6000 
3000 6000 
3000 6000 
3000 6000 
3000 6000 
3000 6000 
3000 6000 
3000 6000 
3000 6000 
3000 6000 
3000 6000 
3000 6000 
3000 6000 
3000 6000 
3000 6000 
3000 6000 
3000 6000 
3000 6000 
3000 6000 
3000 6000 
3000 6000 
3000 6000 
3000 6000 
3000 6000 
3000 6000 
3000 6000 
3000 6000 
3000 6000 
3000 6000 
3000 6000 
3000 6000 
3000 6000 
3000 6000 
3000 6000 
3000 6000 
3000 6000 
3000 6000 
3000 6000 
3000 6000 
3000 6000 
3000 6000 
3000 6000 
3000 6000 
3000 6000 
3000 6000 
3000 6000 
3000 6000 
3000 6000 
3000 6000 
3000 6000 
3000 6000 
3000 6000 
3000 6000 
3000 6000 
3000 6000 
3000 6000 
3000 6000 
3000 6000 
3000 6000 
3000 6000 
3000 6000 
3000 6000 
3000 6000 
3000 6000 
3000 6000 
3000 6000 
3000 6000 
3000 6000 
3000 6000 
3000 6000 
3000 6000 
3000 6000 
3000 6000 
3000 6000 
3000 6000 
3000 6000 
3000 6000 
3000 6000 
3000 6000 
3000 6000 
3000 6000 
3000 6000 
3000 6000 
3000 6000 
3000 6000 
3000 6000 
3000 6000 
3000 6000 
3000 6000 
3000 6000 
3000 6000 
3000 6000 
3000 6000 
3000 6000 
3000 6000 
3000 6000 
3000 6000 
3000 6000 
3000 6000 
3000 6000 
3000 6000 
3000 6000 
3000 6000 
3000 6000 
3000 6000 
3000 6000 
3000 6000 
3000 6000 
3000 6000 
3000 6000 
3000 6000 
3000 6000 
3000 6000 
3000 6000 
3000 6000 
3000 6000 
3000 6000 
3000 6000 
3000 6000 
3000 6000 
3000 6000 
3000 6000 
3000 6000 
3000 6000 
3000 6000 
3000 6000 
3000 6000 
3000 6000 
3000 6000 
3000 6000 
3000 6000 
3000 6000 
3000 6000 
3000 6000 
3000 6000 
3000 6000 
3000 6000 
3000 6000 
3000 6000 
3000 6000 
3000 6000 
3000 6000 
3000 6000 
3000 6000 
3000 6000 
3000 6000 
3000 6000 
3000 6000 
3000 6000 
3000 6000 
3000 6000 
3000 6000 
3000 6000 
3000 6000 
3000 6000 
3000 6000 
3000 6000 
3000 6000 
3000 6000 
3000 6000 
3000 6000 
3000 6000 
3000 6000 
3000 6000 
3000 6000 
3000 6000 
3000 6000 
3000 6000 
3000 6000 
3000 6000 
3000 6000 
3000 6000 
3000 6000 
3000 6000 
3000 6000 
3000 6000 
3000 6000 
3000 6000 
3000 6000 
3000 6000 
3000 6000 
3000 6000 
3000 6000 
3000 6000 
3000 6000 
3000 6000 
3000 6000 
3000 6000 
3000 6000 
3000 6000 
3000 6000 
3000 6000 
3000 6000 
3000 6000 
3000 6000 
3000 6000 
3000 6000 
3000 6000 
3000 6000 
3000 6000 
3000 6000 
3000 6000 
3000 6000 
3000 6000 
3000 6000 
3000 6000 
3000 6000 
3000 6000 
3000 6000 
3000 6000 
3000 6000 
3000 6000 
3000 6000 
3000 6000 
3000 6000 
3000 6000 
3000 6000 
3000 6000 
3000 6000 
3000 6000 
3000 6000 
3000 6000 
3000 6000 
3000 6000 
3000 6000 
3000 6000 
3000 6000 
3000 6000 
3000 6000 
3000 6000 
3000 6000 
3000 6000 
3000 6000 
3000 6000 
3000 6000 
3000 6000 
3000 6000 
3000 6000 
3000 6000 
3000 6000 
3000 6000 
3000 6000 
3000 6000 
3000 6000 
3000 6000 
3000 6000 
3000 6000 
3000 6000 
3000 6000 
3000 6000 
3000 6000 
3000 6000 
3000 6000 
3000 6000 
3000 6000 
3000 6000 
3000 6000 
3000 6000 
3000 6000 
3000 6000 
3000 6000 
3000 6000 
3000 6000 
3000 6000 
3000 6000 
3000 6000 
3000 6000 
3000 6000 
3000 6000 
3000 6000 
3000 6000 
3000 6000 
3000 6000 
100 214
408 1006 2
507 1188 2
501 788 2
501 588 1
493 608 1
447 1928 2
407 1088 2
301 588 1
516 716 1
586 1563 2
551 1121 2
551 1021 6
676 848 2
760 1060 2
722 1927 1
700 977 1
727 1841 1
326 848 1
766 1167 1
766 1067 1
766 1043 1
727 1767 1
840 2040 1
737 1667 1
700 1326 1
760 1160 1
666 1977 1
673 2125 1
814 1332 1
814 1262 1
740 962 1
798 852 1
463 1701 1
1122 1843 1
833 1009 1
722 1993 1
703 1901 1
658 1882 1
594 1063 1
910 1944 1
483 2009 1
587 1057 4
487 956 2
360 986 1
688 1762 2
289 1762 2
405 713 1
552 1762 1
697 1357 1
448 1016 4
463 937 4
433 1737 2
433 1107 2
499 1227 9
488 1997 2
598 1102 8
602 906 2
302 687 1
612 1894 1
309 1358 2
299 1088 2
269 1108 2
257 1113 4
461 561 5
461 553 2
413 2431 1
510 510 1
333 1422 2
283 1422 2
357 1573 2
628 952 1
542 1272 8
243 432 1
639 1958 1
259 1958 1
444 1923 2
444 1007 6
378 712 3
592 1232 1
352 1323 2
346 1712 2
273 1133 1
349 1227 2
411 1679 6
647 733 2
549 1253 4
314 983 2
457 1887 3
454 1887 4
454 1098 6
347 1278 2
334 1388 2
334 1283 2
277 1198 2
342 1003 2
591 1203 1
327 1353 6
324 1353 6
319 1353 2
375 565 2
3000 6000 
3000 6000 
3000 6000 
3000 6000 
3000 6000 
3000 6000 
3000 6000 
3000 6000 
3000 6000 
3000 6000 
3000 6000 
3000 6000 
3000 6000 
3000 6000 
3000 6000 
3000 6000 
3000 6000 
3000 6000 
3000 6000 
3000 6000 
3000 6000 
3000 6000 
3000 6000 
3000 6000 
3000 6000 
3000 6000 
3000 6000 
3000 6000 
3000 6000 
3000 6000 
3000 6000 
3000 6000 
3000 6000 
3000 6000 
3000 6000 
3000 6000 
3000 6000 
3000 6000 
3000 6000 
3000 6000 
3000 6000 
3000 6000 
3000 6000 
3000 6000 
3000 6000 
3000 6000 
3000 6000 
3000 6000 
3000 6000 
3000 6000 
3000 6000 
3000 6000 
3000 6000 
3000 6000 
3000 6000 
3000 6000 
3000 6000 
3000 6000 
3000 6000 
3000 6000 
3000 6000 
3000 6000 
3000 6000 
3000 6000 
3000 6000 
3000 6000 
3000 6000 
3000 6000 
3000 6000 
3000 6000 
3000 6000 
3000 6000 
3000 6000 
3000 6000 
3000 6000 
3000 6000 
3000 6000 
3000 6000 
3000 6000 
3000 6000 
3000 6000 
3000 6000 
3000 6000 
3000 6000 
3000 6000 
3000 6000 
3000 6000 
3000 6000 
3000 6000 
3000 6000 
3000 6000 
3000 6000 
3000 6000 
3000 6000 
3000 6000 
3000 6000 
3000 6000 
3000 6000 
3000 6000 
3000 6000 
3000 6000 
3000 6000 
3000 6000 
3000 6000 
3000 6000 
3000 6000 
3000 6000 
3000 6000 
3000 6000 
3000 6000 
3000 6000 
3000 6000 
3000 6000 
3000 6000 
3000 6000 
3000 6000 
3000 6000 
3000 6000 
3000 6000 
3000 6000 
3000 6000 
3000 6000 
3000 6000 
3000 6000 
3000 6000 
3000 6000 
3000 6000 
3000 6000 
3000 6000 
3000 6000 
3000 6000 
3000 6000 
3000 6000 
3000 6000 
3000 6000 
3000 6000 
3000 6000 
3000 6000 
3000 6000 
3000 6000 
3000 6000 
3000 6000 
3000 6000 
3000 6000 
3000 6000 
3000 6000 
3000 6000 
3000 6000 
3000 6000 
3000 6000 
3000 6000 
3000 6000 
3000 6000 
3000 6000 
3000 6000 
3000 6000 
3000 6000 
3000 6000 
3000 6000 
3000 6000 
3000 6000 
3000 6000 
3000 6000 
3000 6000 
3000 6000 
3000 6000 
3000 6000 
3000 6000 
3000 6000 
3000 6000 
3000 6000 
3000 6000 
3000 6000 
3000 6000 
3000 6000 
3000 6000 
3000 6000 
3000 6000 
3000 6000 
3000 6000 
3000 6000 
3000 6000 
3000 6000 
3000 6000 
3000 6000 
3000 6000 
3000 6000 
3000 6000 
3000 6000 
3000 6000 
3000 6000 
3000 6000 
3000 6000 
3000 6000 
3000 6000 
3000 6000 
3000 6000 
3000 6000 
3000 6000 
3000 6000 
3000 6000 
3000 6000 
3000 6000 
3000 6000 
3000 6000 
3000 6000 
3000 6000 
3000 6000 
3000 6000 
3000 6000 
3000 6000 
3000 6000 
3000 6000 
3000 6000 
100 236
455 1102 3
453 822 2
544 756 2
453 756 4
317 1183 2
397 1053 1
549 967 1
506 939 4
482 1808 1
575 1998 2
575 1865 2
564 1188 1
564 1102 2
584 1153 1
290 392 1
618 1230 1
738 1017 2
719 1047 2
453 1122 2
590 1147 1
453 1147 2
520 1744 2
479 1168 4
479 818 2
571 1110 2
571 1105 2
589 1533 1
498 832 2
630 805 3
382 1940 4
426 1122 2
558 1147 2
353 1192 4
638 1066 1
538 942 2
431 1583 4
377 1066 4
377 866 4
238 566 2
437 823 2
266 1038 1
475 1718 2
667 1801 1
487 1393 1
743 1692 1
718 1073 1
818 1062 2
312 1133 2
513 656 1
510 658 1
404 843 1
592 1045 2
783 1580 10
843 893 1
1715 2140 4
1715 2115 4
1756 2117 1
1756 2017 3
857 2117 2
836 2012 2
567 1956 5
700 1605 4
497 1080 2
1158 1962 2
902 1485 2
682 902 2
685 2045 2
1453 2052 3
1036 1852 2
937 1022 2
1092 1962 2
902 1062 2
1156 1882 1
558 1992 2
836 842 2
836 1992 4
537 772 4
937 2022 4
836 2022 2
1035 1290 2
890 1955 2
789 1035 2
589 1955 2
1036 1992 4
537 862 2
677 1515 8
1116 1883 2
1107 1957 4
984 1957 2
836 1092 2
836 1962 2
844 1521 1
751 2141 2
744 931 4
664 2141 2
650 2141 2
644 831 2
638 2183 2
1878 2198 6
741 2032 1
3000 6000 
3000 6000 
3000 6000 
3000 6000 
3000 6000 
3000 6000 
3000 6000 
3000 6000 
3000 6000 
3000 6000 
3000 6000 
3000 6000 
3000 6000 
3000 6000 
3000 6000 
3000 6000 
3000 6000 
3000 6000 
3000 6000 
3000 6000 
3000 6000 
3000 6000 
3000 6000 
3000 6000 
3000 6000 
3000 6000 
3000 6000 
3000 6000 
3000 6000 
3000 6000 
3000 6000 
3000 6000 
3000 6000 
3000 6000 
3000 6000 
3000 6000 
3000 6000 
3000 6000 
3000 6000 
3000 6000 
3000 6000 
3000 6000 
3000 6000 
3000 6000 
3000 6000 
3000 6000 
3000 6000 
3000 6000 
3000 6000 
3000 6000 
3000 6000 
3000 6000 
3000 6000 
3000 6000 
3000 6000 
3000 6000 
3000 6000 
3000 6000 
3000 6000 
3000 6000 
3000 6000 
3000 6000 
3000 6000 
3000 6000 
3000 6000 
3000 6000 
3000 6000 
3000 6000 
3000 6000 
3000 6000 
3000 6000 
3000 6000 
3000 6000 
3000 6000 
3000 6000 
3000 6000 
3000 6000 
3000 6000 
3000 6000 
3000 6000 
3000 6000 
3000 6000 
3000 6000 
3000 6000 
3000 6000 
3000 6000 
3000 6000 
3000 6000 
3000 6000 
3000 6000 
3000 6000 
3000 6000 
3000 6000 
3000 6000 
3000 6000 
3000 6000 
3000 6000 
3000 6000 
3000 6000 
3000 6000 
3000 6000 
3000 6000 
3000 6000 
3000 6000 
3000 6000 
3000 6000 
3000 6000 
3000 6000 
3000 6000 
3000 6000 
3000 6000 
3000 6000 
3000 6000 
3000 6000 
3000 6000 
3000 6000 
3000 6000 
3000 6000 
3000 6000 
3000 6000 
3000 6000 
3000 6000 
3000 6000 
3000 6000 
3000 6000 
3000 6000 
3000 6000 
3000 6000 
3000 6000 
3000 6000 
3000 6000 
3000 6000 
3000 6000 
3000 6000 
3000 6000 
3000 6000 
3000 6000 
3000 6000 
3000 6000 
3000 6000 
3000 6000 
3000 6000 
3000 6000 
3000 6000 
3000 6000 
3000 6000 
3000 6000 
3000 6000 
3000 6000 
3000 6000 
3000 6000 
3000 6000 
3000 6000 
3000 6000 
3000 6000 
3000 6000 
3000 6000 
3000 6000 
3000 6000 
3000 6000 
3000 6000 
3000 6000 
3000 6000 
3000 6000 
3000 6000 
3000 6000 
3000 6000 
3000 6000 
3000 6000 
3000 6000 
3000 6000 
3000 6000 
3000 6000 
3000 6000 
3000 6000 
3000 6000 
3000 6000 
3000 6000 
3000 6000 
3000 6000 
3000 6000 
3000 6000 
3000 6000 
3000 6000 
3000 6000 
3000 6000 
3000 6000 
3000 6000 
3000 6000 
3000 6000 
3000 6000 
3000 6000 
3000 6000 
3000 6000 
3000 6000 
3000 6000 
3000 6000 
3000 6000 
3000 6000 
3000 6000 
3000 6000 
3000 6000 
3000 6000 
3000 6000 
3000 6000 
3000 6000 
3000 6000 
3000 6000 
3000 6000 
3000 6000 
3000 6000 
3000 6000 
3000 6000 
3000 6000 
3000 6000 
3000 6000 
3000 6000 
3000 6000 
3000 6000 
3000 6000 
3000 6000 
3000 6000 
3000 6000 
3000 6000 
3000 6000 
3000 6000 
3000 6000 
3000 6000 
3000 6000 
3000 6000 
3000 6000 
3000 6000 
3000 6000 
3000 6000 
3000 6000 
3000 6000 
100 316
816 2106 1
580 1236 6
422 1278 3
673 2045 1
650 1331 2
650 1321 10
650 831 2
1337 1962 2
1236 1962 2
1036 1962 2
412 737 2
858 2067 2
1057 1947 1
1436 2012 2
1137 1998 2
937 1062 2
857 1962 1
836 1998 12
762 937 2
436 672 2
937 1992 8
716 1992 4
1036 1998 2
1137 2048 2
367 392 8
1080 1945 2
782 1945 2
782 1935 2
726 1760 4
940 2000 2
1285 2085 6
1085 2085 2
1021 2062 4
714 972 2
704 2062 2
1137 2062 4
937 2062 2
937 962 2
737 762 2
1117 1931 4
831 1117 2
731 1117 4
517 731 2
1017 1931 2
717 1931 6
1417 1931 2
1417 1963 2
553 682 2
1253 1290 8
1140 1253 6
990 1253 34
577 583 2
563 582 2
985 1078 4
823 995 2
403 950 4
355 1048 2
1340 1883 1
977 1883 4
740 1883 1
722 1943 6
922 1978 2
722 843 2
943 1878 3
643 1022 4
843 1973 3
840 1973 1
791 1973 4
743 941 2
1122 1878 2
822 1983 2
722 1983 2
522 843 8
922 2008 4
1449 2008 2
840 2008 1
1040 1963 1
778 2048 2
922 1973 4
643 722 2
1064 1342 2
731 1982 2
671 982 2
661 1092 2
1172 1286 2
729 2072 2
1191 1312 2
916 1312 2
916 2012 2
621 1062 2
609 1062 2
586 2012 4
946 1942 2
580 1037 2
959 1934 2
611 852 2
866 2092 2
817 956 2
817 914 2
721 817 2
3000 6000 
3000 6000 
3000 6000 
3000 6000 
3000 6000 
3000 6000 
3000 6000 
3000 6000 
3000 6000 
3000 6000 
3000 6000 
3000 6000 
3000 6000 
3000 6000 
3000 6000 
3000 6000 
3000 6000 
3000 6000 
3000 6000 
3000 6000 
3000 6000 
3000 6000 
3000 6000 
3000 6000 
3000 6000 
3000 6000 
3000 6000 
3000 6000 
3000 6000 
3000 6000 
3000 6000 
3000 6000 
3000 6000 
3000 6000 
3000 6000 
3000 6000 
3000 6000 
3000 6000 
3000 6000 
3000 6000 
3000 6000 
3000 6000 
3000 6000 
3000 6000 
3000 6000 
3000 6000 
3000 6000 
3000 6000 
3000 6000 
3000 6000 
3000 6000 
3000 6000 
3000 6000 
3000 6000 
3000 6000 
3000 6000 
3000 6000 
3000 6000 
3000 6000 
3000 6000 
3000 6000 
3000 6000 
3000 6000 
3000 6000 
3000 6000 
3000 6000 
3000 6000 
3000 6000 
3000 6000 
3000 6000 
3000 6000 
3000 6000 
3000 6000 
3000 6000 
3000 6000 
3000 6000 
3000 6000 
3000 6000 
3000 6000 
3000 6000 
3000 6000 
3000 6000 
3000 6000 
3000 6000 
3000 6000 
3000 6000 
3000 6000 
3000 6000 
3000 6000 
3000 6000 
3000 6000 
3000 6000 
3000 6000 
3000 6000 
3000 6000 
3000 6000 
3000 6000 
3000 6000 
3000 6000 
3000 6000 
3000 6000 
3000 6000 
3000 6000 
3000 6000 
3000 6000 
3000 6000 
3000 6000 
3000 6000 
3000 6000 
3000 6000 
3000 6000 
3000 6000 
3000 6000 
3000 6000 
3000 6000 
3000 6000 
3000 6000 
3000 6000 
3000 6000 
3000 6000 
3000 6000 
3000 6000 
3000 6000 
3000 6000 
3000 6000 
3000 6000 
3000 6000 
3000 6000 
3000 6000 
3000 6000 
3000 6000 
3000 6000 
3000 6000 
3000 6000 
3000 6000 
3000 6000 
3000 6000 
3000 6000 
3000 6000 
3000 6000 
3000 6000 
3000 6000 
3000 6000 
3000 6000 
3000 6000 
3000 6000 
3000 6000 
3000 6000 
3000 6000 
3000 6000 
3000 6000 
3000 6000 
3000 6000 
3000 6000 
3000 6000 
3000 6000 
3000 6000 
3000 6000 
3000 6000 
3000 6000 
3000 6000 
3000 6000 
3000 6000 
3000 6000 
3000 6000 
3000 6000 
3000 6000 
3000 6000 
3000 6000 
3000 6000 
3000 6000 
3000 6000 
3000 6000 
3000 6000 
3000 6000 
3000 6000 
3000 6000 
3000 6000 
3000 6000 
3000 6000 
3000 6000 
3000 6000 
3000 6000 
3000 6000 
3000 6000 
3000 6000 
3000 6000 
3000 6000 
3000 6000 
3000 6000 
3000 6000 
3000 6000 
3000 6000 
3000 6000 
3000 6000 
3000 6000 
3000 6000 
3000 6000 
3000 6000 
3000 6000 
3000 6000 
3000 6000 
3000 6000 
3000 6000 
3000 6000 
3000 6000 
3000 6000 
3000 6000 
3000 6000 
3000 6000 
3000 6000 
3000 6000 
3000 6000 
3000 6000 
3000 6000 
3000 6000 
3000 6000 
3000 6000 
3000 6000 
3000 6000 
3000 6000 
3000 6000 
3000 6000 
3000 6000 
3000 6000 
3000 6000 
3000 6000 
3000 6000 
3000 6000 
3000 6000 
3000 6000 
3000 6000 
3000 6000 
3000 6000 
3000 6000 
3000 6000 
3000 6000 
3000 6000 
3000 6000 
3000 6000 
3000 6000 
3000 6000 
3000 6000 
3000 6000 
3000 6000 
3000 6000 
3000 6000 
3000 6000 
3000 6000 
3000 6000 
3000 6000 
3000 6000 
3000 6000 
3000 6000 
3000 6000 
3000 6000 
3000 6000 
3000 6000 
3000 6000 
3000 6000 
3000 6000 
3000 6000 
3000 6000 
3000 6000 
3000 6000 
3000 6000 
3000 6000 
3000 6000 
3000 6000 
3000 6000 
3000 6000 
3000 6000 
3000 6000 
3000 6000 
3000 6000 
3000 6000 
3000 6000 
3000 6000 
3000 6000 
3000 6000 
3000 6000 
3000 6000 
3000 6000 
3000 6000 
3000 6000 
3000 6000 
3000 6000 
3000 6000 
3000 6000 
3000 6000 
3000 6000 
3000 6000 
3000 6000 
3000 6000 
3000 6000 
3000 6000 
3000 6000 
3000 6000 
3000 6000 
3000 6000 
3000 6000 
3000 6000 
3000 6000 
3000 6000 
3000 6000 
3000 6000 
3000 6000 
3000 6000 
3000 6000 
3000 6000 
3000 6000 
3000 6000 
3000 6000 
3000 6000 
3000 6000 
3000 6000 
100 261
740 1883 1
722 1943 6
922 1978 2
722 843 2
943 1878 3
643 1022 4
843 1973 3
840 1973 1
791 1973 4
743 941 2
1122 1878 2
822 1983 2
722 1983 2
522 843 8
922 2008 4
1449 2008 2
840 2008 1
1040 1963 1
778 2048 2
922 1973 4
643 722 2
1064 1342 2
731 1982 2
671 982 2
661 1092 2
1172 1286 2
729 2072 2
1191 1312 2
916 1312 2
916 2012 2
621 1062 2
609 1062 2
586 2012 4
946 1942 2
580 1037 2
959 1934 2
611 852 2
866 2092 2
817 956 2
817 914 2
721 817 2
971 1762 2
916 1992 2
784 1937 2
774 1897 2
589 1947 2
591 787 2
686 872 2
1126 1342 2
1071 1317 2
766 1927 2
714 1990 8
614 1990 16
823 1321 1
774 1916 1
783 953 2
783 952 1
764 2076 1
605 2002 4
702 1098 2
702 1029 1
870 1104 1
733 1632 1
492 713 2
549 1103 2
498 1161 2
395 1186 2
902 1133 2
791 1906 1
711 1804 1
639 1020 2
639 1049 1
758 1094 2
758 844 2
944 1898 2
644 2058 2
944 1998 12
744 858 6
644 858 4
844 1988 2
844 1958 8
658 744 2
744 1858 2
458 944 4
458 1444 2
1156 1996 1
1155 1996 1
1144 1958 6
1124 1961 5
1123 1961 5
875 1972 4
877 1972 2
608 946 2
875 1893 2
877 1893 1
875 1856 2
877 1856 1
985 2108 2
987 2108 1
985 1071 2
3000 6000 
3000 6000 
3000 6000 
3000 6000 
3000 6000 
3000 6000 
3000 6000 
3000 6000 
3000 6000 
3000 6000 
3000 6000 
3000 6000 
3000 6000 
3000 6000 
3000 6000 
3000 6000 
3000 6000 
3000 6000 
3000 6000 
3000 6000 
3000 6000 
3000 6000 
3000 6000 
3000 6000 
3000 6000 
3000 6000 
3000 6000 
3000 6000 
3000 6000 
3000 6000 
3000 6000 
3000 6000 
3000 6000 
3000 6000 
3000 6000 
3000 6000 
3000 6000 
3000 6000 
3000 6000 
3000 6000 
3000 6000 
3000 6000 
3000 6000 
3000 6000 
3000 6000 
3000 6000 
3000 6000 
3000 6000 
3000 6000 
3000 6000 
3000 6000 
3000 6000 
3000 6000 
3000 6000 
3000 6000 
3000 6000 
3000 6000 
3000 6000 
3000 6000 
3000 6000 
3000 6000 
3000 6000 
3000 6000 
3000 6000 
3000 6000 
3000 6000 
3000 6000 
3000 6000 
3000 6000 
3000 6000 
3000 6000 
3000 6000 
3000 6000 
3000 6000 
3000 6000 
3000 6000 
3000 6000 
3000 6000 
3000 6000 
3000 6000 
3000 6000 
3000 6000 
3000 6000 
3000 6000 
3000 6000 
3000 6000 
3000 6000 
3000 6000 
3000 6000 
3000 6000 
3000 6000 
3000 6000 
3000 6000 
3000 6000 
3000 6000 
3000 6000 
3000 6000 
3000 6000 
3000 6000 
3000 6000 
3000 6000 
3000 6000 
3000 6000 
3000 6000 
3000 6000 
3000 6000 
3000 6000 
3000 6000 
3000 6000 
3000 6000 
3000 6000 
3000 6000 
3000 6000 
3000 6000 
3000 6000 
3000 6000 
3000 6000 
3000 6000 
3000 6000 
3000 6000 
3000 6000 
3000 6000 
3000 6000 
3000 6000 
3000 6000 
3000 6000 
3000 6000 
3000 6000 
3000 6000 
3000 6000 
3000 6000 
3000 6000 
3000 6000 
3000 6000 
3000 6000 
3000 6000 
3000 6000 
3000 6000 
3000 6000 
3000 6000 
3000 6000 
3000 6000 
3000 6000 
3000 6000 
3000 6000 
3000 6000 
3000 6000 
3000 6000 
3000 6000 
3000 6000 
3000 6000 
3000 6000 
3000 6000 
3000 6000 
3000 6000 
3000 6000 
3000 6000 
3000 6000 
3000 6000 
3000 6000 
3000 6000 
3000 6000 
3000 6000 
3000 6000 
3000 6000 
3000 6000 
3000 6000 
3000 6000 
3000 6000 
3000 6000 
3000 6000 
3000 6000 
3000 6000 
3000 6000 
3000 6000 
3000 6000 
3000 6000 
3000 6000 
3000 6000 
3000 6000 
3000 6000 
3000 6000 
3000 6000 
3000 6000 
3000 6000 
3000 6000 
3000 6000 
3000 6000 
3000 6000 
3000 6000 
3000 6000 
3000 6000 
3000 6000 
3000 6000 
3000 6000 
3000 6000 
3000 6000 
3000 6000 
3000 6000 
3000 6000 
3000 6000 
3000 6000 
3000 6000 
3000 6000 
3000 6000 
3000 6000 
3000 6000 
3000 6000 
3000 6000 
3000 6000 
3000 6000 
3000 6000 
3000 6000 
3000 6000 
3000 6000 
3000 6000 
3000 6000 
3000 6000 
3000 6000 
3000 6000 
3000 6000 
3000 6000 
3000 6000 
3000 6000 
3000 6000 
3000 6000 
3000 6000 
3000 6000 
3000 6000 
3000 6000 
3000 6000 
3000 6000 
3000 6000 
3000 6000 
3000 6000 
3000 6000 
3000 6000 
3000 6000 
3000 6000 
3000 6000 
3000 6000 
3000 6000 
3000 6000 
3000 6000 
3000 6000 
3000 6000 
3000 6000 
3000 6000 
3000 6000 
3000 6000 
3000 6000 
3000 6000 
3000 6000 
3000 6000 
3000 6000 
3000 6000 
3000 6000 
3000 6000 
3000 6000 
3000 6000 
3000 6000 
100 303
517 731 2
1017 1931 2
717 1931 6
1417 1931 2
1417 1963 2
553 682 2
1253 1290 8
1140 1253 6
990 1253 34
577 583 2
563 582 2
985 1078 4
823 995 2
403 950 4
355 1048 2
1340 1883 1
977 1883 4
740 1883 1
722 1943 6
922 1978 2
722 843 2
943 1878 3
643 1022 4
843 1973 3
840 1973 1
791 1973 4
743 941 2
1122 1878 2
822 1983 2
722 1983 2
522 843 8
922 2008 4
1449 2008 2
840 2008 1
1040 1963 1
778 2048 2
922 1973 4
643 722 2
1064 1342 2
731 1982 2
671 982 2
661 1092 2
1172 1286 2
729 2072 2
1191 1312 2
916 1312 2
916 2012 2
621 1062 2
609 1062 2
586 2012 4
946 1942 2
580 1037 2
959 1934 2
611 852 2
866 2092 2
817 956 2
817 914 2
721 817 2
971 1762 2
916 1992 2
784 1937 2
774 1897 2
589 1947 2
591 787 2
686 872 2
1126 1342 2
1071 1317 2
766 1927 2
714 1990 8
614 1990 16
823 1321 1
774 1916 1
783 953 2
783 952 1
764 2076 1
605 2002 4
702 1098 2
702 1029 1
870 1104 1
733 1632 1
492 713 2
549 1103 2
498 1161 2
395 1186 2
902 1133 2
791 1906 1
711 1804 1
639 1020 2
639 1049 1
758 1094 2
758 844 2
944 1898 2
644 2058 2
944 1998 12
744 858 6
644 858 4
844 1988 2
844 1958 8
658 744 2
744 1858 2
3000 6000 
3000 6000 
3000 6000 
3000 6000 
3000 6000 
3000 6000 
3000 6000 
3000 6000 
3000 6000 
3000 6000 
3000 6000 
3000 6000 
3000 6000 
3000 6000 
3000 6000 
3000 6000 
3000 6000 
3000 6000 
3000 6000 
3000 6000 
3000 6000 
3000 6000 
3000 6000 
3000 6000 
3000 6000 
3000 6000 
3000 6000 
3000 6000 
3000 6000 
3000 6000 
3000 6000 
3000 6000 
3000 6000 
3000 6000 
3000 6000 
3000 6000 
3000 6000 
3000 6000 
3000 6000 
3000 6000 
3000 6000 
3000 6000 
3000 6000 
3000 6000 
3000 6000 
3000 6000 
3000 6000 
3000 6000 
3000 6000 
3000 6000 
3000 6000 
3000 6000 
3000 6000 
3000 6000 
3000 6000 
3000 6000 
3000 6000 
3000 6000 
3000 6000 
3000 6000 
3000 6000 
3000 6000 
3000 6000 
3000 6000 
3000 6000 
3000 6000 
3000 6000 
3000 6000 
3000 6000 
3000 6000 
3000 6000 
3000 6000 
3000 6000 
3000 6000 
3000 6000 
3000 6000 
3000 6000 
3000 6000 
3000 6000 
3000 6000 
3000 6000 
3000 6000 
3000 6000 
3000 6000 
3000 6000 
3000 6000 
3000 6000 
3000 6000 
3000 6000 
3000 6000 
3000 6000 
3000 6000 
3000 6000 
3000 6000 
3000 6000 
3000 6000 
3000 6000 
3000 6000 
3000 6000 
3000 6000 
3000 6000 
3000 6000 
3000 6000 
3000 6000 
3000 6000 
3000 6000 
3000 6000 
3000 6000 
3000 6000 
3000 6000 
3000 6000 
3000 6000 
3000 6000 
3000 6000 
3000 6000 
3000 6000 
3000 6000 
3000 6000 
3000 6000 
3000 6000 
3000 6000 
3000 6000 
3000 6000 
3000 6000 
3000 6000 
3000 6000 
3000 6000 
3000 6000 
3000 6000 
3000 6000 
3000 6000 
3000 6000 
3000 6000 
3000 6000 
3000 6000 
3000 6000 
3000 6000 
3000 6000 
3000 6000 
3000 6000 
3000 6000 
3000 6000 
3000 6000 
3000 6000 
3000 6000 
3000 6000 
3000 6000 
3000 6000 
3000 6000 
3000 6000 
3000 6000 
3000 6000 
3000 6000 
3000 6000 
3000 6000 
3000 6000 
3000 6000 
3000 6000 
3000 6000 
3000 6000 
3000 6000 
3000 6000 
3000 6000 
3000 6000 
3000 6000 
3000 6000 
3000 6000 
3000 6000 
3000 6000 
3000 6000 
3000 6000 
3000 6000 
3000 6000 
3000 6000 
3000 6000 
3000 6000 
3000 6000 
3000 6000 
3000 6000 
3000 6000 
3000 6000 
3000 6000 
3000 6000 
3000 6000 
3000 6000 
3000 6000 
3000 6000 
3000 6000 
3000 6000 
3000 6000 
3000 6000 
3000 6000 
3000 6000 
3000 6000 
3000 6000 
3000 6000 
3000 6000 
3000 6000 
3000 6000 
3000 6000 
3000 6000 
3000 6000 
3000 6000 
3000 6000 
3000 6000 
3000 6000 
3000 6000 
3000 6000 
3000 6000 
3000 6000 
3000 6000 
3000 6000 
3000 6000 
3000 6000 
3000 6000 
3000 6000 
3000 6000 
3000 6000 
3000 6000 
3000 6000 
3000 6000 
3000 6000 
3000 6000 
3000 6000 
3000 6000 
3000 6000 
3000 6000 
3000 6000 
3000 6000 
3000 6000 
3000 6000 
3000 6000 
3000 6000 
3000 6000 
3000 6000 
3000 6000 
3000 6000 
3000 6000 
3000 6000 
3000 6000 
3000 6000 
3000 6000 
3000 6000 
3000 6000 
3000 6000 
3000 6000 
3000 6000 
3000 6000 
3000 6000 
3000 6000 
3000 6000 
3000 6000 
3000 6000 
3000 6000 
3000 6000 
3000 6000 
3000 6000 
3000 6000 
3000 6000 
3000 6000 
3000 6000 
3000 6000 
3000 6000 
3000 6000 
3000 6000 
3000 6000 
3000 6000 
3000 6000 
3000 6000 
3000 6000 
3000 6000 
3000 6000 
3000 6000 
3000 6000 
3000 6000 
3000 6000 
3000 6000 
3000 6000 
3000 6000 
3000 6000 
3000 6000 
3000 6000 
3000 6000 
3000 6000 
3000 6000 
3000 6000 
3000 6000 
3000 6000 
3000 6000 
3000 6000 
3000 6000 
3000 6000 
3000 6000 
3000 6000 
3000 6000 
3000 6000 
3000 6000 
3000 6000 
3000 6000 
3000 6000 
3000 6000 
3000 6000 
3000 6000 
