15
100 193
836 2012 2
567 1956 5
700 1605 4
497 1080 2
1158 1962 2
902 1485 2
682 902 2
685 2045 2
1453 2052 3
1036 1852 2
937 1022 2
1092 1962 2
902 1062 2
1156 1882 1
558 1992 2
836 842 2
836 1992 4
537 772 4
937 2022 4
836 2022 2
1035 1290 2
890 1955 2
789 1035 2
589 1955 2
1036 1992 4
537 862 2
677 1515 8
1116 1883 2
1107 1957 4
984 1957 2
836 1092 2
836 1962 2
844 1521 1
751 2141 2
744 931 4
664 2141 2
650 2141 2
644 831 2
638 2183 2
1878 2198 6
741 2032 1
824 1176 1
824 1041 1
382 1176 1
328 1508 2
623 1486 1
313 401 1
707 991 4
906 2031 1
410 2031 1
408 1006 2
507 1188 2
501 788 2
501 588 1
493 608 1
447 1928 2
407 1088 2
301 588 1
516 716 1
586 1563 2
551 1121 2
551 1021 6
676 848 2
760 1060 2
722 1927 1
700 977 1
727 1841 1
326 848 1
766 1167 1
766 1067 1
766 1043 1
727 1767 1
840 2040 1
737 1667 1
700 1326 1
760 1160 1
666 1977 1
673 2125 1
814 1332 1
814 1262 1
740 962 1
798 852 1
463 1701 1
1122 1843 1
833 1009 1
722 1993 1
703 1901 1
658 1882 1
594 1063 1
910 1944 1
483 2009 1
587 1057 4
487 956 2
360 986 1
688 1762 2
289 1762 2
405 713 1
552 1762 1
697 1357 1
448 1016 4
3000 6000 
3000 6000 
3000 6000 
3000 6000 
3000 6000 
3000 6000 
3000 6000 
3000 6000 
3000 6000 
3000 6000 
3000 6000 
3000 6000 
3000 6000 
3000 6000 
3000 6000 
3000 6000 
3000 6000 
3000 6000 
3000 6000 
3000 6000 
3000 6000 
3000 6000 
3000 6000 
3000 6000 
3000 6000 
3000 6000 
3000 6000 
3000 6000 
3000 6000 
3000 6000 
3000 6000 
3000 6000 
3000 6000 
3000 6000 
3000 6000 
3000 6000 
3000 6000 
3000 6000 
3000 6000 
3000 6000 
3000 6000 
3000 6000 
3000 6000 
3000 6000 
3000 6000 
3000 6000 
3000 6000 
3000 6000 
3000 6000 
3000 6000 
3000 6000 
3000 6000 
3000 6000 
3000 6000 
3000 6000 
3000 6000 
3000 6000 
3000 6000 
3000 6000 
3000 6000 
3000 6000 
3000 6000 
3000 6000 
3000 6000 
3000 6000 
3000 6000 
3000 6000 
3000 6000 
3000 6000 
3000 6000 
3000 6000 
3000 6000 
3000 6000 
3000 6000 
3000 6000 
3000 6000 
3000 6000 
3000 6000 
3000 6000 
3000 6000 
3000 6000 
3000 6000 
3000 6000 
3000 6000 
3000 6000 
3000 6000 
3000 6000 
3000 6000 
3000 6000 
3000 6000 
3000 6000 
3000 6000 
3000 6000 
3000 6000 
3000 6000 
3000 6000 
3000 6000 
3000 6000 
3000 6000 
3000 6000 
3000 6000 
3000 6000 
3000 6000 
3000 6000 
3000 6000 
3000 6000 
3000 6000 
3000 6000 
3000 6000 
3000 6000 
3000 6000 
3000 6000 
3000 6000 
3000 6000 
3000 6000 
3000 6000 
3000 6000 
3000 6000 
3000 6000 
3000 6000 
3000 6000 
3000 6000 
3000 6000 
3000 6000 
3000 6000 
3000 6000 
3000 6000 
3000 6000 
3000 6000 
3000 6000 
3000 6000 
3000 6000 
3000 6000 
3000 6000 
3000 6000 
3000 6000 
3000 6000 
3000 6000 
3000 6000 
3000 6000 
3000 6000 
3000 6000 
3000 6000 
3000 6000 
3000 6000 
3000 6000 
3000 6000 
3000 6000 
3000 6000 
3000 6000 
3000 6000 
3000 6000 
3000 6000 
3000 6000 
3000 6000 
3000 6000 
3000 6000 
3000 6000 
3000 6000 
3000 6000 
3000 6000 
3000 6000 
3000 6000 
3000 6000 
3000 6000 
3000 6000 
3000 6000 
3000 6000 
3000 6000 
3000 6000 
3000 6000 
3000 6000 
3000 6000 
3000 6000 
3000 6000 
3000 6000 
3000 6000 
3000 6000 
3000 6000 
3000 6000 
3000 6000 
3000 6000 
3000 6000 
3000 6000 
3000 6000 
3000 6000 
3000 6000 
3000 6000 
3000 6000 
3000 6000 
3000 6000 
3000 6000 
3000 6000 
100 186
509 2044 2
507 2034 2
519 2049 2
530 2039 2
423 1304 2
435 1378 2
504 1760 2
538 1640 2
543 801 1
330 836 2
654 741 1
503 788 1
799 1018 1
493 933 1
822 1018 1
493 1208 1
325 1030 3
325 1013 2
325 793 3
325 937 3
325 895 3
1282 2116 2
976 2025 1
1398 2023 3
983 2015 1
1247 2023 2
610 780 2
778 1638 2
478 1643 2
1160 2009 1
476 1268 1
970 1552 1
870 1059 1
934 1766 1
934 2066 2
1017 1516 1
944 1014 3
944 2064 3
767 2064 2
1403 1905 2
515 1122 1
1108 1921 1
1111 1923 1
670 1889 1
240 1275 2
885 1895 2
665 1743 1
482 816 8
891 1056 2
877 1499 2
625 853 2
545 1720 2
730 1452 2
1105 1560 1
680 1800 3
690 1310 4
1263 2521 4
980 2521 4
824 1704 2
1234 1434 1
958 1115 1
713 1388 1
700 880 1
1450 1985 2
814 917 2
510 1956 1
725 1170 1
832 1278 2
332 542 1
389 955 2
489 1125 2
488 1055 1
362 972 1
569 1876 1
663 1040 1
699 1570 1
659 1570 1
725 1949 1
624 1217 1
456 1176 6
244 1279 1
367 1117 1
416 1491 2
414 1236 2
271 1407 2
347 1325 2
474 1270 3
424 1270 3
610 890 1
640 880 1
556 1366 4
480 850 1
788 1604 1
504 668 2
702 1517 1
491 970 3
484 570 3
542 560 2
544 1890 2
619 1279 1
3000 6000 
3000 6000 
3000 6000 
3000 6000 
3000 6000 
3000 6000 
3000 6000 
3000 6000 
3000 6000 
3000 6000 
3000 6000 
3000 6000 
3000 6000 
3000 6000 
3000 6000 
3000 6000 
3000 6000 
3000 6000 
3000 6000 
3000 6000 
3000 6000 
3000 6000 
3000 6000 
3000 6000 
3000 6000 
3000 6000 
3000 6000 
3000 6000 
3000 6000 
3000 6000 
3000 6000 
3000 6000 
3000 6000 
3000 6000 
3000 6000 
3000 6000 
3000 6000 
3000 6000 
3000 6000 
3000 6000 
3000 6000 
3000 6000 
3000 6000 
3000 6000 
3000 6000 
3000 6000 
3000 6000 
3000 6000 
3000 6000 
3000 6000 
3000 6000 
3000 6000 
3000 6000 
3000 6000 
3000 6000 
3000 6000 
3000 6000 
3000 6000 
3000 6000 
3000 6000 
3000 6000 
3000 6000 
3000 6000 
3000 6000 
3000 6000 
3000 6000 
3000 6000 
3000 6000 
3000 6000 
3000 6000 
3000 6000 
3000 6000 
3000 6000 
3000 6000 
3000 6000 
3000 6000 
3000 6000 
3000 6000 
3000 6000 
3000 6000 
3000 6000 
3000 6000 
3000 6000 
3000 6000 
3000 6000 
3000 6000 
3000 6000 
3000 6000 
3000 6000 
3000 6000 
3000 6000 
3000 6000 
3000 6000 
3000 6000 
3000 6000 
3000 6000 
3000 6000 
3000 6000 
3000 6000 
3000 6000 
3000 6000 
3000 6000 
3000 6000 
3000 6000 
3000 6000 
3000 6000 
3000 6000 
3000 6000 
3000 6000 
3000 6000 
3000 6000 
3000 6000 
3000 6000 
3000 6000 
3000 6000 
3000 6000 
3000 6000 
3000 6000 
3000 6000 
3000 6000 
3000 6000 
3000 6000 
3000 6000 
3000 6000 
3000 6000 
3000 6000 
3000 6000 
3000 6000 
3000 6000 
3000 6000 
3000 6000 
3000 6000 
3000 6000 
3000 6000 
3000 6000 
3000 6000 
3000 6000 
3000 6000 
3000 6000 
3000 6000 
3000 6000 
3000 6000 
3000 6000 
3000 6000 
3000 6000 
3000 6000 
3000 6000 
3000 6000 
3000 6000 
3000 6000 
3000 6000 
3000 6000 
3000 6000 
3000 6000 
3000 6000 
3000 6000 
3000 6000 
3000 6000 
3000 6000 
3000 6000 
3000 6000 
3000 6000 
3000 6000 
3000 6000 
3000 6000 
3000 6000 
3000 6000 
3000 6000 
3000 6000 
3000 6000 
3000 6000 
3000 6000 
3000 6000 
3000 6000 
3000 6000 
3000 6000 
3000 6000 
3000 6000 
3000 6000 
3000 6000 
3000 6000 
3000 6000 
3000 6000 
3000 6000 
3000 6000 
3000 6000 
100 227
832 1481 2
399 2008 6
399 1608 6
319 1096 1
282 462 3
515 592 1
669 1055 1
447 1347 1
447 705 1
943 1965 1
537 1653 1
625 1336 1
1204 1210 4
719 1046 2
636 992 4
438 1942 2
280 1927 2
227 467 1
700 1115 2
491 1183 4
447 1834 8
614 2010 4
546 1897 2
416 1853 2
416 1703 2
378 963 2
803 1983 1
580 1257 1
1257 1410 2
310 858 5
502 1922 4
489 1164 3
448 910 1
607 858 1
557 718 1
233 1088 1
657 2145 4
657 681 4
688 743 1
273 1464 4
248 1194 2
393 1114 2
858 1779 1
478 1114 3
465 1874 2
373 1494 2
448 824 1
695 1954 1
245 1954 1
585 1724 2
493 1059 2
378 902 10
488 514 1
385 1589 2
333 1324 2
762 1676 1
412 964 3
618 1253 1
788 1014 2
460 858 4
388 1304 2
473 1574 2
493 979 2
738 1378 1
488 2120 1
649 688 1
718 1364 1
678 1244 1
498 644 1
283 1034 2
718 1295 1
483 1774 2
445 1461 4
580 888 2
300 737 2
204 418 2
550 1353 1
549 1353 1
362 1410 2
292 910 2
494 1097 4
592 1681 1
429 1681 4
477 1340 4
635 950 3
430 450 1
459 1013 3
458 1013 3
459 716 1
458 716 1
582 1654 1
466 616 2
684 1098 4
683 1098 4
686 703 4
491 2120 2
449 1243 2
448 1243 2
449 1241 2
448 1241 2
3000 6000 
3000 6000 
3000 6000 
3000 6000 
3000 6000 
3000 6000 
3000 6000 
3000 6000 
3000 6000 
3000 6000 
3000 6000 
3000 6000 
3000 6000 
3000 6000 
3000 6000 
3000 6000 
3000 6000 
3000 6000 
3000 6000 
3000 6000 
3000 6000 
3000 6000 
3000 6000 
3000 6000 
3000 6000 
3000 6000 
3000 6000 
3000 6000 
3000 6000 
3000 6000 
3000 6000 
3000 6000 
3000 6000 
3000 6000 
3000 6000 
3000 6000 
3000 6000 
3000 6000 
3000 6000 
3000 6000 
3000 6000 
3000 6000 
3000 6000 
3000 6000 
3000 6000 
3000 6000 
3000 6000 
3000 6000 
3000 6000 
3000 6000 
3000 6000 
3000 6000 
3000 6000 
3000 6000 
3000 6000 
3000 6000 
3000 6000 
3000 6000 
3000 6000 
3000 6000 
3000 6000 
3000 6000 
3000 6000 
3000 6000 
3000 6000 
3000 6000 
3000 6000 
3000 6000 
3000 6000 
3000 6000 
3000 6000 
3000 6000 
3000 6000 
3000 6000 
3000 6000 
3000 6000 
3000 6000 
3000 6000 
3000 6000 
3000 6000 
3000 6000 
3000 6000 
3000 6000 
3000 6000 
3000 6000 
3000 6000 
3000 6000 
3000 6000 
3000 6000 
3000 6000 
3000 6000 
3000 6000 
3000 6000 
3000 6000 
3000 6000 
3000 6000 
3000 6000 
3000 6000 
3000 6000 
3000 6000 
3000 6000 
3000 6000 
3000 6000 
3000 6000 
3000 6000 
3000 6000 
3000 6000 
3000 6000 
3000 6000 
3000 6000 
3000 6000 
3000 6000 
3000 6000 
3000 6000 
3000 6000 
3000 6000 
3000 6000 
3000 6000 
3000 6000 
3000 6000 
3000 6000 
3000 6000 
3000 6000 
3000 6000 
3000 6000 
3000 6000 
3000 6000 
3000 6000 
3000 6000 
3000 6000 
3000 6000 
3000 6000 
3000 6000 
3000 6000 
3000 6000 
3000 6000 
3000 6000 
3000 6000 
3000 6000 
3000 6000 
3000 6000 
3000 6000 
3000 6000 
3000 6000 
3000 6000 
3000 6000 
3000 6000 
3000 6000 
3000 6000 
3000 6000 
3000 6000 
3000 6000 
3000 6000 
3000 6000 
3000 6000 
3000 6000 
3000 6000 
3000 6000 
3000 6000 
3000 6000 
3000 6000 
3000 6000 
3000 6000 
3000 6000 
3000 6000 
3000 6000 
3000 6000 
3000 6000 
3000 6000 
3000 6000 
3000 6000 
3000 6000 
3000 6000 
3000 6000 
3000 6000 
3000 6000 
3000 6000 
3000 6000 
3000 6000 
3000 6000 
3000 6000 
3000 6000 
3000 6000 
3000 6000 
3000 6000 
3000 6000 
3000 6000 
3000 6000 
3000 6000 
3000 6000 
3000 6000 
3000 6000 
3000 6000 
3000 6000 
3000 6000 
3000 6000 
3000 6000 
3000 6000 
3000 6000 
3000 6000 
3000 6000 
3000 6000 
3000 6000 
3000 6000 
3000 6000 
3000 6000 
3000 6000 
3000 6000 
3000 6000 
3000 6000 
3000 6000 
3000 6000 
3000 6000 
3000 6000 
3000 6000 
3000 6000 
3000 6000 
3000 6000 
3000 6000 
3000 6000 
3000 6000 
3000 6000 
3000 6000 
3000 6000 
3000 6000 
3000 6000 
3000 6000 
100 235
729 1602 1
634 985 2
575 936 6
490 1845 2
513 1845 4
434 584 2
679 1697 1
262 1697 1
598 2120 6
598 2115 2
598 988 4
275 573 1
603 1124 2
603 724 2
603 924 2
444 1325 3
473 954 6
639 754 3
403 1295 2
403 1315 2
488 1632 8
506 1665 2
506 1632 2
680 2016 1
600 1331 2
680 982 1
701 935 4
680 854 1
780 1206 1
375 795 4
423 1150 4
400 1160 2
403 1140 2
385 1446 2
914 1386 4
359 975 2
553 933 2
481 928 2
538 1798 2
641 1444 2
388 740 6
311 1243 2
556 1278 2
306 1238 2
321 1253 2
566 1129 3
463 790 2
610 1012 2
423 893 2
333 1523 2
338 1543 2
252 552 1
542 552 1
372 1402 2
472 1387 4
370 1387 2
270 1387 2
413 913 1
496 1721 1
273 558 1
445 1177 6
455 522 2
393 1065 2
672 802 1
363 1395 2
378 1395 2
412 1843 2
500 1833 2
500 1843 2
503 1843 2
607 662 2
292 807 2
437 827 1
292 1087 4
330 1137 2
358 1555 4
440 1027 6
337 637 1
1143 1741 1
493 1065 4
674 713 1
265 791 1
676 1597 1
258 1597 1
567 1882 4
508 1887 3
639 1433 3
451 729 2
335 639 1
237 1225 2
487 1147 2
350 1649 2
485 931 1
427 1270 1
381 1192 2
443 1165 4
741 2043 1
725 1427 3
493 1965 2
493 865 2
3000 6000 
3000 6000 
3000 6000 
3000 6000 
3000 6000 
3000 6000 
3000 6000 
3000 6000 
3000 6000 
3000 6000 
3000 6000 
3000 6000 
3000 6000 
3000 6000 
3000 6000 
3000 6000 
3000 6000 
3000 6000 
3000 6000 
3000 6000 
3000 6000 
3000 6000 
3000 6000 
3000 6000 
3000 6000 
3000 6000 
3000 6000 
3000 6000 
3000 6000 
3000 6000 
3000 6000 
3000 6000 
3000 6000 
3000 6000 
3000 6000 
3000 6000 
3000 6000 
3000 6000 
3000 6000 
3000 6000 
3000 6000 
3000 6000 
3000 6000 
3000 6000 
3000 6000 
3000 6000 
3000 6000 
3000 6000 
3000 6000 
3000 6000 
3000 6000 
3000 6000 
3000 6000 
3000 6000 
3000 6000 
3000 6000 
3000 6000 
3000 6000 
3000 6000 
3000 6000 
3000 6000 
3000 6000 
3000 6000 
3000 6000 
3000 6000 
3000 6000 
3000 6000 
3000 6000 
3000 6000 
3000 6000 
3000 6000 
3000 6000 
3000 6000 
3000 6000 
3000 6000 
3000 6000 
3000 6000 
3000 6000 
3000 6000 
3000 6000 
3000 6000 
3000 6000 
3000 6000 
3000 6000 
3000 6000 
3000 6000 
3000 6000 
3000 6000 
3000 6000 
3000 6000 
3000 6000 
3000 6000 
3000 6000 
3000 6000 
3000 6000 
3000 6000 
3000 6000 
3000 6000 
3000 6000 
3000 6000 
3000 6000 
3000 6000 
3000 6000 
3000 6000 
3000 6000 
3000 6000 
3000 6000 
3000 6000 
3000 6000 
3000 6000 
3000 6000 
3000 6000 
3000 6000 
3000 6000 
3000 6000 
3000 6000 
3000 6000 
3000 6000 
3000 6000 
3000 6000 
3000 6000 
3000 6000 
3000 6000 
3000 6000 
3000 6000 
3000 6000 
3000 6000 
3000 6000 
3000 6000 
3000 6000 
3000 6000 
3000 6000 
3000 6000 
3000 6000 
3000 6000 
3000 6000 
3000 6000 
3000 6000 
3000 6000 
3000 6000 
3000 6000 
3000 6000 
3000 6000 
3000 6000 
3000 6000 
3000 6000 
3000 6000 
3000 6000 
3000 6000 
3000 6000 
3000 6000 
3000 6000 
3000 6000 
3000 6000 
3000 6000 
3000 6000 
3000 6000 
3000 6000 
3000 6000 
3000 6000 
3000 6000 
3000 6000 
3000 6000 
3000 6000 
3000 6000 
3000 6000 
3000 6000 
3000 6000 
3000 6000 
3000 6000 
3000 6000 
3000 6000 
3000 6000 
3000 6000 
3000 6000 
3000 6000 
3000 6000 
3000 6000 
3000 6000 
3000 6000 
3000 6000 
3000 6000 
3000 6000 
3000 6000 
3000 6000 
3000 6000 
3000 6000 
3000 6000 
3000 6000 
3000 6000 
3000 6000 
3000 6000 
3000 6000 
3000 6000 
3000 6000 
3000 6000 
3000 6000 
3000 6000 
3000 6000 
3000 6000 
3000 6000 
3000 6000 
3000 6000 
3000 6000 
3000 6000 
3000 6000 
3000 6000 
3000 6000 
3000 6000 
3000 6000 
3000 6000 
3000 6000 
3000 6000 
3000 6000 
3000 6000 
3000 6000 
3000 6000 
3000 6000 
3000 6000 
3000 6000 
3000 6000 
3000 6000 
3000 6000 
3000 6000 
3000 6000 
3000 6000 
3000 6000 
3000 6000 
3000 6000 
3000 6000 
3000 6000 
3000 6000 
3000 6000 
3000 6000 
3000 6000 
100 281
383 1716 2
373 1711 2
378 1701 2
753 1493 1
302 1369 10
706 802 1
853 1791 1
801 1716 1
741 1716 1
801 1611 1
911 1531 1
331 1391 2
701 891 1
671 891 1
637 706 1
1071 1977 1
662 2235 2
928 1964 2
927 1964 2
1128 1962 4
827 1894 2
628 1894 2
703 1877 2
1228 1812 2
1128 1812 2
1028 1812 2
928 1812 2
728 1812 2
728 1232 2
1007 1215 2
702 1007 2
627 864 2
728 732 8
662 1836 1
571 1003 2
473 1003 4
473 1353 2
457 1836 16
423 1003 1
601 1243 6
551 1143 2
478 843 3
444 843 3
423 563 1
368 1148 2
444 1944 3
858 954 1
954 1058 3
468 1942 4
493 1754 6
474 1048 2
474 1053 4
458 1959 2
458 1944 2
523 663 3
394 1129 2
394 1079 2
369 1089 2
361 1089 2
584 1186 2
535 1949 2
461 1949 2
461 2011 1
351 883 4
584 1717 1
579 1317 1
524 1617 2
423 728 2
368 1128 4
223 413 1
373 1289 12
429 1524 2
583 1208 1
446 1208 12
402 1667 4
561 758 2
511 1458 4
559 1607 2
574 1712 1
466 1148 14
466 848 2
465 1589 2
1609 2064 3
545 1000 3
469 1330 4
702 1334 2
464 884 2
464 854 1
451 1170 14
400 770 1
391 1727 2
844 1202 1
802 1044 1
540 2038 2
658 2092 4
378 1747 2
409 1440 1
272 1452 1
788 1452 1
481 1467 4
3000 6000 
3000 6000 
3000 6000 
3000 6000 
3000 6000 
3000 6000 
3000 6000 
3000 6000 
3000 6000 
3000 6000 
3000 6000 
3000 6000 
3000 6000 
3000 6000 
3000 6000 
3000 6000 
3000 6000 
3000 6000 
3000 6000 
3000 6000 
3000 6000 
3000 6000 
3000 6000 
3000 6000 
3000 6000 
3000 6000 
3000 6000 
3000 6000 
3000 6000 
3000 6000 
3000 6000 
3000 6000 
3000 6000 
3000 6000 
3000 6000 
3000 6000 
3000 6000 
3000 6000 
3000 6000 
3000 6000 
3000 6000 
3000 6000 
3000 6000 
3000 6000 
3000 6000 
3000 6000 
3000 6000 
3000 6000 
3000 6000 
3000 6000 
3000 6000 
3000 6000 
3000 6000 
3000 6000 
3000 6000 
3000 6000 
3000 6000 
3000 6000 
3000 6000 
3000 6000 
3000 6000 
3000 6000 
3000 6000 
3000 6000 
3000 6000 
3000 6000 
3000 6000 
3000 6000 
3000 6000 
3000 6000 
3000 6000 
3000 6000 
3000 6000 
3000 6000 
3000 6000 
3000 6000 
3000 6000 
3000 6000 
3000 6000 
3000 6000 
3000 6000 
3000 6000 
3000 6000 
3000 6000 
3000 6000 
3000 6000 
3000 6000 
3000 6000 
3000 6000 
3000 6000 
3000 6000 
3000 6000 
3000 6000 
3000 6000 
3000 6000 
3000 6000 
3000 6000 
3000 6000 
3000 6000 
3000 6000 
3000 6000 
3000 6000 
3000 6000 
3000 6000 
3000 6000 
3000 6000 
3000 6000 
3000 6000 
3000 6000 
3000 6000 
3000 6000 
3000 6000 
3000 6000 
3000 6000 
3000 6000 
3000 6000 
3000 6000 
3000 6000 
3000 6000 
3000 6000 
3000 6000 
3000 6000 
3000 6000 
3000 6000 
3000 6000 
3000 6000 
3000 6000 
3000 6000 
3000 6000 
3000 6000 
3000 6000 
3000 6000 
3000 6000 
3000 6000 
3000 6000 
3000 6000 
3000 6000 
3000 6000 
3000 6000 
3000 6000 
3000 6000 
3000 6000 
3000 6000 
3000 6000 
3000 6000 
3000 6000 
3000 6000 
3000 6000 
3000 6000 
3000 6000 
3000 6000 
3000 6000 
3000 6000 
3000 6000 
3000 6000 
3000 6000 
3000 6000 
3000 6000 
3000 6000 
3000 6000 
3000 6000 
3000 6000 
3000 6000 
3000 6000 
3000 6000 
3000 6000 
3000 6000 
3000 6000 
3000 6000 
3000 6000 
3000 6000 
3000 6000 
3000 6000 
3000 6000 
3000 6000 
3000 6000 
3000 6000 
3000 6000 
3000 6000 
3000 6000 
3000 6000 
3000 6000 
3000 6000 
3000 6000 
3000 6000 
3000 6000 
3000 6000 
3000 6000 
3000 6000 
3000 6000 
3000 6000 
3000 6000 
3000 6000 
3000 6000 
3000 6000 
3000 6000 
3000 6000 
3000 6000 
3000 6000 
3000 6000 
3000 6000 
3000 6000 
3000 6000 
3000 6000 
3000 6000 
3000 6000 
3000 6000 
3000 6000 
3000 6000 
3000 6000 
3000 6000 
3000 6000 
3000 6000 
3000 6000 
3000 6000 
3000 6000 
3000 6000 
3000 6000 
3000 6000 
3000 6000 
3000 6000 
3000 6000 
3000 6000 
3000 6000 
3000 6000 
3000 6000 
3000 6000 
3000 6000 
3000 6000 
3000 6000 
3000 6000 
3000 6000 
3000 6000 
3000 6000 
3000 6000 
3000 6000 
3000 6000 
3000 6000 
3000 6000 
3000 6000 
3000 6000 
3000 6000 
3000 6000 
3000 6000 
3000 6000 
3000 6000 
3000 6000 
3000 6000 
3000 6000 
3000 6000 
3000 6000 
3000 6000 
3000 6000 
3000 6000 
3000 6000 
3000 6000 
3000 6000 
3000 6000 
3000 6000 
3000 6000 
3000 6000 
3000 6000 
3000 6000 
3000 6000 
3000 6000 
3000 6000 
3000 6000 
3000 6000 
3000 6000 
3000 6000 
3000 6000 
3000 6000 
3000 6000 
3000 6000 
3000 6000 
3000 6000 
3000 6000 
3000 6000 
3000 6000 
3000 6000 
3000 6000 
100 248
404 1168 2
396 1145 2
569 1295 2
569 1202 4
579 1832 1
505 1012 2
498 1012 2
468 1665 6
568 944 2
573 1154 6
573 1146 4
575 1290 4
473 1290 2
475 1597 2
729 1602 1
634 985 2
575 936 6
490 1845 2
513 1845 4
434 584 2
679 1697 1
262 1697 1
598 2120 6
598 2115 2
598 988 4
275 573 1
603 1124 2
603 724 2
603 924 2
444 1325 3
473 954 6
639 754 3
403 1295 2
403 1315 2
488 1632 8
506 1665 2
506 1632 2
680 2016 1
600 1331 2
680 982 1
701 935 4
680 854 1
780 1206 1
375 795 4
423 1150 4
400 1160 2
403 1140 2
385 1446 2
914 1386 4
359 975 2
553 933 2
481 928 2
538 1798 2
641 1444 2
388 740 6
311 1243 2
556 1278 2
306 1238 2
321 1253 2
566 1129 3
463 790 2
610 1012 2
423 893 2
333 1523 2
338 1543 2
252 552 1
542 552 1
372 1402 2
472 1387 4
370 1387 2
270 1387 2
413 913 1
496 1721 1
273 558 1
445 1177 6
455 522 2
393 1065 2
672 802 1
363 1395 2
378 1395 2
412 1843 2
500 1833 2
500 1843 2
503 1843 2
607 662 2
292 807 2
437 827 1
292 1087 4
330 1137 2
358 1555 4
440 1027 6
337 637 1
1143 1741 1
493 1065 4
674 713 1
265 791 1
676 1597 1
258 1597 1
567 1882 4
508 1887 3
3000 6000 
3000 6000 
3000 6000 
3000 6000 
3000 6000 
3000 6000 
3000 6000 
3000 6000 
3000 6000 
3000 6000 
3000 6000 
3000 6000 
3000 6000 
3000 6000 
3000 6000 
3000 6000 
3000 6000 
3000 6000 
3000 6000 
3000 6000 
3000 6000 
3000 6000 
3000 6000 
3000 6000 
3000 6000 
3000 6000 
3000 6000 
3000 6000 
3000 6000 
3000 6000 
3000 6000 
3000 6000 
3000 6000 
3000 6000 
3000 6000 
3000 6000 
3000 6000 
3000 6000 
3000 6000 
3000 6000 
3000 6000 
3000 6000 
3000 6000 
3000 6000 
3000 6000 
3000 6000 
3000 6000 
3000 6000 
3000 6000 
3000 6000 
3000 6000 
3000 6000 
3000 6000 
3000 6000 
3000 6000 
3000 6000 
3000 6000 
3000 6000 
3000 6000 
3000 6000 
3000 6000 
3000 6000 
3000 6000 
3000 6000 
3000 6000 
3000 6000 
3000 6000 
3000 6000 
3000 6000 
3000 6000 
3000 6000 
3000 6000 
3000 6000 
3000 6000 
3000 6000 
3000 6000 
3000 6000 
3000 6000 
3000 6000 
3000 6000 
3000 6000 
3000 6000 
3000 6000 
3000 6000 
3000 6000 
3000 6000 
3000 6000 
3000 6000 
3000 6000 
3000 6000 
3000 6000 
3000 6000 
3000 6000 
3000 6000 
3000 6000 
3000 6000 
3000 6000 
3000 6000 
3000 6000 
3000 6000 
3000 6000 
3000 6000 
3000 6000 
3000 6000 
3000 6000 
3000 6000 
3000 6000 
3000 6000 
3000 6000 
3000 6000 
3000 6000 
3000 6000 
3000 6000 
3000 6000 
3000 6000 
3000 6000 
3000 6000 
3000 6000 
3000 6000 
3000 6000 
3000 6000 
3000 6000 
3000 6000 
3000 6000 
3000 6000 
3000 6000 
3000 6000 
3000 6000 
3000 6000 
3000 6000 
3000 6000 
3000 6000 
3000 6000 
3000 6000 
3000 6000 
3000 6000 
3000 6000 
3000 6000 
3000 6000 
3000 6000 
3000 6000 
3000 6000 
3000 6000 
3000 6000 
3000 6000 
3000 6000 
3000 6000 
3000 6000 
3000 6000 
3000 6000 
3000 6000 
3000 6000 
3000 6000 
3000 6000 
3000 6000 
3000 6000 
3000 6000 
3000 6000 
3000 6000 
3000 6000 
3000 6000 
3000 6000 
3000 6000 
3000 6000 
3000 6000 
3000 6000 
3000 6000 
3000 6000 
3000 6000 
3000 6000 
3000 6000 
3000 6000 
3000 6000 
3000 6000 
3000 6000 
3000 6000 
3000 6000 
3000 6000 
3000 6000 
3000 6000 
3000 6000 
3000 6000 
3000 6000 
3000 6000 
3000 6000 
3000 6000 
3000 6000 
3000 6000 
3000 6000 
3000 6000 
3000 6000 
3000 6000 
3000 6000 
3000 6000 
3000 6000 
3000 6000 
3000 6000 
3000 6000 
3000 6000 
3000 6000 
3000 6000 
3000 6000 
3000 6000 
3000 6000 
3000 6000 
3000 6000 
3000 6000 
3000 6000 
3000 6000 
3000 6000 
3000 6000 
3000 6000 
3000 6000 
3000 6000 
3000 6000 
3000 6000 
3000 6000 
3000 6000 
3000 6000 
3000 6000 
3000 6000 
3000 6000 
3000 6000 
3000 6000 
3000 6000 
3000 6000 
3000 6000 
3000 6000 
3000 6000 
3000 6000 
3000 6000 
3000 6000 
3000 6000 
3000 6000 
3000 6000 
3000 6000 
3000 6000 
3000 6000 
3000 6000 
3000 6000 
3000 6000 
3000 6000 
3000 6000 
3000 6000 
3000 6000 
3000 6000 
3000 6000 
3000 6000 
100 200
937 2022 4
836 2022 2
1035 1290 2
890 1955 2
789 1035 2
589 1955 2
1036 1992 4
537 862 2
677 1515 8
1116 1883 2
1107 1957 4
984 1957 2
836 1092 2
836 1962 2
844 1521 1
751 2141 2
744 931 4
664 2141 2
650 2141 2
644 831 2
638 2183 2
1878 2198 6
741 2032 1
824 1176 1
824 1041 1
382 1176 1
328 1508 2
623 1486 1
313 401 1
707 991 4
906 2031 1
410 2031 1
408 1006 2
507 1188 2
501 788 2
501 588 1
493 608 1
447 1928 2
407 1088 2
301 588 1
516 716 1
586 1563 2
551 1121 2
551 1021 6
676 848 2
760 1060 2
722 1927 1
700 977 1
727 1841 1
326 848 1
766 1167 1
766 1067 1
766 1043 1
727 1767 1
840 2040 1
737 1667 1
700 1326 1
760 1160 1
666 1977 1
673 2125 1
814 1332 1
814 1262 1
740 962 1
798 852 1
463 1701 1
1122 1843 1
833 1009 1
722 1993 1
703 1901 1
658 1882 1
594 1063 1
910 1944 1
483 2009 1
587 1057 4
487 956 2
360 986 1
688 1762 2
289 1762 2
405 713 1
552 1762 1
697 1357 1
448 1016 4
463 937 4
433 1737 2
433 1107 2
499 1227 9
488 1997 2
598 1102 8
602 906 2
302 687 1
612 1894 1
309 1358 2
299 1088 2
269 1108 2
257 1113 4
461 561 5
461 553 2
413 2431 1
510 510 1
333 1422 2
3000 6000 
3000 6000 
3000 6000 
3000 6000 
3000 6000 
3000 6000 
3000 6000 
3000 6000 
3000 6000 
3000 6000 
3000 6000 
3000 6000 
3000 6000 
3000 6000 
3000 6000 
3000 6000 
3000 6000 
3000 6000 
3000 6000 
3000 6000 
3000 6000 
3000 6000 
3000 6000 
3000 6000 
3000 6000 
3000 6000 
3000 6000 
3000 6000 
3000 6000 
3000 6000 
3000 6000 
3000 6000 
3000 6000 
3000 6000 
3000 6000 
3000 6000 
3000 6000 
3000 6000 
3000 6000 
3000 6000 
3000 6000 
3000 6000 
3000 6000 
3000 6000 
3000 6000 
3000 6000 
3000 6000 
3000 6000 
3000 6000 
3000 6000 
3000 6000 
3000 6000 
3000 6000 
3000 6000 
3000 6000 
3000 6000 
3000 6000 
3000 6000 
3000 6000 
3000 6000 
3000 6000 
3000 6000 
3000 6000 
3000 6000 
3000 6000 
3000 6000 
3000 6000 
3000 6000 
3000 6000 
3000 6000 
3000 6000 
3000 6000 
3000 6000 
3000 6000 
3000 6000 
3000 6000 
3000 6000 
3000 6000 
3000 6000 
3000 6000 
3000 6000 
3000 6000 
3000 6000 
3000 6000 
3000 6000 
3000 6000 
3000 6000 
3000 6000 
3000 6000 
3000 6000 
3000 6000 
3000 6000 
3000 6000 
3000 6000 
3000 6000 
3000 6000 
3000 6000 
3000 6000 
3000 6000 
3000 6000 
3000 6000 
3000 6000 
3000 6000 
3000 6000 
3000 6000 
3000 6000 
3000 6000 
3000 6000 
3000 6000 
3000 6000 
3000 6000 
3000 6000 
3000 6000 
3000 6000 
3000 6000 
3000 6000 
3000 6000 
3000 6000 
3000 6000 
3000 6000 
3000 6000 
3000 6000 
3000 6000 
3000 6000 
3000 6000 
3000 6000 
3000 6000 
3000 6000 
3000 6000 
3000 6000 
3000 6000 
3000 6000 
3000 6000 
3000 6000 
3000 6000 
3000 6000 
3000 6000 
3000 6000 
3000 6000 
3000 6000 
3000 6000 
3000 6000 
3000 6000 
3000 6000 
3000 6000 
3000 6000 
3000 6000 
3000 6000 
3000 6000 
3000 6000 
3000 6000 
3000 6000 
3000 6000 
3000 6000 
3000 6000 
3000 6000 
3000 6000 
3000 6000 
3000 6000 
3000 6000 
3000 6000 
3000 6000 
3000 6000 
3000 6000 
3000 6000 
3000 6000 
3000 6000 
3000 6000 
3000 6000 
3000 6000 
3000 6000 
3000 6000 
3000 6000 
3000 6000 
3000 6000 
3000 6000 
3000 6000 
3000 6000 
3000 6000 
3000 6000 
3000 6000 
3000 6000 
3000 6000 
3000 6000 
3000 6000 
3000 6000 
3000 6000 
3000 6000 
3000 6000 
3000 6000 
3000 6000 
3000 6000 
3000 6000 
3000 6000 
3000 6000 
3000 6000 
3000 6000 
3000 6000 
3000 6000 
3000 6000 
100 224
403 1140 2
385 1446 2
914 1386 4
359 975 2
553 933 2
481 928 2
538 1798 2
641 1444 2
388 740 6
311 1243 2
556 1278 2
306 1238 2
321 1253 2
566 1129 3
463 790 2
610 1012 2
423 893 2
333 1523 2
338 1543 2
252 552 1
542 552 1
372 1402 2
472 1387 4
370 1387 2
270 1387 2
413 913 1
496 1721 1
273 558 1
445 1177 6
455 522 2
393 1065 2
672 802 1
363 1395 2
378 1395 2
412 1843 2
500 1833 2
500 1843 2
503 1843 2
607 662 2
292 807 2
437 827 1
292 1087 4
330 1137 2
358 1555 4
440 1027 6
337 637 1
1143 1741 1
493 1065 4
674 713 1
265 791 1
676 1597 1
258 1597 1
567 1882 4
508 1887 3
639 1433 3
451 729 2
335 639 1
237 1225 2
487 1147 2
350 1649 2
485 931 1
427 1270 1
381 1192 2
443 1165 4
741 2043 1
725 1427 3
493 1965 2
493 865 2
463 865 1
725 1027 2
440 1517 4
430 929 2
392 482 2
517 517 1
611 906 2
785 1923 4
506 701 2
1085 1673 2
411 1847 4
405 1247 1
458 1742 2
261 1277 2
488 1532 2
378 1532 2
478 1242 2
418 1798 6
416 1792 2
453 1240 2
544 1174 2
453 1174 4
455 1102 3
453 822 2
544 756 2
453 756 4
317 1183 2
397 1053 1
549 967 1
506 939 4
482 1808 1
575 1998 2
3000 6000 
3000 6000 
3000 6000 
3000 6000 
3000 6000 
3000 6000 
3000 6000 
3000 6000 
3000 6000 
3000 6000 
3000 6000 
3000 6000 
3000 6000 
3000 6000 
3000 6000 
3000 6000 
3000 6000 
3000 6000 
3000 6000 
3000 6000 
3000 6000 
3000 6000 
3000 6000 
3000 6000 
3000 6000 
3000 6000 
3000 6000 
3000 6000 
3000 6000 
3000 6000 
3000 6000 
3000 6000 
3000 6000 
3000 6000 
3000 6000 
3000 6000 
3000 6000 
3000 6000 
3000 6000 
3000 6000 
3000 6000 
3000 6000 
3000 6000 
3000 6000 
3000 6000 
3000 6000 
3000 6000 
3000 6000 
3000 6000 
3000 6000 
3000 6000 
3000 6000 
3000 6000 
3000 6000 
3000 6000 
3000 6000 
3000 6000 
3000 6000 
3000 6000 
3000 6000 
3000 6000 
3000 6000 
3000 6000 
3000 6000 
3000 6000 
3000 6000 
3000 6000 
3000 6000 
3000 6000 
3000 6000 
3000 6000 
3000 6000 
3000 6000 
3000 6000 
3000 6000 
3000 6000 
3000 6000 
3000 6000 
3000 6000 
3000 6000 
3000 6000 
3000 6000 
3000 6000 
3000 6000 
3000 6000 
3000 6000 
3000 6000 
3000 6000 
3000 6000 
3000 6000 
3000 6000 
3000 6000 
3000 6000 
3000 6000 
3000 6000 
3000 6000 
3000 6000 
3000 6000 
3000 6000 
3000 6000 
3000 6000 
3000 6000 
3000 6000 
3000 6000 
3000 6000 
3000 6000 
3000 6000 
3000 6000 
3000 6000 
3000 6000 
3000 6000 
3000 6000 
3000 6000 
3000 6000 
3000 6000 
3000 6000 
3000 6000 
3000 6000 
3000 6000 
3000 6000 
3000 6000 
3000 6000 
3000 6000 
3000 6000 
3000 6000 
3000 6000 
3000 6000 
3000 6000 
3000 6000 
3000 6000 
3000 6000 
3000 6000 
3000 6000 
3000 6000 
3000 6000 
3000 6000 
3000 6000 
3000 6000 
3000 6000 
3000 6000 
3000 6000 
3000 6000 
3000 6000 
3000 6000 
3000 6000 
3000 6000 
3000 6000 
3000 6000 
3000 6000 
3000 6000 
3000 6000 
3000 6000 
3000 6000 
3000 6000 
3000 6000 
3000 6000 
3000 6000 
3000 6000 
3000 6000 
3000 6000 
3000 6000 
3000 6000 
3000 6000 
3000 6000 
3000 6000 
3000 6000 
3000 6000 
3000 6000 
3000 6000 
3000 6000 
3000 6000 
3000 6000 
3000 6000 
3000 6000 
3000 6000 
3000 6000 
3000 6000 
3000 6000 
3000 6000 
3000 6000 
3000 6000 
3000 6000 
3000 6000 
3000 6000 
3000 6000 
3000 6000 
3000 6000 
3000 6000 
3000 6000 
3000 6000 
3000 6000 
3000 6000 
3000 6000 
3000 6000 
3000 6000 
3000 6000 
3000 6000 
3000 6000 
3000 6000 
3000 6000 
3000 6000 
3000 6000 
3000 6000 
3000 6000 
3000 6000 
3000 6000 
3000 6000 
3000 6000 
3000 6000 
3000 6000 
3000 6000 
3000 6000 
3000 6000 
3000 6000 
3000 6000 
3000 6000 
3000 6000 
3000 6000 
3000 6000 
3000 6000 
3000 6000 
3000 6000 
3000 6000 
3000 6000 
100 230
603 724 2
603 924 2
444 1325 3
473 954 6
639 754 3
403 1295 2
403 1315 2
488 1632 8
506 1665 2
506 1632 2
680 2016 1
600 1331 2
680 982 1
701 935 4
680 854 1
780 1206 1
375 795 4
423 1150 4
400 1160 2
403 1140 2
385 1446 2
914 1386 4
359 975 2
553 933 2
481 928 2
538 1798 2
641 1444 2
388 740 6
311 1243 2
556 1278 2
306 1238 2
321 1253 2
566 1129 3
463 790 2
610 1012 2
423 893 2
333 1523 2
338 1543 2
252 552 1
542 552 1
372 1402 2
472 1387 4
370 1387 2
270 1387 2
413 913 1
496 1721 1
273 558 1
445 1177 6
455 522 2
393 1065 2
672 802 1
363 1395 2
378 1395 2
412 1843 2
500 1833 2
500 1843 2
503 1843 2
607 662 2
292 807 2
437 827 1
292 1087 4
330 1137 2
358 1555 4
440 1027 6
337 637 1
1143 1741 1
493 1065 4
674 713 1
265 791 1
676 1597 1
258 1597 1
567 1882 4
508 1887 3
639 1433 3
451 729 2
335 639 1
237 1225 2
487 1147 2
350 1649 2
485 931 1
427 1270 1
381 1192 2
443 1165 4
741 2043 1
725 1427 3
493 1965 2
493 865 2
463 865 1
725 1027 2
440 1517 4
430 929 2
392 482 2
517 517 1
611 906 2
785 1923 4
506 701 2
1085 1673 2
411 1847 4
405 1247 1
458 1742 2
3000 6000 
3000 6000 
3000 6000 
3000 6000 
3000 6000 
3000 6000 
3000 6000 
3000 6000 
3000 6000 
3000 6000 
3000 6000 
3000 6000 
3000 6000 
3000 6000 
3000 6000 
3000 6000 
3000 6000 
3000 6000 
3000 6000 
3000 6000 
3000 6000 
3000 6000 
3000 6000 
3000 6000 
3000 6000 
3000 6000 
3000 6000 
3000 6000 
3000 6000 
3000 6000 
3000 6000 
3000 6000 
3000 6000 
3000 6000 
3000 6000 
3000 6000 
3000 6000 
3000 6000 
3000 6000 
3000 6000 
3000 6000 
3000 6000 
3000 6000 
3000 6000 
3000 6000 
3000 6000 
3000 6000 
3000 6000 
3000 6000 
3000 6000 
3000 6000 
3000 6000 
3000 6000 
3000 6000 
3000 6000 
3000 6000 
3000 6000 
3000 6000 
3000 6000 
3000 6000 
3000 6000 
3000 6000 
3000 6000 
3000 6000 
3000 6000 
3000 6000 
3000 6000 
3000 6000 
3000 6000 
3000 6000 
3000 6000 
3000 6000 
3000 6000 
3000 6000 
3000 6000 
3000 6000 
3000 6000 
3000 6000 
3000 6000 
3000 6000 
3000 6000 
3000 6000 
3000 6000 
3000 6000 
3000 6000 
3000 6000 
3000 6000 
3000 6000 
3000 6000 
3000 6000 
3000 6000 
3000 6000 
3000 6000 
3000 6000 
3000 6000 
3000 6000 
3000 6000 
3000 6000 
3000 6000 
3000 6000 
3000 6000 
3000 6000 
3000 6000 
3000 6000 
3000 6000 
3000 6000 
3000 6000 
3000 6000 
3000 6000 
3000 6000 
3000 6000 
3000 6000 
3000 6000 
3000 6000 
3000 6000 
3000 6000 
3000 6000 
3000 6000 
3000 6000 
3000 6000 
3000 6000 
3000 6000 
3000 6000 
3000 6000 
3000 6000 
3000 6000 
3000 6000 
3000 6000 
3000 6000 
3000 6000 
3000 6000 
3000 6000 
3000 6000 
3000 6000 
3000 6000 
3000 6000 
3000 6000 
3000 6000 
3000 6000 
3000 6000 
3000 6000 
3000 6000 
3000 6000 
3000 6000 
3000 6000 
3000 6000 
3000 6000 
3000 6000 
3000 6000 
3000 6000 
3000 6000 
3000 6000 
3000 6000 
3000 6000 
3000 6000 
3000 6000 
3000 6000 
3000 6000 
3000 6000 
3000 6000 
3000 6000 
3000 6000 
3000 6000 
3000 6000 
3000 6000 
3000 6000 
3000 6000 
3000 6000 
3000 6000 
3000 6000 
3000 6000 
3000 6000 
3000 6000 
3000 6000 
3000 6000 
3000 6000 
3000 6000 
3000 6000 
3000 6000 
3000 6000 
3000 6000 
3000 6000 
3000 6000 
3000 6000 
3000 6000 
3000 6000 
3000 6000 
3000 6000 
3000 6000 
3000 6000 
3000 6000 
3000 6000 
3000 6000 
3000 6000 
3000 6000 
3000 6000 
3000 6000 
3000 6000 
3000 6000 
3000 6000 
3000 6000 
3000 6000 
3000 6000 
3000 6000 
3000 6000 
3000 6000 
3000 6000 
3000 6000 
3000 6000 
3000 6000 
3000 6000 
3000 6000 
3000 6000 
3000 6000 
3000 6000 
3000 6000 
3000 6000 
3000 6000 
3000 6000 
3000 6000 
3000 6000 
3000 6000 
3000 6000 
3000 6000 
3000 6000 
3000 6000 
3000 6000 
3000 6000 
3000 6000 
3000 6000 
100 234
765 1958 1
808 993 1
512 923 1
1014 1965 1
515 1007 8
404 1731 1
761 1078 1
628 1258 1
470 1256 1
389 770 2
767 1952 1
761 879 1
440 1305 9
840 1305 1
1030 1114 1
654 953 1
475 1257 3
538 909 1
791 961 1
292 1176 1
733 1954 1
644 1073 2
726 2017 2
961 2015 2
458 766 1
397 1172 1
480 788 1
423 1749 2
576 862 3
635 915 1
389 1245 2
389 1190 4
454 1102 2
389 1090 8
389 890 2
303 1547 6
408 1327 8
485 1140 3
477 995 4
608 977 2
450 967 3
543 937 2
547 937 2
546 937 1
491 777 2
444 1773 2
358 1327 2
608 1317 2
281 1243 2
391 1233 2
408 1227 4
391 1223 4
485 995 3
485 815 3
481 1633 2
434 1633 4
434 1553 2
424 1553 2
668 1398 2
381 1383 2
484 828 2
407 800 4
407 798 2
476 1709 4
603 1503 1
301 890 2
271 1133 2
945 1755 2
805 1933 1
446 886 1
398 1306 6
759 1195 2
481 1185 8
511 1158 6
672 1106 1
559 795 1
489 795 2
481 585 2
437 585 1
403 423 2
486 942 2
868 1746 2
589 924 2
1333 1872 2
633 1872 2
383 1726 2
383 1716 2
373 1711 2
378 1701 2
753 1493 1
302 1369 10
706 802 1
853 1791 1
801 1716 1
741 1716 1
801 1611 1
911 1531 1
331 1391 2
701 891 1
671 891 1
3000 6000 
3000 6000 
3000 6000 
3000 6000 
3000 6000 
3000 6000 
3000 6000 
3000 6000 
3000 6000 
3000 6000 
3000 6000 
3000 6000 
3000 6000 
3000 6000 
3000 6000 
3000 6000 
3000 6000 
3000 6000 
3000 6000 
3000 6000 
3000 6000 
3000 6000 
3000 6000 
3000 6000 
3000 6000 
3000 6000 
3000 6000 
3000 6000 
3000 6000 
3000 6000 
3000 6000 
3000 6000 
3000 6000 
3000 6000 
3000 6000 
3000 6000 
3000 6000 
3000 6000 
3000 6000 
3000 6000 
3000 6000 
3000 6000 
3000 6000 
3000 6000 
3000 6000 
3000 6000 
3000 6000 
3000 6000 
3000 6000 
3000 6000 
3000 6000 
3000 6000 
3000 6000 
3000 6000 
3000 6000 
3000 6000 
3000 6000 
3000 6000 
3000 6000 
3000 6000 
3000 6000 
3000 6000 
3000 6000 
3000 6000 
3000 6000 
3000 6000 
3000 6000 
3000 6000 
3000 6000 
3000 6000 
3000 6000 
3000 6000 
3000 6000 
3000 6000 
3000 6000 
3000 6000 
3000 6000 
3000 6000 
3000 6000 
3000 6000 
3000 6000 
3000 6000 
3000 6000 
3000 6000 
3000 6000 
3000 6000 
3000 6000 
3000 6000 
3000 6000 
3000 6000 
3000 6000 
3000 6000 
3000 6000 
3000 6000 
3000 6000 
3000 6000 
3000 6000 
3000 6000 
3000 6000 
3000 6000 
3000 6000 
3000 6000 
3000 6000 
3000 6000 
3000 6000 
3000 6000 
3000 6000 
3000 6000 
3000 6000 
3000 6000 
3000 6000 
3000 6000 
3000 6000 
3000 6000 
3000 6000 
3000 6000 
3000 6000 
3000 6000 
3000 6000 
3000 6000 
3000 6000 
3000 6000 
3000 6000 
3000 6000 
3000 6000 
3000 6000 
3000 6000 
3000 6000 
3000 6000 
3000 6000 
3000 6000 
3000 6000 
3000 6000 
3000 6000 
3000 6000 
3000 6000 
3000 6000 
3000 6000 
3000 6000 
3000 6000 
3000 6000 
3000 6000 
3000 6000 
3000 6000 
3000 6000 
3000 6000 
3000 6000 
3000 6000 
3000 6000 
3000 6000 
3000 6000 
3000 6000 
3000 6000 
3000 6000 
3000 6000 
3000 6000 
3000 6000 
3000 6000 
3000 6000 
3000 6000 
3000 6000 
3000 6000 
3000 6000 
3000 6000 
3000 6000 
3000 6000 
3000 6000 
3000 6000 
3000 6000 
3000 6000 
3000 6000 
3000 6000 
3000 6000 
3000 6000 
3000 6000 
3000 6000 
3000 6000 
3000 6000 
3000 6000 
3000 6000 
3000 6000 
3000 6000 
3000 6000 
3000 6000 
3000 6000 
3000 6000 
3000 6000 
3000 6000 
3000 6000 
3000 6000 
3000 6000 
3000 6000 
3000 6000 
3000 6000 
3000 6000 
3000 6000 
3000 6000 
3000 6000 
3000 6000 
3000 6000 
3000 6000 
3000 6000 
3000 6000 
3000 6000 
3000 6000 
3000 6000 
3000 6000 
3000 6000 
3000 6000 
3000 6000 
3000 6000 
3000 6000 
3000 6000 
3000 6000 
3000 6000 
3000 6000 
3000 6000 
3000 6000 
3000 6000 
3000 6000 
3000 6000 
3000 6000 
3000 6000 
3000 6000 
3000 6000 
3000 6000 
3000 6000 
3000 6000 
3000 6000 
3000 6000 
3000 6000 
3000 6000 
3000 6000 
3000 6000 
100 234
708 1023 2
374 803 2
672 1008 2
519 1098 2
527 1188 2
538 888 1
357 1388 4
712 1223 2
923 1708 1
808 923 1
1101 1565 2
1099 2080 2
868 881 2
640 915 3
1002 1069 2
902 1962 4
812 1402 2
802 1962 4
802 812 2
702 1962 12
702 962 2
602 1962 4
428 816 2
832 1601 1
832 1481 2
399 2008 6
399 1608 6
319 1096 1
282 462 3
515 592 1
669 1055 1
447 1347 1
447 705 1
943 1965 1
537 1653 1
625 1336 1
1204 1210 4
719 1046 2
636 992 4
438 1942 2
280 1927 2
227 467 1
700 1115 2
491 1183 4
447 1834 8
614 2010 4
546 1897 2
416 1853 2
416 1703 2
378 963 2
803 1983 1
580 1257 1
1257 1410 2
310 858 5
502 1922 4
489 1164 3
448 910 1
607 858 1
557 718 1
233 1088 1
657 2145 4
657 681 4
688 743 1
273 1464 4
248 1194 2
393 1114 2
858 1779 1
478 1114 3
465 1874 2
373 1494 2
448 824 1
695 1954 1
245 1954 1
585 1724 2
493 1059 2
378 902 10
488 514 1
385 1589 2
333 1324 2
762 1676 1
412 964 3
618 1253 1
788 1014 2
460 858 4
388 1304 2
473 1574 2
493 979 2
738 1378 1
488 2120 1
649 688 1
718 1364 1
678 1244 1
498 644 1
283 1034 2
718 1295 1
483 1774 2
445 1461 4
580 888 2
300 737 2
204 418 2
3000 6000 
3000 6000 
3000 6000 
3000 6000 
3000 6000 
3000 6000 
3000 6000 
3000 6000 
3000 6000 
3000 6000 
3000 6000 
3000 6000 
3000 6000 
3000 6000 
3000 6000 
3000 6000 
3000 6000 
3000 6000 
3000 6000 
3000 6000 
3000 6000 
3000 6000 
3000 6000 
3000 6000 
3000 6000 
3000 6000 
3000 6000 
3000 6000 
3000 6000 
3000 6000 
3000 6000 
3000 6000 
3000 6000 
3000 6000 
3000 6000 
3000 6000 
3000 6000 
3000 6000 
3000 6000 
3000 6000 
3000 6000 
3000 6000 
3000 6000 
3000 6000 
3000 6000 
3000 6000 
3000 6000 
3000 6000 
3000 6000 
3000 6000 
3000 6000 
3000 6000 
3000 6000 
3000 6000 
3000 6000 
3000 6000 
3000 6000 
3000 6000 
3000 6000 
3000 6000 
3000 6000 
3000 6000 
3000 6000 
3000 6000 
3000 6000 
3000 6000 
3000 6000 
3000 6000 
3000 6000 
3000 6000 
3000 6000 
3000 6000 
3000 6000 
3000 6000 
3000 6000 
3000 6000 
3000 6000 
3000 6000 
3000 6000 
3000 6000 
3000 6000 
3000 6000 
3000 6000 
3000 6000 
3000 6000 
3000 6000 
3000 6000 
3000 6000 
3000 6000 
3000 6000 
3000 6000 
3000 6000 
3000 6000 
3000 6000 
3000 6000 
3000 6000 
3000 6000 
3000 6000 
3000 6000 
3000 6000 
3000 6000 
3000 6000 
3000 6000 
3000 6000 
3000 6000 
3000 6000 
3000 6000 
3000 6000 
3000 6000 
3000 6000 
3000 6000 
3000 6000 
3000 6000 
3000 6000 
3000 6000 
3000 6000 
3000 6000 
3000 6000 
3000 6000 
3000 6000 
3000 6000 
3000 6000 
3000 6000 
3000 6000 
3000 6000 
3000 6000 
3000 6000 
3000 6000 
3000 6000 
3000 6000 
3000 6000 
3000 6000 
3000 6000 
3000 6000 
3000 6000 
3000 6000 
3000 6000 
3000 6000 
3000 6000 
3000 6000 
3000 6000 
3000 6000 
3000 6000 
3000 6000 
3000 6000 
3000 6000 
3000 6000 
3000 6000 
3000 6000 
3000 6000 
3000 6000 
3000 6000 
3000 6000 
3000 6000 
3000 6000 
3000 6000 
3000 6000 
3000 6000 
3000 6000 
3000 6000 
3000 6000 
3000 6000 
3000 6000 
3000 6000 
3000 6000 
3000 6000 
3000 6000 
3000 6000 
3000 6000 
3000 6000 
3000 6000 
3000 6000 
3000 6000 
3000 6000 
3000 6000 
3000 6000 
3000 6000 
3000 6000 
3000 6000 
3000 6000 
3000 6000 
3000 6000 
3000 6000 
3000 6000 
3000 6000 
3000 6000 
3000 6000 
3000 6000 
3000 6000 
3000 6000 
3000 6000 
3000 6000 
3000 6000 
3000 6000 
3000 6000 
3000 6000 
3000 6000 
3000 6000 
3000 6000 
3000 6000 
3000 6000 
3000 6000 
3000 6000 
3000 6000 
3000 6000 
3000 6000 
3000 6000 
3000 6000 
3000 6000 
3000 6000 
3000 6000 
3000 6000 
3000 6000 
3000 6000 
3000 6000 
3000 6000 
3000 6000 
3000 6000 
3000 6000 
3000 6000 
3000 6000 
3000 6000 
3000 6000 
3000 6000 
3000 6000 
3000 6000 
3000 6000 
3000 6000 
3000 6000 
3000 6000 
3000 6000 
3000 6000 
3000 6000 
3000 6000 
100 254
721 817 2
971 1762 2
916 1992 2
784 1937 2
774 1897 2
589 1947 2
591 787 2
686 872 2
1126 1342 2
1071 1317 2
766 1927 2
714 1990 8
614 1990 16
823 1321 1
774 1916 1
783 953 2
783 952 1
764 2076 1
605 2002 4
702 1098 2
702 1029 1
870 1104 1
733 1632 1
492 713 2
549 1103 2
498 1161 2
395 1186 2
902 1133 2
791 1906 1
711 1804 1
639 1020 2
639 1049 1
758 1094 2
758 844 2
944 1898 2
644 2058 2
944 1998 12
744 858 6
644 858 4
844 1988 2
844 1958 8
658 744 2
744 1858 2
458 944 4
458 1444 2
1156 1996 1
1155 1996 1
1144 1958 6
1124 1961 5
1123 1961 5
875 1972 4
877 1972 2
608 946 2
875 1893 2
877 1893 1
875 1856 2
877 1856 1
985 2108 2
987 2108 1
985 1071 2
987 1071 1
942 1993 6
943 1993 3
1121 2008 1
721 1861 1
923 1996 1
924 1996 1
758 841 2
721 1846 1
544 858 4
935 1236 2
480 837 2
1290 1346 2
690 986 2
778 1886 2
703 816 2
703 1646 2
722 2011 4
523 1873 1
524 1873 1
644 873 4
694 808 2
1121 2011 1
623 2106 1
622 2106 1
992 1954 4
921 1938 10
1134 1992 2
734 1992 2
734 856 2
834 887 2
1121 1938 2
824 1285 4
749 1589 1
709 1579 1
699 1579 1
759 1549 1
769 1529 1
531 2035 6
408 1504 2
3000 6000 
3000 6000 
3000 6000 
3000 6000 
3000 6000 
3000 6000 
3000 6000 
3000 6000 
3000 6000 
3000 6000 
3000 6000 
3000 6000 
3000 6000 
3000 6000 
3000 6000 
3000 6000 
3000 6000 
3000 6000 
3000 6000 
3000 6000 
3000 6000 
3000 6000 
3000 6000 
3000 6000 
3000 6000 
3000 6000 
3000 6000 
3000 6000 
3000 6000 
3000 6000 
3000 6000 
3000 6000 
3000 6000 
3000 6000 
3000 6000 
3000 6000 
3000 6000 
3000 6000 
3000 6000 
3000 6000 
3000 6000 
3000 6000 
3000 6000 
3000 6000 
3000 6000 
3000 6000 
3000 6000 
3000 6000 
3000 6000 
3000 6000 
3000 6000 
3000 6000 
3000 6000 
3000 6000 
3000 6000 
3000 6000 
3000 6000 
3000 6000 
3000 6000 
3000 6000 
3000 6000 
3000 6000 
3000 6000 
3000 6000 
3000 6000 
3000 6000 
3000 6000 
3000 6000 
3000 6000 
3000 6000 
3000 6000 
3000 6000 
3000 6000 
3000 6000 
3000 6000 
3000 6000 
3000 6000 
3000 6000 
3000 6000 
3000 6000 
3000 6000 
3000 6000 
3000 6000 
3000 6000 
3000 6000 
3000 6000 
3000 6000 
3000 6000 
3000 6000 
3000 6000 
3000 6000 
3000 6000 
3000 6000 
3000 6000 
3000 6000 
3000 6000 
3000 6000 
3000 6000 
3000 6000 
3000 6000 
3000 6000 
3000 6000 
3000 6000 
3000 6000 
3000 6000 
3000 6000 
3000 6000 
3000 6000 
3000 6000 
3000 6000 
3000 6000 
3000 6000 
3000 6000 
3000 6000 
3000 6000 
3000 6000 
3000 6000 
3000 6000 
3000 6000 
3000 6000 
3000 6000 
3000 6000 
3000 6000 
3000 6000 
3000 6000 
3000 6000 
3000 6000 
3000 6000 
3000 6000 
3000 6000 
3000 6000 
3000 6000 
3000 6000 
3000 6000 
3000 6000 
3000 6000 
3000 6000 
3000 6000 
3000 6000 
3000 6000 
3000 6000 
3000 6000 
3000 6000 
3000 6000 
3000 6000 
3000 6000 
3000 6000 
3000 6000 
3000 6000 
3000 6000 
3000 6000 
3000 6000 
3000 6000 
3000 6000 
3000 6000 
3000 6000 
3000 6000 
3000 6000 
3000 6000 
3000 6000 
3000 6000 
3000 6000 
3000 6000 
3000 6000 
3000 6000 
3000 6000 
3000 6000 
3000 6000 
3000 6000 
3000 6000 
3000 6000 
3000 6000 
3000 6000 
3000 6000 
3000 6000 
3000 6000 
3000 6000 
3000 6000 
3000 6000 
3000 6000 
3000 6000 
3000 6000 
3000 6000 
3000 6000 
3000 6000 
3000 6000 
3000 6000 
3000 6000 
3000 6000 
3000 6000 
3000 6000 
3000 6000 
3000 6000 
3000 6000 
3000 6000 
3000 6000 
3000 6000 
3000 6000 
3000 6000 
3000 6000 
3000 6000 
3000 6000 
3000 6000 
3000 6000 
3000 6000 
3000 6000 
3000 6000 
3000 6000 
3000 6000 
3000 6000 
3000 6000 
3000 6000 
3000 6000 
3000 6000 
3000 6000 
3000 6000 
3000 6000 
3000 6000 
3000 6000 
3000 6000 
3000 6000 
3000 6000 
3000 6000 
3000 6000 
3000 6000 
3000 6000 
3000 6000 
3000 6000 
3000 6000 
3000 6000 
3000 6000 
3000 6000 
3000 6000 
3000 6000 
3000 6000 
3000 6000 
3000 6000 
3000 6000 
3000 6000 
3000 6000 
3000 6000 
3000 6000 
3000 6000 
3000 6000 
3000 6000 
3000 6000 
3000 6000 
3000 6000 
3000 6000 
3000 6000 
3000 6000 
3000 6000 
3000 6000 
3000 6000 
100 232
440 1517 4
430 929 2
392 482 2
517 517 1
611 906 2
785 1923 4
506 701 2
1085 1673 2
411 1847 4
405 1247 1
458 1742 2
261 1277 2
488 1532 2
378 1532 2
478 1242 2
418 1798 6
416 1792 2
453 1240 2
544 1174 2
453 1174 4
455 1102 3
453 822 2
544 756 2
453 756 4
317 1183 2
397 1053 1
549 967 1
506 939 4
482 1808 1
575 1998 2
575 1865 2
564 1188 1
564 1102 2
584 1153 1
290 392 1
618 1230 1
738 1017 2
719 1047 2
453 1122 2
590 1147 1
453 1147 2
520 1744 2
479 1168 4
479 818 2
571 1110 2
571 1105 2
589 1533 1
498 832 2
630 805 3
382 1940 4
426 1122 2
558 1147 2
353 1192 4
638 1066 1
538 942 2
431 1583 4
377 1066 4
377 866 4
238 566 2
437 823 2
266 1038 1
475 1718 2
667 1801 1
487 1393 1
743 1692 1
718 1073 1
818 1062 2
312 1133 2
513 656 1
510 658 1
404 843 1
592 1045 2
783 1580 10
843 893 1
1715 2140 4
1715 2115 4
1756 2117 1
1756 2017 3
857 2117 2
836 2012 2
567 1956 5
700 1605 4
497 1080 2
1158 1962 2
902 1485 2
682 902 2
685 2045 2
1453 2052 3
1036 1852 2
937 1022 2
1092 1962 2
902 1062 2
1156 1882 1
558 1992 2
836 842 2
836 1992 4
537 772 4
937 2022 4
836 2022 2
1035 1290 2
3000 6000 
3000 6000 
3000 6000 
3000 6000 
3000 6000 
3000 6000 
3000 6000 
3000 6000 
3000 6000 
3000 6000 
3000 6000 
3000 6000 
3000 6000 
3000 6000 
3000 6000 
3000 6000 
3000 6000 
3000 6000 
3000 6000 
3000 6000 
3000 6000 
3000 6000 
3000 6000 
3000 6000 
3000 6000 
3000 6000 
3000 6000 
3000 6000 
3000 6000 
3000 6000 
3000 6000 
3000 6000 
3000 6000 
3000 6000 
3000 6000 
3000 6000 
3000 6000 
3000 6000 
3000 6000 
3000 6000 
3000 6000 
3000 6000 
3000 6000 
3000 6000 
3000 6000 
3000 6000 
3000 6000 
3000 6000 
3000 6000 
3000 6000 
3000 6000 
3000 6000 
3000 6000 
3000 6000 
3000 6000 
3000 6000 
3000 6000 
3000 6000 
3000 6000 
3000 6000 
3000 6000 
3000 6000 
3000 6000 
3000 6000 
3000 6000 
3000 6000 
3000 6000 
3000 6000 
3000 6000 
3000 6000 
3000 6000 
3000 6000 
3000 6000 
3000 6000 
3000 6000 
3000 6000 
3000 6000 
3000 6000 
3000 6000 
3000 6000 
3000 6000 
3000 6000 
3000 6000 
3000 6000 
3000 6000 
3000 6000 
3000 6000 
3000 6000 
3000 6000 
3000 6000 
3000 6000 
3000 6000 
3000 6000 
3000 6000 
3000 6000 
3000 6000 
3000 6000 
3000 6000 
3000 6000 
3000 6000 
3000 6000 
3000 6000 
3000 6000 
3000 6000 
3000 6000 
3000 6000 
3000 6000 
3000 6000 
3000 6000 
3000 6000 
3000 6000 
3000 6000 
3000 6000 
3000 6000 
3000 6000 
3000 6000 
3000 6000 
3000 6000 
3000 6000 
3000 6000 
3000 6000 
3000 6000 
3000 6000 
3000 6000 
3000 6000 
3000 6000 
3000 6000 
3000 6000 
3000 6000 
3000 6000 
3000 6000 
3000 6000 
3000 6000 
3000 6000 
3000 6000 
3000 6000 
3000 6000 
3000 6000 
3000 6000 
3000 6000 
3000 6000 
3000 6000 
3000 6000 
3000 6000 
3000 6000 
3000 6000 
3000 6000 
3000 6000 
3000 6000 
3000 6000 
3000 6000 
3000 6000 
3000 6000 
3000 6000 
3000 6000 
3000 6000 
3000 6000 
3000 6000 
3000 6000 
3000 6000 
3000 6000 
3000 6000 
3000 6000 
3000 6000 
3000 6000 
3000 6000 
3000 6000 
3000 6000 
3000 6000 
3000 6000 
3000 6000 
3000 6000 
3000 6000 
3000 6000 
3000 6000 
3000 6000 
3000 6000 
3000 6000 
3000 6000 
3000 6000 
3000 6000 
3000 6000 
3000 6000 
3000 6000 
3000 6000 
3000 6000 
3000 6000 
3000 6000 
3000 6000 
3000 6000 
3000 6000 
3000 6000 
3000 6000 
3000 6000 
3000 6000 
3000 6000 
3000 6000 
3000 6000 
3000 6000 
3000 6000 
3000 6000 
3000 6000 
3000 6000 
3000 6000 
3000 6000 
3000 6000 
3000 6000 
3000 6000 
3000 6000 
3000 6000 
3000 6000 
3000 6000 
3000 6000 
3000 6000 
3000 6000 
3000 6000 
3000 6000 
3000 6000 
3000 6000 
3000 6000 
3000 6000 
3000 6000 
3000 6000 
3000 6000 
3000 6000 
3000 6000 
3000 6000 
3000 6000 
3000 6000 
3000 6000 
3000 6000 
3000 6000 
100 195
721 1861 1
923 1996 1
924 1996 1
758 841 2
721 1846 1
544 858 4
935 1236 2
480 837 2
1290 1346 2
690 986 2
778 1886 2
703 816 2
703 1646 2
722 2011 4
523 1873 1
524 1873 1
644 873 4
694 808 2
1121 2011 1
623 2106 1
622 2106 1
992 1954 4
921 1938 10
1134 1992 2
734 1992 2
734 856 2
834 887 2
1121 1938 2
824 1285 4
749 1589 1
709 1579 1
699 1579 1
759 1549 1
769 1529 1
531 2035 6
408 1504 2
398 1404 2
358 1224 2
323 1224 2
591 2126 2
551 2154 2
648 1549 1
851 1476 1
836 1476 5
656 1021 1
456 856 4
692 1792 1
721 841 4
953 2267 1
1078 1237 1
685 1184 1
437 953 1
818 2041 2
1230 1938 2
1004 1938 2
1113 1791 2
887 1304 2
587 1179 2
609 2278 2
783 2111 2
1525 1963 1
1055 2013 1
1113 1931 4
913 1720 3
826 1376 2
700 1071 1
393 2012 1
622 1757 1
1212 1957 1
754 1186 1
697 1241 1
598 2116 1
1904 1974 1
1105 1961 1
372 1146 6
372 946 2
1136 1962 2
523 1490 1
428 1344 2
1206 2100 2
821 1938 1
308 508 1
635 785 1
1234 1298 1
358 780 2
770 2040 1
913 913 2
752 757 1
780 2065 1
600 1674 2
690 1248 2
690 750 1
1042 1934 1
619 1273 1
322 1240 2
307 1210 2
507 508 6
349 1535 2
312 1470 2
746 2552 1
3000 6000 
3000 6000 
3000 6000 
3000 6000 
3000 6000 
3000 6000 
3000 6000 
3000 6000 
3000 6000 
3000 6000 
3000 6000 
3000 6000 
3000 6000 
3000 6000 
3000 6000 
3000 6000 
3000 6000 
3000 6000 
3000 6000 
3000 6000 
3000 6000 
3000 6000 
3000 6000 
3000 6000 
3000 6000 
3000 6000 
3000 6000 
3000 6000 
3000 6000 
3000 6000 
3000 6000 
3000 6000 
3000 6000 
3000 6000 
3000 6000 
3000 6000 
3000 6000 
3000 6000 
3000 6000 
3000 6000 
3000 6000 
3000 6000 
3000 6000 
3000 6000 
3000 6000 
3000 6000 
3000 6000 
3000 6000 
3000 6000 
3000 6000 
3000 6000 
3000 6000 
3000 6000 
3000 6000 
3000 6000 
3000 6000 
3000 6000 
3000 6000 
3000 6000 
3000 6000 
3000 6000 
3000 6000 
3000 6000 
3000 6000 
3000 6000 
3000 6000 
3000 6000 
3000 6000 
3000 6000 
3000 6000 
3000 6000 
3000 6000 
3000 6000 
3000 6000 
3000 6000 
3000 6000 
3000 6000 
3000 6000 
3000 6000 
3000 6000 
3000 6000 
3000 6000 
3000 6000 
3000 6000 
3000 6000 
3000 6000 
3000 6000 
3000 6000 
3000 6000 
3000 6000 
3000 6000 
3000 6000 
3000 6000 
3000 6000 
3000 6000 
3000 6000 
3000 6000 
3000 6000 
3000 6000 
3000 6000 
3000 6000 
3000 6000 
3000 6000 
3000 6000 
3000 6000 
3000 6000 
3000 6000 
3000 6000 
3000 6000 
3000 6000 
3000 6000 
3000 6000 
3000 6000 
3000 6000 
3000 6000 
3000 6000 
3000 6000 
3000 6000 
3000 6000 
3000 6000 
3000 6000 
3000 6000 
3000 6000 
3000 6000 
3000 6000 
3000 6000 
3000 6000 
3000 6000 
3000 6000 
3000 6000 
3000 6000 
3000 6000 
3000 6000 
3000 6000 
3000 6000 
3000 6000 
3000 6000 
3000 6000 
3000 6000 
3000 6000 
3000 6000 
3000 6000 
3000 6000 
3000 6000 
3000 6000 
3000 6000 
3000 6000 
3000 6000 
3000 6000 
3000 6000 
3000 6000 
3000 6000 
3000 6000 
3000 6000 
3000 6000 
3000 6000 
3000 6000 
3000 6000 
3000 6000 
3000 6000 
3000 6000 
3000 6000 
3000 6000 
3000 6000 
3000 6000 
3000 6000 
3000 6000 
3000 6000 
3000 6000 
3000 6000 
3000 6000 
3000 6000 
3000 6000 
3000 6000 
3000 6000 
3000 6000 
3000 6000 
3000 6000 
3000 6000 
3000 6000 
3000 6000 
3000 6000 
3000 6000 
3000 6000 
3000 6000 
3000 6000 
3000 6000 
3000 6000 
3000 6000 
3000 6000 
3000 6000 
3000 6000 
3000 6000 
3000 6000 
3000 6000 
100 255
791 1973 4
743 941 2
1122 1878 2
822 1983 2
722 1983 2
522 843 8
922 2008 4
1449 2008 2
840 2008 1
1040 1963 1
778 2048 2
922 1973 4
643 722 2
1064 1342 2
731 1982 2
671 982 2
661 1092 2
1172 1286 2
729 2072 2
1191 1312 2
916 1312 2
916 2012 2
621 1062 2
609 1062 2
586 2012 4
946 1942 2
580 1037 2
959 1934 2
611 852 2
866 2092 2
817 956 2
817 914 2
721 817 2
971 1762 2
916 1992 2
784 1937 2
774 1897 2
589 1947 2
591 787 2
686 872 2
1126 1342 2
1071 1317 2
766 1927 2
714 1990 8
614 1990 16
823 1321 1
774 1916 1
783 953 2
783 952 1
764 2076 1
605 2002 4
702 1098 2
702 1029 1
870 1104 1
733 1632 1
492 713 2
549 1103 2
498 1161 2
395 1186 2
902 1133 2
791 1906 1
711 1804 1
639 1020 2
639 1049 1
758 1094 2
758 844 2
944 1898 2
644 2058 2
944 1998 12
744 858 6
644 858 4
844 1988 2
844 1958 8
658 744 2
744 1858 2
458 944 4
458 1444 2
1156 1996 1
1155 1996 1
1144 1958 6
1124 1961 5
1123 1961 5
875 1972 4
877 1972 2
608 946 2
875 1893 2
877 1893 1
875 1856 2
877 1856 1
985 2108 2
987 2108 1
985 1071 2
987 1071 1
942 1993 6
943 1993 3
1121 2008 1
721 1861 1
923 1996 1
924 1996 1
758 841 2
3000 6000 
3000 6000 
3000 6000 
3000 6000 
3000 6000 
3000 6000 
3000 6000 
3000 6000 
3000 6000 
3000 6000 
3000 6000 
3000 6000 
3000 6000 
3000 6000 
3000 6000 
3000 6000 
3000 6000 
3000 6000 
3000 6000 
3000 6000 
3000 6000 
3000 6000 
3000 6000 
3000 6000 
3000 6000 
3000 6000 
3000 6000 
3000 6000 
3000 6000 
3000 6000 
3000 6000 
3000 6000 
3000 6000 
3000 6000 
3000 6000 
3000 6000 
3000 6000 
3000 6000 
3000 6000 
3000 6000 
3000 6000 
3000 6000 
3000 6000 
3000 6000 
3000 6000 
3000 6000 
3000 6000 
3000 6000 
3000 6000 
3000 6000 
3000 6000 
3000 6000 
3000 6000 
3000 6000 
3000 6000 
3000 6000 
3000 6000 
3000 6000 
3000 6000 
3000 6000 
3000 6000 
3000 6000 
3000 6000 
3000 6000 
3000 6000 
3000 6000 
3000 6000 
3000 6000 
3000 6000 
3000 6000 
3000 6000 
3000 6000 
3000 6000 
3000 6000 
3000 6000 
3000 6000 
3000 6000 
3000 6000 
3000 6000 
3000 6000 
3000 6000 
3000 6000 
3000 6000 
3000 6000 
3000 6000 
3000 6000 
3000 6000 
3000 6000 
3000 6000 
3000 6000 
3000 6000 
3000 6000 
3000 6000 
3000 6000 
3000 6000 
3000 6000 
3000 6000 
3000 6000 
3000 6000 
3000 6000 
3000 6000 
3000 6000 
3000 6000 
3000 6000 
3000 6000 
3000 6000 
3000 6000 
3000 6000 
3000 6000 
3000 6000 
3000 6000 
3000 6000 
3000 6000 
3000 6000 
3000 6000 
3000 6000 
3000 6000 
3000 6000 
3000 6000 
3000 6000 
3000 6000 
3000 6000 
3000 6000 
3000 6000 
3000 6000 
3000 6000 
3000 6000 
3000 6000 
3000 6000 
3000 6000 
3000 6000 
3000 6000 
3000 6000 
3000 6000 
3000 6000 
3000 6000 
3000 6000 
3000 6000 
3000 6000 
3000 6000 
3000 6000 
3000 6000 
3000 6000 
3000 6000 
3000 6000 
3000 6000 
3000 6000 
3000 6000 
3000 6000 
3000 6000 
3000 6000 
3000 6000 
3000 6000 
3000 6000 
3000 6000 
3000 6000 
3000 6000 
3000 6000 
3000 6000 
3000 6000 
3000 6000 
3000 6000 
3000 6000 
3000 6000 
3000 6000 
3000 6000 
3000 6000 
3000 6000 
3000 6000 
3000 6000 
3000 6000 
3000 6000 
3000 6000 
3000 6000 
3000 6000 
3000 6000 
3000 6000 
3000 6000 
3000 6000 
3000 6000 
3000 6000 
3000 6000 
3000 6000 
3000 6000 
3000 6000 
3000 6000 
3000 6000 
3000 6000 
3000 6000 
3000 6000 
3000 6000 
3000 6000 
3000 6000 
3000 6000 
3000 6000 
3000 6000 
3000 6000 
3000 6000 
3000 6000 
3000 6000 
3000 6000 
3000 6000 
3000 6000 
3000 6000 
3000 6000 
3000 6000 
3000 6000 
3000 6000 
3000 6000 
3000 6000 
3000 6000 
3000 6000 
3000 6000 
3000 6000 
3000 6000 
3000 6000 
3000 6000 
3000 6000 
3000 6000 
3000 6000 
3000 6000 
3000 6000 
3000 6000 
3000 6000 
3000 6000 
3000 6000 
3000 6000 
3000 6000 
3000 6000 
3000 6000 
3000 6000 
3000 6000 
3000 6000 
3000 6000 
3000 6000 
3000 6000 
3000 6000 
3000 6000 
3000 6000 
3000 6000 
3000 6000 
3000 6000 
3000 6000 
3000 6000 
3000 6000 
3000 6000 
3000 6000 
3000 6000 
3000 6000 
3000 6000 
3000 6000 
3000 6000 
3000 6000 
3000 6000 
3000 6000 
