10
100 229
349 1535 2
312 1470 2
746 2552 1
359 1591 2
344 1451 2
720 1076 1
735 911 6
767 1265 1
766 1175 1
712 1787 1
712 1876 1
1142 1872 2
466 2037 2
563 2037 2
494 1130 6
494 930 4
525 2161 1
261 2161 1
584 1736 4
338 1582 10
516 1322 2
691 748 1
560 1516 1
369 727 1
462 915 1
523 1410 1
555 1723 3
561 1698 2
394 1661 2
303 1093 3
338 1362 2
343 1352 2
341 1257 2
833 1138 1
532 1047 1
442 1004 8
394 445 2
369 444 1
401 990 4
563 1167 2
313 573 1
461 1313 2
528 1137 4
541 1003 4
466 1933 2
309 1120 2
466 1080 8
466 880 2
784 1214 5
566 638 1
638 1237 1
553 1107 2
566 742 6
466 710 4
418 671 1
1093 1501 1
1093 1601 1
847 877 5
401 1393 2
551 1717 4
466 1665 2
506 1635 4
408 1567 2
511 1342 2
541 987 2
556 1935 2
678 990 1
630 973 1
601 952 2
678 935 1
858 928 1
584 928 6
818 858 2
446 1925 6
815 972 1
950 1973 2
965 1928 2
570 1623 2
950 1100 4
500 950 4
865 1968 2
650 1945 2
500 932 2
725 1875 4
360 2116 1
193 2035 1
471 936 1
631 766 1
256 829 1
1404 2128 1
581 1007 1
291 1007 1
495 853 1
404 653 1
443 696 1
422 650 1
631 1298 1
461 809 1
438 1612 2
325 748 2
3000 6000 
3000 6000 
3000 6000 
3000 6000 
3000 6000 
3000 6000 
3000 6000 
3000 6000 
3000 6000 
3000 6000 
3000 6000 
3000 6000 
3000 6000 
3000 6000 
3000 6000 
3000 6000 
3000 6000 
3000 6000 
3000 6000 
3000 6000 
3000 6000 
3000 6000 
3000 6000 
3000 6000 
3000 6000 
3000 6000 
3000 6000 
3000 6000 
3000 6000 
3000 6000 
3000 6000 
3000 6000 
3000 6000 
3000 6000 
3000 6000 
3000 6000 
3000 6000 
3000 6000 
3000 6000 
3000 6000 
3000 6000 
3000 6000 
3000 6000 
3000 6000 
3000 6000 
3000 6000 
3000 6000 
3000 6000 
3000 6000 
3000 6000 
3000 6000 
3000 6000 
3000 6000 
3000 6000 
3000 6000 
3000 6000 
3000 6000 
3000 6000 
3000 6000 
3000 6000 
3000 6000 
3000 6000 
3000 6000 
3000 6000 
3000 6000 
3000 6000 
3000 6000 
3000 6000 
3000 6000 
3000 6000 
3000 6000 
3000 6000 
3000 6000 
3000 6000 
3000 6000 
3000 6000 
3000 6000 
3000 6000 
3000 6000 
3000 6000 
3000 6000 
3000 6000 
3000 6000 
3000 6000 
3000 6000 
3000 6000 
3000 6000 
3000 6000 
3000 6000 
3000 6000 
3000 6000 
3000 6000 
3000 6000 
3000 6000 
3000 6000 
3000 6000 
3000 6000 
3000 6000 
3000 6000 
3000 6000 
3000 6000 
3000 6000 
3000 6000 
3000 6000 
3000 6000 
3000 6000 
3000 6000 
3000 6000 
3000 6000 
3000 6000 
3000 6000 
3000 6000 
3000 6000 
3000 6000 
3000 6000 
3000 6000 
3000 6000 
3000 6000 
3000 6000 
3000 6000 
3000 6000 
3000 6000 
3000 6000 
3000 6000 
3000 6000 
3000 6000 
3000 6000 
3000 6000 
3000 6000 
3000 6000 
3000 6000 
3000 6000 
3000 6000 
3000 6000 
3000 6000 
3000 6000 
3000 6000 
3000 6000 
3000 6000 
3000 6000 
3000 6000 
3000 6000 
3000 6000 
3000 6000 
3000 6000 
3000 6000 
3000 6000 
3000 6000 
3000 6000 
3000 6000 
3000 6000 
3000 6000 
3000 6000 
3000 6000 
3000 6000 
3000 6000 
3000 6000 
3000 6000 
3000 6000 
3000 6000 
3000 6000 
3000 6000 
3000 6000 
3000 6000 
3000 6000 
3000 6000 
3000 6000 
3000 6000 
3000 6000 
3000 6000 
3000 6000 
3000 6000 
3000 6000 
3000 6000 
3000 6000 
3000 6000 
3000 6000 
3000 6000 
3000 6000 
3000 6000 
3000 6000 
3000 6000 
3000 6000 
3000 6000 
3000 6000 
3000 6000 
3000 6000 
3000 6000 
3000 6000 
3000 6000 
3000 6000 
3000 6000 
3000 6000 
3000 6000 
3000 6000 
3000 6000 
3000 6000 
3000 6000 
3000 6000 
3000 6000 
3000 6000 
3000 6000 
3000 6000 
3000 6000 
3000 6000 
3000 6000 
3000 6000 
3000 6000 
3000 6000 
3000 6000 
3000 6000 
3000 6000 
3000 6000 
3000 6000 
3000 6000 
3000 6000 
3000 6000 
3000 6000 
3000 6000 
3000 6000 
3000 6000 
3000 6000 
3000 6000 
3000 6000 
3000 6000 
3000 6000 
3000 6000 
3000 6000 
3000 6000 
100 230
392 482 2
517 517 1
611 906 2
785 1923 4
506 701 2
1085 1673 2
411 1847 4
405 1247 1
458 1742 2
261 1277 2
488 1532 2
378 1532 2
478 1242 2
418 1798 6
416 1792 2
453 1240 2
544 1174 2
453 1174 4
455 1102 3
453 822 2
544 756 2
453 756 4
317 1183 2
397 1053 1
549 967 1
506 939 4
482 1808 1
575 1998 2
575 1865 2
564 1188 1
564 1102 2
584 1153 1
290 392 1
618 1230 1
738 1017 2
719 1047 2
453 1122 2
590 1147 1
453 1147 2
520 1744 2
479 1168 4
479 818 2
571 1110 2
571 1105 2
589 1533 1
498 832 2
630 805 3
382 1940 4
426 1122 2
558 1147 2
353 1192 4
638 1066 1
538 942 2
431 1583 4
377 1066 4
377 866 4
238 566 2
437 823 2
266 1038 1
475 1718 2
667 1801 1
487 1393 1
743 1692 1
718 1073 1
818 1062 2
312 1133 2
513 656 1
510 658 1
404 843 1
592 1045 2
783 1580 10
843 893 1
1715 2140 4
1715 2115 4
1756 2117 1
1756 2017 3
857 2117 2
836 2012 2
567 1956 5
700 1605 4
497 1080 2
1158 1962 2
902 1485 2
682 902 2
685 2045 2
1453 2052 3
1036 1852 2
937 1022 2
1092 1962 2
902 1062 2
1156 1882 1
558 1992 2
836 842 2
836 1992 4
537 772 4
937 2022 4
836 2022 2
1035 1290 2
890 1955 2
789 1035 2
3000 6000 
3000 6000 
3000 6000 
3000 6000 
3000 6000 
3000 6000 
3000 6000 
3000 6000 
3000 6000 
3000 6000 
3000 6000 
3000 6000 
3000 6000 
3000 6000 
3000 6000 
3000 6000 
3000 6000 
3000 6000 
3000 6000 
3000 6000 
3000 6000 
3000 6000 
3000 6000 
3000 6000 
3000 6000 
3000 6000 
3000 6000 
3000 6000 
3000 6000 
3000 6000 
3000 6000 
3000 6000 
3000 6000 
3000 6000 
3000 6000 
3000 6000 
3000 6000 
3000 6000 
3000 6000 
3000 6000 
3000 6000 
3000 6000 
3000 6000 
3000 6000 
3000 6000 
3000 6000 
3000 6000 
3000 6000 
3000 6000 
3000 6000 
3000 6000 
3000 6000 
3000 6000 
3000 6000 
3000 6000 
3000 6000 
3000 6000 
3000 6000 
3000 6000 
3000 6000 
3000 6000 
3000 6000 
3000 6000 
3000 6000 
3000 6000 
3000 6000 
3000 6000 
3000 6000 
3000 6000 
3000 6000 
3000 6000 
3000 6000 
3000 6000 
3000 6000 
3000 6000 
3000 6000 
3000 6000 
3000 6000 
3000 6000 
3000 6000 
3000 6000 
3000 6000 
3000 6000 
3000 6000 
3000 6000 
3000 6000 
3000 6000 
3000 6000 
3000 6000 
3000 6000 
3000 6000 
3000 6000 
3000 6000 
3000 6000 
3000 6000 
3000 6000 
3000 6000 
3000 6000 
3000 6000 
3000 6000 
3000 6000 
3000 6000 
3000 6000 
3000 6000 
3000 6000 
3000 6000 
3000 6000 
3000 6000 
3000 6000 
3000 6000 
3000 6000 
3000 6000 
3000 6000 
3000 6000 
3000 6000 
3000 6000 
3000 6000 
3000 6000 
3000 6000 
3000 6000 
3000 6000 
3000 6000 
3000 6000 
3000 6000 
3000 6000 
3000 6000 
3000 6000 
3000 6000 
3000 6000 
3000 6000 
3000 6000 
3000 6000 
3000 6000 
3000 6000 
3000 6000 
3000 6000 
3000 6000 
3000 6000 
3000 6000 
3000 6000 
3000 6000 
3000 6000 
3000 6000 
3000 6000 
3000 6000 
3000 6000 
3000 6000 
3000 6000 
3000 6000 
3000 6000 
3000 6000 
3000 6000 
3000 6000 
3000 6000 
3000 6000 
3000 6000 
3000 6000 
3000 6000 
3000 6000 
3000 6000 
3000 6000 
3000 6000 
3000 6000 
3000 6000 
3000 6000 
3000 6000 
3000 6000 
3000 6000 
3000 6000 
3000 6000 
3000 6000 
3000 6000 
3000 6000 
3000 6000 
3000 6000 
3000 6000 
3000 6000 
3000 6000 
3000 6000 
3000 6000 
3000 6000 
3000 6000 
3000 6000 
3000 6000 
3000 6000 
3000 6000 
3000 6000 
3000 6000 
3000 6000 
3000 6000 
3000 6000 
3000 6000 
3000 6000 
3000 6000 
3000 6000 
3000 6000 
3000 6000 
3000 6000 
3000 6000 
3000 6000 
3000 6000 
3000 6000 
3000 6000 
3000 6000 
3000 6000 
3000 6000 
3000 6000 
3000 6000 
3000 6000 
3000 6000 
3000 6000 
3000 6000 
3000 6000 
3000 6000 
3000 6000 
3000 6000 
3000 6000 
3000 6000 
3000 6000 
3000 6000 
3000 6000 
3000 6000 
3000 6000 
3000 6000 
3000 6000 
3000 6000 
3000 6000 
3000 6000 
3000 6000 
3000 6000 
100 261
817 1013 4
1017 1966 6
817 931 4
917 2003 2
722 1973 2
1287 1943 3
1012 1123 2
1122 2008 8
722 2008 2
622 873 6
822 2008 2
949 1998 2
949 2013 2
840 1843 1
922 2009 4
822 2009 2
713 987 1
422 713 2
1140 1943 1
1251 2013 1
1149 1978 2
1122 1978 2
1322 1978 2
877 1978 3
949 1908 2
922 1873 2
907 1808 2
1322 1873 2
673 722 2
814 1975 4
1114 1945 4
814 1945 6
814 825 2
964 1945 6
809 1145 2
746 952 8
1006 2122 2
581 2132 2
751 1852 2
1261 1822 2
867 1845 2
859 1850 2
847 1110 2
1004 1907 2
886 1024 2
714 940 2
474 917 2
567 1044 2
652 936 2
1086 1767 2
1446 2072 2
1407 2072 2
1403 2072 2
1342 2072 2
1294 1952 2
814 2000 2
1140 1883 2
814 2015 4
690 891 2
814 1985 4
814 845 6
1114 1980 2
964 1980 2
964 1975 2
964 1075 2
899 1365 2
695 1365 2
525 914 2
1087 1745 2
1114 2010 8
573 2047 2
317 690 1
397 1114 3
514 604 1
404 524 1
269 375 1
428 1119 2
639 2082 1
262 2082 1
683 2082 1
263 2082 1
473 1270 8
450 1710 2
627 1710 1
553 1119 2
555 914 2
900 1119 2
461 974 6
478 1180 4
578 1394 2
484 1600 3
497 1647 2
497 1599 2
484 902 6
399 1391 2
384 1235 2
404 1168 2
396 1145 2
569 1295 2
569 1202 4
3000 6000 
3000 6000 
3000 6000 
3000 6000 
3000 6000 
3000 6000 
3000 6000 
3000 6000 
3000 6000 
3000 6000 
3000 6000 
3000 6000 
3000 6000 
3000 6000 
3000 6000 
3000 6000 
3000 6000 
3000 6000 
3000 6000 
3000 6000 
3000 6000 
3000 6000 
3000 6000 
3000 6000 
3000 6000 
3000 6000 
3000 6000 
3000 6000 
3000 6000 
3000 6000 
3000 6000 
3000 6000 
3000 6000 
3000 6000 
3000 6000 
3000 6000 
3000 6000 
3000 6000 
3000 6000 
3000 6000 
3000 6000 
3000 6000 
3000 6000 
3000 6000 
3000 6000 
3000 6000 
3000 6000 
3000 6000 
3000 6000 
3000 6000 
3000 6000 
3000 6000 
3000 6000 
3000 6000 
3000 6000 
3000 6000 
3000 6000 
3000 6000 
3000 6000 
3000 6000 
3000 6000 
3000 6000 
3000 6000 
3000 6000 
3000 6000 
3000 6000 
3000 6000 
3000 6000 
3000 6000 
3000 6000 
3000 6000 
3000 6000 
3000 6000 
3000 6000 
3000 6000 
3000 6000 
3000 6000 
3000 6000 
3000 6000 
3000 6000 
3000 6000 
3000 6000 
3000 6000 
3000 6000 
3000 6000 
3000 6000 
3000 6000 
3000 6000 
3000 6000 
3000 6000 
3000 6000 
3000 6000 
3000 6000 
3000 6000 
3000 6000 
3000 6000 
3000 6000 
3000 6000 
3000 6000 
3000 6000 
3000 6000 
3000 6000 
3000 6000 
3000 6000 
3000 6000 
3000 6000 
3000 6000 
3000 6000 
3000 6000 
3000 6000 
3000 6000 
3000 6000 
3000 6000 
3000 6000 
3000 6000 
3000 6000 
3000 6000 
3000 6000 
3000 6000 
3000 6000 
3000 6000 
3000 6000 
3000 6000 
3000 6000 
3000 6000 
3000 6000 
3000 6000 
3000 6000 
3000 6000 
3000 6000 
3000 6000 
3000 6000 
3000 6000 
3000 6000 
3000 6000 
3000 6000 
3000 6000 
3000 6000 
3000 6000 
3000 6000 
3000 6000 
3000 6000 
3000 6000 
3000 6000 
3000 6000 
3000 6000 
3000 6000 
3000 6000 
3000 6000 
3000 6000 
3000 6000 
3000 6000 
3000 6000 
3000 6000 
3000 6000 
3000 6000 
3000 6000 
3000 6000 
3000 6000 
3000 6000 
3000 6000 
3000 6000 
3000 6000 
3000 6000 
3000 6000 
3000 6000 
3000 6000 
3000 6000 
3000 6000 
3000 6000 
3000 6000 
3000 6000 
3000 6000 
3000 6000 
3000 6000 
3000 6000 
3000 6000 
3000 6000 
3000 6000 
3000 6000 
3000 6000 
3000 6000 
3000 6000 
3000 6000 
3000 6000 
3000 6000 
3000 6000 
3000 6000 
3000 6000 
3000 6000 
3000 6000 
3000 6000 
3000 6000 
3000 6000 
3000 6000 
3000 6000 
3000 6000 
3000 6000 
3000 6000 
3000 6000 
3000 6000 
3000 6000 
3000 6000 
3000 6000 
3000 6000 
3000 6000 
3000 6000 
3000 6000 
3000 6000 
3000 6000 
3000 6000 
3000 6000 
3000 6000 
3000 6000 
3000 6000 
3000 6000 
3000 6000 
3000 6000 
3000 6000 
3000 6000 
3000 6000 
3000 6000 
3000 6000 
3000 6000 
3000 6000 
3000 6000 
3000 6000 
3000 6000 
3000 6000 
3000 6000 
3000 6000 
3000 6000 
3000 6000 
3000 6000 
3000 6000 
3000 6000 
3000 6000 
3000 6000 
3000 6000 
3000 6000 
3000 6000 
3000 6000 
3000 6000 
3000 6000 
3000 6000 
3000 6000 
3000 6000 
3000 6000 
3000 6000 
3000 6000 
3000 6000 
3000 6000 
3000 6000 
3000 6000 
3000 6000 
3000 6000 
3000 6000 
3000 6000 
3000 6000 
3000 6000 
3000 6000 
100 279
383 1726 2
383 1716 2
373 1711 2
378 1701 2
753 1493 1
302 1369 10
706 802 1
853 1791 1
801 1716 1
741 1716 1
801 1611 1
911 1531 1
331 1391 2
701 891 1
671 891 1
637 706 1
1071 1977 1
662 2235 2
928 1964 2
927 1964 2
1128 1962 4
827 1894 2
628 1894 2
703 1877 2
1228 1812 2
1128 1812 2
1028 1812 2
928 1812 2
728 1812 2
728 1232 2
1007 1215 2
702 1007 2
627 864 2
728 732 8
662 1836 1
571 1003 2
473 1003 4
473 1353 2
457 1836 16
423 1003 1
601 1243 6
551 1143 2
478 843 3
444 843 3
423 563 1
368 1148 2
444 1944 3
858 954 1
954 1058 3
468 1942 4
493 1754 6
474 1048 2
474 1053 4
458 1959 2
458 1944 2
523 663 3
394 1129 2
394 1079 2
369 1089 2
361 1089 2
584 1186 2
535 1949 2
461 1949 2
461 2011 1
351 883 4
584 1717 1
579 1317 1
524 1617 2
423 728 2
368 1128 4
223 413 1
373 1289 12
429 1524 2
583 1208 1
446 1208 12
402 1667 4
561 758 2
511 1458 4
559 1607 2
574 1712 1
466 1148 14
466 848 2
465 1589 2
1609 2064 3
545 1000 3
469 1330 4
702 1334 2
464 884 2
464 854 1
451 1170 14
400 770 1
391 1727 2
844 1202 1
802 1044 1
540 2038 2
658 2092 4
378 1747 2
409 1440 1
272 1452 1
788 1452 1
3000 6000 
3000 6000 
3000 6000 
3000 6000 
3000 6000 
3000 6000 
3000 6000 
3000 6000 
3000 6000 
3000 6000 
3000 6000 
3000 6000 
3000 6000 
3000 6000 
3000 6000 
3000 6000 
3000 6000 
3000 6000 
3000 6000 
3000 6000 
3000 6000 
3000 6000 
3000 6000 
3000 6000 
3000 6000 
3000 6000 
3000 6000 
3000 6000 
3000 6000 
3000 6000 
3000 6000 
3000 6000 
3000 6000 
3000 6000 
3000 6000 
3000 6000 
3000 6000 
3000 6000 
3000 6000 
3000 6000 
3000 6000 
3000 6000 
3000 6000 
3000 6000 
3000 6000 
3000 6000 
3000 6000 
3000 6000 
3000 6000 
3000 6000 
3000 6000 
3000 6000 
3000 6000 
3000 6000 
3000 6000 
3000 6000 
3000 6000 
3000 6000 
3000 6000 
3000 6000 
3000 6000 
3000 6000 
3000 6000 
3000 6000 
3000 6000 
3000 6000 
3000 6000 
3000 6000 
3000 6000 
3000 6000 
3000 6000 
3000 6000 
3000 6000 
3000 6000 
3000 6000 
3000 6000 
3000 6000 
3000 6000 
3000 6000 
3000 6000 
3000 6000 
3000 6000 
3000 6000 
3000 6000 
3000 6000 
3000 6000 
3000 6000 
3000 6000 
3000 6000 
3000 6000 
3000 6000 
3000 6000 
3000 6000 
3000 6000 
3000 6000 
3000 6000 
3000 6000 
3000 6000 
3000 6000 
3000 6000 
3000 6000 
3000 6000 
3000 6000 
3000 6000 
3000 6000 
3000 6000 
3000 6000 
3000 6000 
3000 6000 
3000 6000 
3000 6000 
3000 6000 
3000 6000 
3000 6000 
3000 6000 
3000 6000 
3000 6000 
3000 6000 
3000 6000 
3000 6000 
3000 6000 
3000 6000 
3000 6000 
3000 6000 
3000 6000 
3000 6000 
3000 6000 
3000 6000 
3000 6000 
3000 6000 
3000 6000 
3000 6000 
3000 6000 
3000 6000 
3000 6000 
3000 6000 
3000 6000 
3000 6000 
3000 6000 
3000 6000 
3000 6000 
3000 6000 
3000 6000 
3000 6000 
3000 6000 
3000 6000 
3000 6000 
3000 6000 
3000 6000 
3000 6000 
3000 6000 
3000 6000 
3000 6000 
3000 6000 
3000 6000 
3000 6000 
3000 6000 
3000 6000 
3000 6000 
3000 6000 
3000 6000 
3000 6000 
3000 6000 
3000 6000 
3000 6000 
3000 6000 
3000 6000 
3000 6000 
3000 6000 
3000 6000 
3000 6000 
3000 6000 
3000 6000 
3000 6000 
3000 6000 
3000 6000 
3000 6000 
3000 6000 
3000 6000 
3000 6000 
3000 6000 
3000 6000 
3000 6000 
3000 6000 
3000 6000 
3000 6000 
3000 6000 
3000 6000 
3000 6000 
3000 6000 
3000 6000 
3000 6000 
3000 6000 
3000 6000 
3000 6000 
3000 6000 
3000 6000 
3000 6000 
3000 6000 
3000 6000 
3000 6000 
3000 6000 
3000 6000 
3000 6000 
3000 6000 
3000 6000 
3000 6000 
3000 6000 
3000 6000 
3000 6000 
3000 6000 
3000 6000 
3000 6000 
3000 6000 
3000 6000 
3000 6000 
3000 6000 
3000 6000 
3000 6000 
3000 6000 
3000 6000 
3000 6000 
3000 6000 
3000 6000 
3000 6000 
3000 6000 
3000 6000 
3000 6000 
3000 6000 
3000 6000 
3000 6000 
3000 6000 
3000 6000 
3000 6000 
3000 6000 
3000 6000 
3000 6000 
3000 6000 
3000 6000 
3000 6000 
3000 6000 
3000 6000 
3000 6000 
3000 6000 
3000 6000 
3000 6000 
3000 6000 
3000 6000 
3000 6000 
3000 6000 
3000 6000 
3000 6000 
3000 6000 
3000 6000 
3000 6000 
3000 6000 
3000 6000 
3000 6000 
3000 6000 
3000 6000 
3000 6000 
3000 6000 
3000 6000 
3000 6000 
3000 6000 
3000 6000 
3000 6000 
3000 6000 
3000 6000 
3000 6000 
3000 6000 
3000 6000 
3000 6000 
3000 6000 
3000 6000 
3000 6000 
3000 6000 
3000 6000 
3000 6000 
100 218
938 1806 2
827 1976 2
828 1976 2
944 1973 2
945 2228 2
944 2228 2
544 873 2
744 2013 2
994 2013 2
919 1119 2
1040 1998 1
840 1928 1
342 1668 2
382 527 3
387 827 1
592 1117 1
382 707 1
482 1976 1
382 1112 1
427 1112 2
393 1204 2
518 1084 6
565 1678 6
480 1658 2
338 1054 2
485 1573 2
467 1453 2
465 467 2
577 1755 4
377 2392 4
420 1568 2
475 1558 4
652 1298 2
392 1972 4
370 1724 6
388 1719 2
858 1284 1
393 1544 2
393 1524 2
393 1494 2
293 1204 2
718 1284 1
430 1708 2
470 1654 2
415 1804 4
464 1654 2
368 1654 4
365 1654 4
465 1664 2
544 1909 2
463 1659 2
520 2044 2
522 2044 2
505 1725 2
505 569 4
505 1715 2
503 1715 2
503 569 2
545 1715 2
545 569 2
565 1735 2
565 569 2
550 1720 2
550 569 4
538 569 2
538 1624 2
555 1715 2
555 569 2
550 1735 2
552 1715 2
552 569 2
553 1730 2
553 569 2
549 1715 2
549 569 2
548 1745 2
548 569 2
503 2044 2
513 2054 2
508 2029 2
515 2044 2
510 2044 4
508 2044 2
509 2044 2
507 2034 2
519 2049 2
530 2039 2
423 1304 2
435 1378 2
504 1760 2
538 1640 2
543 801 1
330 836 2
654 741 1
503 788 1
799 1018 1
493 933 1
822 1018 1
493 1208 1
325 1030 3
3000 6000 
3000 6000 
3000 6000 
3000 6000 
3000 6000 
3000 6000 
3000 6000 
3000 6000 
3000 6000 
3000 6000 
3000 6000 
3000 6000 
3000 6000 
3000 6000 
3000 6000 
3000 6000 
3000 6000 
3000 6000 
3000 6000 
3000 6000 
3000 6000 
3000 6000 
3000 6000 
3000 6000 
3000 6000 
3000 6000 
3000 6000 
3000 6000 
3000 6000 
3000 6000 
3000 6000 
3000 6000 
3000 6000 
3000 6000 
3000 6000 
3000 6000 
3000 6000 
3000 6000 
3000 6000 
3000 6000 
3000 6000 
3000 6000 
3000 6000 
3000 6000 
3000 6000 
3000 6000 
3000 6000 
3000 6000 
3000 6000 
3000 6000 
3000 6000 
3000 6000 
3000 6000 
3000 6000 
3000 6000 
3000 6000 
3000 6000 
3000 6000 
3000 6000 
3000 6000 
3000 6000 
3000 6000 
3000 6000 
3000 6000 
3000 6000 
3000 6000 
3000 6000 
3000 6000 
3000 6000 
3000 6000 
3000 6000 
3000 6000 
3000 6000 
3000 6000 
3000 6000 
3000 6000 
3000 6000 
3000 6000 
3000 6000 
3000 6000 
3000 6000 
3000 6000 
3000 6000 
3000 6000 
3000 6000 
3000 6000 
3000 6000 
3000 6000 
3000 6000 
3000 6000 
3000 6000 
3000 6000 
3000 6000 
3000 6000 
3000 6000 
3000 6000 
3000 6000 
3000 6000 
3000 6000 
3000 6000 
3000 6000 
3000 6000 
3000 6000 
3000 6000 
3000 6000 
3000 6000 
3000 6000 
3000 6000 
3000 6000 
3000 6000 
3000 6000 
3000 6000 
3000 6000 
3000 6000 
3000 6000 
3000 6000 
3000 6000 
3000 6000 
3000 6000 
3000 6000 
3000 6000 
3000 6000 
3000 6000 
3000 6000 
3000 6000 
3000 6000 
3000 6000 
3000 6000 
3000 6000 
3000 6000 
3000 6000 
3000 6000 
3000 6000 
3000 6000 
3000 6000 
3000 6000 
3000 6000 
3000 6000 
3000 6000 
3000 6000 
3000 6000 
3000 6000 
3000 6000 
3000 6000 
3000 6000 
3000 6000 
3000 6000 
3000 6000 
3000 6000 
3000 6000 
3000 6000 
3000 6000 
3000 6000 
3000 6000 
3000 6000 
3000 6000 
3000 6000 
3000 6000 
3000 6000 
3000 6000 
3000 6000 
3000 6000 
3000 6000 
3000 6000 
3000 6000 
3000 6000 
3000 6000 
3000 6000 
3000 6000 
3000 6000 
3000 6000 
3000 6000 
3000 6000 
3000 6000 
3000 6000 
3000 6000 
3000 6000 
3000 6000 
3000 6000 
3000 6000 
3000 6000 
3000 6000 
3000 6000 
3000 6000 
3000 6000 
3000 6000 
3000 6000 
3000 6000 
3000 6000 
3000 6000 
3000 6000 
3000 6000 
3000 6000 
3000 6000 
3000 6000 
3000 6000 
3000 6000 
3000 6000 
3000 6000 
3000 6000 
3000 6000 
3000 6000 
3000 6000 
3000 6000 
3000 6000 
3000 6000 
3000 6000 
3000 6000 
3000 6000 
3000 6000 
3000 6000 
3000 6000 
3000 6000 
3000 6000 
3000 6000 
3000 6000 
3000 6000 
3000 6000 
100 305
1236 1962 2
1036 1962 2
412 737 2
858 2067 2
1057 1947 1
1436 2012 2
1137 1998 2
937 1062 2
857 1962 1
836 1998 12
762 937 2
436 672 2
937 1992 8
716 1992 4
1036 1998 2
1137 2048 2
367 392 8
1080 1945 2
782 1945 2
782 1935 2
726 1760 4
940 2000 2
1285 2085 6
1085 2085 2
1021 2062 4
714 972 2
704 2062 2
1137 2062 4
937 2062 2
937 962 2
737 762 2
1117 1931 4
831 1117 2
731 1117 4
517 731 2
1017 1931 2
717 1931 6
1417 1931 2
1417 1963 2
553 682 2
1253 1290 8
1140 1253 6
990 1253 34
577 583 2
563 582 2
985 1078 4
823 995 2
403 950 4
355 1048 2
1340 1883 1
977 1883 4
740 1883 1
722 1943 6
922 1978 2
722 843 2
943 1878 3
643 1022 4
843 1973 3
840 1973 1
791 1973 4
743 941 2
1122 1878 2
822 1983 2
722 1983 2
522 843 8
922 2008 4
1449 2008 2
840 2008 1
1040 1963 1
778 2048 2
922 1973 4
643 722 2
1064 1342 2
731 1982 2
671 982 2
661 1092 2
1172 1286 2
729 2072 2
1191 1312 2
916 1312 2
916 2012 2
621 1062 2
609 1062 2
586 2012 4
946 1942 2
580 1037 2
959 1934 2
611 852 2
866 2092 2
817 956 2
817 914 2
721 817 2
971 1762 2
916 1992 2
784 1937 2
774 1897 2
589 1947 2
591 787 2
686 872 2
1126 1342 2
3000 6000 
3000 6000 
3000 6000 
3000 6000 
3000 6000 
3000 6000 
3000 6000 
3000 6000 
3000 6000 
3000 6000 
3000 6000 
3000 6000 
3000 6000 
3000 6000 
3000 6000 
3000 6000 
3000 6000 
3000 6000 
3000 6000 
3000 6000 
3000 6000 
3000 6000 
3000 6000 
3000 6000 
3000 6000 
3000 6000 
3000 6000 
3000 6000 
3000 6000 
3000 6000 
3000 6000 
3000 6000 
3000 6000 
3000 6000 
3000 6000 
3000 6000 
3000 6000 
3000 6000 
3000 6000 
3000 6000 
3000 6000 
3000 6000 
3000 6000 
3000 6000 
3000 6000 
3000 6000 
3000 6000 
3000 6000 
3000 6000 
3000 6000 
3000 6000 
3000 6000 
3000 6000 
3000 6000 
3000 6000 
3000 6000 
3000 6000 
3000 6000 
3000 6000 
3000 6000 
3000 6000 
3000 6000 
3000 6000 
3000 6000 
3000 6000 
3000 6000 
3000 6000 
3000 6000 
3000 6000 
3000 6000 
3000 6000 
3000 6000 
3000 6000 
3000 6000 
3000 6000 
3000 6000 
3000 6000 
3000 6000 
3000 6000 
3000 6000 
3000 6000 
3000 6000 
3000 6000 
3000 6000 
3000 6000 
3000 6000 
3000 6000 
3000 6000 
3000 6000 
3000 6000 
3000 6000 
3000 6000 
3000 6000 
3000 6000 
3000 6000 
3000 6000 
3000 6000 
3000 6000 
3000 6000 
3000 6000 
3000 6000 
3000 6000 
3000 6000 
3000 6000 
3000 6000 
3000 6000 
3000 6000 
3000 6000 
3000 6000 
3000 6000 
3000 6000 
3000 6000 
3000 6000 
3000 6000 
3000 6000 
3000 6000 
3000 6000 
3000 6000 
3000 6000 
3000 6000 
3000 6000 
3000 6000 
3000 6000 
3000 6000 
3000 6000 
3000 6000 
3000 6000 
3000 6000 
3000 6000 
3000 6000 
3000 6000 
3000 6000 
3000 6000 
3000 6000 
3000 6000 
3000 6000 
3000 6000 
3000 6000 
3000 6000 
3000 6000 
3000 6000 
3000 6000 
3000 6000 
3000 6000 
3000 6000 
3000 6000 
3000 6000 
3000 6000 
3000 6000 
3000 6000 
3000 6000 
3000 6000 
3000 6000 
3000 6000 
3000 6000 
3000 6000 
3000 6000 
3000 6000 
3000 6000 
3000 6000 
3000 6000 
3000 6000 
3000 6000 
3000 6000 
3000 6000 
3000 6000 
3000 6000 
3000 6000 
3000 6000 
3000 6000 
3000 6000 
3000 6000 
3000 6000 
3000 6000 
3000 6000 
3000 6000 
3000 6000 
3000 6000 
3000 6000 
3000 6000 
3000 6000 
3000 6000 
3000 6000 
3000 6000 
3000 6000 
3000 6000 
3000 6000 
3000 6000 
3000 6000 
3000 6000 
3000 6000 
3000 6000 
3000 6000 
3000 6000 
3000 6000 
3000 6000 
3000 6000 
3000 6000 
3000 6000 
3000 6000 
3000 6000 
3000 6000 
3000 6000 
3000 6000 
3000 6000 
3000 6000 
3000 6000 
3000 6000 
3000 6000 
3000 6000 
3000 6000 
3000 6000 
3000 6000 
3000 6000 
3000 6000 
3000 6000 
3000 6000 
3000 6000 
3000 6000 
3000 6000 
3000 6000 
3000 6000 
3000 6000 
3000 6000 
3000 6000 
3000 6000 
3000 6000 
3000 6000 
3000 6000 
3000 6000 
3000 6000 
3000 6000 
3000 6000 
3000 6000 
3000 6000 
3000 6000 
3000 6000 
3000 6000 
3000 6000 
3000 6000 
3000 6000 
3000 6000 
3000 6000 
3000 6000 
3000 6000 
3000 6000 
3000 6000 
3000 6000 
3000 6000 
3000 6000 
3000 6000 
3000 6000 
3000 6000 
3000 6000 
3000 6000 
3000 6000 
3000 6000 
3000 6000 
3000 6000 
3000 6000 
3000 6000 
3000 6000 
3000 6000 
3000 6000 
3000 6000 
3000 6000 
3000 6000 
3000 6000 
3000 6000 
3000 6000 
3000 6000 
3000 6000 
3000 6000 
3000 6000 
3000 6000 
3000 6000 
3000 6000 
3000 6000 
3000 6000 
3000 6000 
3000 6000 
3000 6000 
3000 6000 
3000 6000 
3000 6000 
3000 6000 
3000 6000 
3000 6000 
3000 6000 
3000 6000 
3000 6000 
3000 6000 
3000 6000 
3000 6000 
3000 6000 
3000 6000 
3000 6000 
3000 6000 
3000 6000 
3000 6000 
3000 6000 
3000 6000 
3000 6000 
3000 6000 
3000 6000 
100 192
700 1605 4
497 1080 2
1158 1962 2
902 1485 2
682 902 2
685 2045 2
1453 2052 3
1036 1852 2
937 1022 2
1092 1962 2
902 1062 2
1156 1882 1
558 1992 2
836 842 2
836 1992 4
537 772 4
937 2022 4
836 2022 2
1035 1290 2
890 1955 2
789 1035 2
589 1955 2
1036 1992 4
537 862 2
677 1515 8
1116 1883 2
1107 1957 4
984 1957 2
836 1092 2
836 1962 2
844 1521 1
751 2141 2
744 931 4
664 2141 2
650 2141 2
644 831 2
638 2183 2
1878 2198 6
741 2032 1
824 1176 1
824 1041 1
382 1176 1
328 1508 2
623 1486 1
313 401 1
707 991 4
906 2031 1
410 2031 1
408 1006 2
507 1188 2
501 788 2
501 588 1
493 608 1
447 1928 2
407 1088 2
301 588 1
516 716 1
586 1563 2
551 1121 2
551 1021 6
676 848 2
760 1060 2
722 1927 1
700 977 1
727 1841 1
326 848 1
766 1167 1
766 1067 1
766 1043 1
727 1767 1
840 2040 1
737 1667 1
700 1326 1
760 1160 1
666 1977 1
673 2125 1
814 1332 1
814 1262 1
740 962 1
798 852 1
463 1701 1
1122 1843 1
833 1009 1
722 1993 1
703 1901 1
658 1882 1
594 1063 1
910 1944 1
483 2009 1
587 1057 4
487 956 2
360 986 1
688 1762 2
289 1762 2
405 713 1
552 1762 1
697 1357 1
448 1016 4
463 937 4
433 1737 2
3000 6000 
3000 6000 
3000 6000 
3000 6000 
3000 6000 
3000 6000 
3000 6000 
3000 6000 
3000 6000 
3000 6000 
3000 6000 
3000 6000 
3000 6000 
3000 6000 
3000 6000 
3000 6000 
3000 6000 
3000 6000 
3000 6000 
3000 6000 
3000 6000 
3000 6000 
3000 6000 
3000 6000 
3000 6000 
3000 6000 
3000 6000 
3000 6000 
3000 6000 
3000 6000 
3000 6000 
3000 6000 
3000 6000 
3000 6000 
3000 6000 
3000 6000 
3000 6000 
3000 6000 
3000 6000 
3000 6000 
3000 6000 
3000 6000 
3000 6000 
3000 6000 
3000 6000 
3000 6000 
3000 6000 
3000 6000 
3000 6000 
3000 6000 
3000 6000 
3000 6000 
3000 6000 
3000 6000 
3000 6000 
3000 6000 
3000 6000 
3000 6000 
3000 6000 
3000 6000 
3000 6000 
3000 6000 
3000 6000 
3000 6000 
3000 6000 
3000 6000 
3000 6000 
3000 6000 
3000 6000 
3000 6000 
3000 6000 
3000 6000 
3000 6000 
3000 6000 
3000 6000 
3000 6000 
3000 6000 
3000 6000 
3000 6000 
3000 6000 
3000 6000 
3000 6000 
3000 6000 
3000 6000 
3000 6000 
3000 6000 
3000 6000 
3000 6000 
3000 6000 
3000 6000 
3000 6000 
3000 6000 
3000 6000 
3000 6000 
3000 6000 
3000 6000 
3000 6000 
3000 6000 
3000 6000 
3000 6000 
3000 6000 
3000 6000 
3000 6000 
3000 6000 
3000 6000 
3000 6000 
3000 6000 
3000 6000 
3000 6000 
3000 6000 
3000 6000 
3000 6000 
3000 6000 
3000 6000 
3000 6000 
3000 6000 
3000 6000 
3000 6000 
3000 6000 
3000 6000 
3000 6000 
3000 6000 
3000 6000 
3000 6000 
3000 6000 
3000 6000 
3000 6000 
3000 6000 
3000 6000 
3000 6000 
3000 6000 
3000 6000 
3000 6000 
3000 6000 
3000 6000 
3000 6000 
3000 6000 
3000 6000 
3000 6000 
3000 6000 
3000 6000 
3000 6000 
3000 6000 
3000 6000 
3000 6000 
3000 6000 
3000 6000 
3000 6000 
3000 6000 
3000 6000 
3000 6000 
3000 6000 
3000 6000 
3000 6000 
3000 6000 
3000 6000 
3000 6000 
3000 6000 
3000 6000 
3000 6000 
3000 6000 
3000 6000 
3000 6000 
3000 6000 
3000 6000 
3000 6000 
3000 6000 
3000 6000 
3000 6000 
3000 6000 
3000 6000 
3000 6000 
3000 6000 
3000 6000 
3000 6000 
3000 6000 
3000 6000 
3000 6000 
3000 6000 
3000 6000 
3000 6000 
3000 6000 
3000 6000 
3000 6000 
3000 6000 
3000 6000 
3000 6000 
3000 6000 
3000 6000 
3000 6000 
3000 6000 
3000 6000 
100 242
721 1971 1
744 1868 2
832 1961 4
1058 1444 2
674 1961 1
673 1961 1
940 2075 1
939 2075 2
565 1196 2
888 1081 2
821 2196 1
758 1194 2
758 944 6
816 1398 4
816 1000 6
1108 1151 2
403 856 16
1103 1956 2
563 856 2
475 1841 2
1316 1395 2
1316 1403 2
758 1346 2
995 1901 2
963 1901 2
964 1901 1
500 616 2
938 1806 2
827 1976 2
828 1976 2
944 1973 2
945 2228 2
944 2228 2
544 873 2
744 2013 2
994 2013 2
919 1119 2
1040 1998 1
840 1928 1
342 1668 2
382 527 3
387 827 1
592 1117 1
382 707 1
482 1976 1
382 1112 1
427 1112 2
393 1204 2
518 1084 6
565 1678 6
480 1658 2
338 1054 2
485 1573 2
467 1453 2
465 467 2
577 1755 4
377 2392 4
420 1568 2
475 1558 4
652 1298 2
392 1972 4
370 1724 6
388 1719 2
858 1284 1
393 1544 2
393 1524 2
393 1494 2
293 1204 2
718 1284 1
430 1708 2
470 1654 2
415 1804 4
464 1654 2
368 1654 4
365 1654 4
465 1664 2
544 1909 2
463 1659 2
520 2044 2
522 2044 2
505 1725 2
505 569 4
505 1715 2
503 1715 2
503 569 2
545 1715 2
545 569 2
565 1735 2
565 569 2
550 1720 2
550 569 4
538 569 2
538 1624 2
555 1715 2
555 569 2
550 1735 2
552 1715 2
552 569 2
553 1730 2
553 569 2
3000 6000 
3000 6000 
3000 6000 
3000 6000 
3000 6000 
3000 6000 
3000 6000 
3000 6000 
3000 6000 
3000 6000 
3000 6000 
3000 6000 
3000 6000 
3000 6000 
3000 6000 
3000 6000 
3000 6000 
3000 6000 
3000 6000 
3000 6000 
3000 6000 
3000 6000 
3000 6000 
3000 6000 
3000 6000 
3000 6000 
3000 6000 
3000 6000 
3000 6000 
3000 6000 
3000 6000 
3000 6000 
3000 6000 
3000 6000 
3000 6000 
3000 6000 
3000 6000 
3000 6000 
3000 6000 
3000 6000 
3000 6000 
3000 6000 
3000 6000 
3000 6000 
3000 6000 
3000 6000 
3000 6000 
3000 6000 
3000 6000 
3000 6000 
3000 6000 
3000 6000 
3000 6000 
3000 6000 
3000 6000 
3000 6000 
3000 6000 
3000 6000 
3000 6000 
3000 6000 
3000 6000 
3000 6000 
3000 6000 
3000 6000 
3000 6000 
3000 6000 
3000 6000 
3000 6000 
3000 6000 
3000 6000 
3000 6000 
3000 6000 
3000 6000 
3000 6000 
3000 6000 
3000 6000 
3000 6000 
3000 6000 
3000 6000 
3000 6000 
3000 6000 
3000 6000 
3000 6000 
3000 6000 
3000 6000 
3000 6000 
3000 6000 
3000 6000 
3000 6000 
3000 6000 
3000 6000 
3000 6000 
3000 6000 
3000 6000 
3000 6000 
3000 6000 
3000 6000 
3000 6000 
3000 6000 
3000 6000 
3000 6000 
3000 6000 
3000 6000 
3000 6000 
3000 6000 
3000 6000 
3000 6000 
3000 6000 
3000 6000 
3000 6000 
3000 6000 
3000 6000 
3000 6000 
3000 6000 
3000 6000 
3000 6000 
3000 6000 
3000 6000 
3000 6000 
3000 6000 
3000 6000 
3000 6000 
3000 6000 
3000 6000 
3000 6000 
3000 6000 
3000 6000 
3000 6000 
3000 6000 
3000 6000 
3000 6000 
3000 6000 
3000 6000 
3000 6000 
3000 6000 
3000 6000 
3000 6000 
3000 6000 
3000 6000 
3000 6000 
3000 6000 
3000 6000 
3000 6000 
3000 6000 
3000 6000 
3000 6000 
3000 6000 
3000 6000 
3000 6000 
3000 6000 
3000 6000 
3000 6000 
3000 6000 
3000 6000 
3000 6000 
3000 6000 
3000 6000 
3000 6000 
3000 6000 
3000 6000 
3000 6000 
3000 6000 
3000 6000 
3000 6000 
3000 6000 
3000 6000 
3000 6000 
3000 6000 
3000 6000 
3000 6000 
3000 6000 
3000 6000 
3000 6000 
3000 6000 
3000 6000 
3000 6000 
3000 6000 
3000 6000 
3000 6000 
3000 6000 
3000 6000 
3000 6000 
3000 6000 
3000 6000 
3000 6000 
3000 6000 
3000 6000 
3000 6000 
3000 6000 
3000 6000 
3000 6000 
3000 6000 
3000 6000 
3000 6000 
3000 6000 
3000 6000 
3000 6000 
3000 6000 
3000 6000 
3000 6000 
3000 6000 
3000 6000 
3000 6000 
3000 6000 
3000 6000 
3000 6000 
3000 6000 
3000 6000 
3000 6000 
3000 6000 
3000 6000 
3000 6000 
3000 6000 
3000 6000 
3000 6000 
3000 6000 
3000 6000 
3000 6000 
3000 6000 
3000 6000 
3000 6000 
3000 6000 
3000 6000 
3000 6000 
3000 6000 
3000 6000 
3000 6000 
3000 6000 
3000 6000 
3000 6000 
3000 6000 
3000 6000 
3000 6000 
3000 6000 
3000 6000 
3000 6000 
3000 6000 
3000 6000 
3000 6000 
3000 6000 
3000 6000 
3000 6000 
100 254
784 1937 2
774 1897 2
589 1947 2
591 787 2
686 872 2
1126 1342 2
1071 1317 2
766 1927 2
714 1990 8
614 1990 16
823 1321 1
774 1916 1
783 953 2
783 952 1
764 2076 1
605 2002 4
702 1098 2
702 1029 1
870 1104 1
733 1632 1
492 713 2
549 1103 2
498 1161 2
395 1186 2
902 1133 2
791 1906 1
711 1804 1
639 1020 2
639 1049 1
758 1094 2
758 844 2
944 1898 2
644 2058 2
944 1998 12
744 858 6
644 858 4
844 1988 2
844 1958 8
658 744 2
744 1858 2
458 944 4
458 1444 2
1156 1996 1
1155 1996 1
1144 1958 6
1124 1961 5
1123 1961 5
875 1972 4
877 1972 2
608 946 2
875 1893 2
877 1893 1
875 1856 2
877 1856 1
985 2108 2
987 2108 1
985 1071 2
987 1071 1
942 1993 6
943 1993 3
1121 2008 1
721 1861 1
923 1996 1
924 1996 1
758 841 2
721 1846 1
544 858 4
935 1236 2
480 837 2
1290 1346 2
690 986 2
778 1886 2
703 816 2
703 1646 2
722 2011 4
523 1873 1
524 1873 1
644 873 4
694 808 2
1121 2011 1
623 2106 1
622 2106 1
992 1954 4
921 1938 10
1134 1992 2
734 1992 2
734 856 2
834 887 2
1121 1938 2
824 1285 4
749 1589 1
709 1579 1
699 1579 1
759 1549 1
769 1529 1
531 2035 6
408 1504 2
398 1404 2
358 1224 2
323 1224 2
3000 6000 
3000 6000 
3000 6000 
3000 6000 
3000 6000 
3000 6000 
3000 6000 
3000 6000 
3000 6000 
3000 6000 
3000 6000 
3000 6000 
3000 6000 
3000 6000 
3000 6000 
3000 6000 
3000 6000 
3000 6000 
3000 6000 
3000 6000 
3000 6000 
3000 6000 
3000 6000 
3000 6000 
3000 6000 
3000 6000 
3000 6000 
3000 6000 
3000 6000 
3000 6000 
3000 6000 
3000 6000 
3000 6000 
3000 6000 
3000 6000 
3000 6000 
3000 6000 
3000 6000 
3000 6000 
3000 6000 
3000 6000 
3000 6000 
3000 6000 
3000 6000 
3000 6000 
3000 6000 
3000 6000 
3000 6000 
3000 6000 
3000 6000 
3000 6000 
3000 6000 
3000 6000 
3000 6000 
3000 6000 
3000 6000 
3000 6000 
3000 6000 
3000 6000 
3000 6000 
3000 6000 
3000 6000 
3000 6000 
3000 6000 
3000 6000 
3000 6000 
3000 6000 
3000 6000 
3000 6000 
3000 6000 
3000 6000 
3000 6000 
3000 6000 
3000 6000 
3000 6000 
3000 6000 
3000 6000 
3000 6000 
3000 6000 
3000 6000 
3000 6000 
3000 6000 
3000 6000 
3000 6000 
3000 6000 
3000 6000 
3000 6000 
3000 6000 
3000 6000 
3000 6000 
3000 6000 
3000 6000 
3000 6000 
3000 6000 
3000 6000 
3000 6000 
3000 6000 
3000 6000 
3000 6000 
3000 6000 
3000 6000 
3000 6000 
3000 6000 
3000 6000 
3000 6000 
3000 6000 
3000 6000 
3000 6000 
3000 6000 
3000 6000 
3000 6000 
3000 6000 
3000 6000 
3000 6000 
3000 6000 
3000 6000 
3000 6000 
3000 6000 
3000 6000 
3000 6000 
3000 6000 
3000 6000 
3000 6000 
3000 6000 
3000 6000 
3000 6000 
3000 6000 
3000 6000 
3000 6000 
3000 6000 
3000 6000 
3000 6000 
3000 6000 
3000 6000 
3000 6000 
3000 6000 
3000 6000 
3000 6000 
3000 6000 
3000 6000 
3000 6000 
3000 6000 
3000 6000 
3000 6000 
3000 6000 
3000 6000 
3000 6000 
3000 6000 
3000 6000 
3000 6000 
3000 6000 
3000 6000 
3000 6000 
3000 6000 
3000 6000 
3000 6000 
3000 6000 
3000 6000 
3000 6000 
3000 6000 
3000 6000 
3000 6000 
3000 6000 
3000 6000 
3000 6000 
3000 6000 
3000 6000 
3000 6000 
3000 6000 
3000 6000 
3000 6000 
3000 6000 
3000 6000 
3000 6000 
3000 6000 
3000 6000 
3000 6000 
3000 6000 
3000 6000 
3000 6000 
3000 6000 
3000 6000 
3000 6000 
3000 6000 
3000 6000 
3000 6000 
3000 6000 
3000 6000 
3000 6000 
3000 6000 
3000 6000 
3000 6000 
3000 6000 
3000 6000 
3000 6000 
3000 6000 
3000 6000 
3000 6000 
3000 6000 
3000 6000 
3000 6000 
3000 6000 
3000 6000 
3000 6000 
3000 6000 
3000 6000 
3000 6000 
3000 6000 
3000 6000 
3000 6000 
3000 6000 
3000 6000 
3000 6000 
3000 6000 
3000 6000 
3000 6000 
3000 6000 
3000 6000 
3000 6000 
3000 6000 
3000 6000 
3000 6000 
3000 6000 
3000 6000 
3000 6000 
3000 6000 
3000 6000 
3000 6000 
3000 6000 
3000 6000 
3000 6000 
3000 6000 
3000 6000 
3000 6000 
3000 6000 
3000 6000 
3000 6000 
3000 6000 
3000 6000 
3000 6000 
3000 6000 
3000 6000 
3000 6000 
3000 6000 
3000 6000 
3000 6000 
3000 6000 
3000 6000 
3000 6000 
3000 6000 
3000 6000 
3000 6000 
3000 6000 
3000 6000 
100 205
836 1992 4
537 772 4
937 2022 4
836 2022 2
1035 1290 2
890 1955 2
789 1035 2
589 1955 2
1036 1992 4
537 862 2
677 1515 8
1116 1883 2
1107 1957 4
984 1957 2
836 1092 2
836 1962 2
844 1521 1
751 2141 2
744 931 4
664 2141 2
650 2141 2
644 831 2
638 2183 2
1878 2198 6
741 2032 1
824 1176 1
824 1041 1
382 1176 1
328 1508 2
623 1486 1
313 401 1
707 991 4
906 2031 1
410 2031 1
408 1006 2
507 1188 2
501 788 2
501 588 1
493 608 1
447 1928 2
407 1088 2
301 588 1
516 716 1
586 1563 2
551 1121 2
551 1021 6
676 848 2
760 1060 2
722 1927 1
700 977 1
727 1841 1
326 848 1
766 1167 1
766 1067 1
766 1043 1
727 1767 1
840 2040 1
737 1667 1
700 1326 1
760 1160 1
666 1977 1
673 2125 1
814 1332 1
814 1262 1
740 962 1
798 852 1
463 1701 1
1122 1843 1
833 1009 1
722 1993 1
703 1901 1
658 1882 1
594 1063 1
910 1944 1
483 2009 1
587 1057 4
487 956 2
360 986 1
688 1762 2
289 1762 2
405 713 1
552 1762 1
697 1357 1
448 1016 4
463 937 4
433 1737 2
433 1107 2
499 1227 9
488 1997 2
598 1102 8
602 906 2
302 687 1
612 1894 1
309 1358 2
299 1088 2
269 1108 2
257 1113 4
461 561 5
461 553 2
413 2431 1
3000 6000 
3000 6000 
3000 6000 
3000 6000 
3000 6000 
3000 6000 
3000 6000 
3000 6000 
3000 6000 
3000 6000 
3000 6000 
3000 6000 
3000 6000 
3000 6000 
3000 6000 
3000 6000 
3000 6000 
3000 6000 
3000 6000 
3000 6000 
3000 6000 
3000 6000 
3000 6000 
3000 6000 
3000 6000 
3000 6000 
3000 6000 
3000 6000 
3000 6000 
3000 6000 
3000 6000 
3000 6000 
3000 6000 
3000 6000 
3000 6000 
3000 6000 
3000 6000 
3000 6000 
3000 6000 
3000 6000 
3000 6000 
3000 6000 
3000 6000 
3000 6000 
3000 6000 
3000 6000 
3000 6000 
3000 6000 
3000 6000 
3000 6000 
3000 6000 
3000 6000 
3000 6000 
3000 6000 
3000 6000 
3000 6000 
3000 6000 
3000 6000 
3000 6000 
3000 6000 
3000 6000 
3000 6000 
3000 6000 
3000 6000 
3000 6000 
3000 6000 
3000 6000 
3000 6000 
3000 6000 
3000 6000 
3000 6000 
3000 6000 
3000 6000 
3000 6000 
3000 6000 
3000 6000 
3000 6000 
3000 6000 
3000 6000 
3000 6000 
3000 6000 
3000 6000 
3000 6000 
3000 6000 
3000 6000 
3000 6000 
3000 6000 
3000 6000 
3000 6000 
3000 6000 
3000 6000 
3000 6000 
3000 6000 
3000 6000 
3000 6000 
3000 6000 
3000 6000 
3000 6000 
3000 6000 
3000 6000 
3000 6000 
3000 6000 
3000 6000 
3000 6000 
3000 6000 
3000 6000 
3000 6000 
3000 6000 
3000 6000 
3000 6000 
3000 6000 
3000 6000 
3000 6000 
3000 6000 
3000 6000 
3000 6000 
3000 6000 
3000 6000 
3000 6000 
3000 6000 
3000 6000 
3000 6000 
3000 6000 
3000 6000 
3000 6000 
3000 6000 
3000 6000 
3000 6000 
3000 6000 
3000 6000 
3000 6000 
3000 6000 
3000 6000 
3000 6000 
3000 6000 
3000 6000 
3000 6000 
3000 6000 
3000 6000 
3000 6000 
3000 6000 
3000 6000 
3000 6000 
3000 6000 
3000 6000 
3000 6000 
3000 6000 
3000 6000 
3000 6000 
3000 6000 
3000 6000 
3000 6000 
3000 6000 
3000 6000 
3000 6000 
3000 6000 
3000 6000 
3000 6000 
3000 6000 
3000 6000 
3000 6000 
3000 6000 
3000 6000 
3000 6000 
3000 6000 
3000 6000 
3000 6000 
3000 6000 
3000 6000 
3000 6000 
3000 6000 
3000 6000 
3000 6000 
3000 6000 
3000 6000 
3000 6000 
3000 6000 
3000 6000 
3000 6000 
3000 6000 
3000 6000 
3000 6000 
3000 6000 
3000 6000 
3000 6000 
3000 6000 
3000 6000 
3000 6000 
3000 6000 
3000 6000 
3000 6000 
3000 6000 
3000 6000 
3000 6000 
3000 6000 
3000 6000 
3000 6000 
3000 6000 
3000 6000 
3000 6000 
3000 6000 
3000 6000 
3000 6000 
3000 6000 
3000 6000 
