c5-p2(Hopper).txt
29
73
60 38
1	2	1	3	32	6	
2	1	17	3	
3	1	1	2	
4	2	1	2	6	23	
5	4	11	9	4	13	2	7	26	5	
6	4	3	3	8	7	9	14	30	10	
7	3	7	38	3	1	2	3	
8	1	6	15	
9	2	3	2	1	1	
10	3	3	5	4	17	5	20	
11	1	3	3	
12	3	2	1	18	3	6	2	
13	2	9	27	1	2	
14	5	5	4	5	1	7	10	15	4	10	3	
15	6	21	7	2	2	14	12	7	4	4	26	14	3	
16	2	4	2	10	6	
17	5	7	2	3	14	10	3	7	28	5	20	
18	1	13	14	
19	1	5	2	
20	1	7	10	
21	1	7	8	
22	2	4	7	6	5	
23	2	13	19	5	23	
24	1	2	1	
25	6	4	13	6	1	5	26	14	19	6	3	4	2	
26	1	4	6	
27	2	4	26	9	2	
28	3	14	3	6	24	11	21	
29	5	24	10	2	1	14	11	3	1	13	3	
