c6-p2(Hopper).txt
38
97
80 55
1	3	5	20	2	6	3	2	
2	1	7	3	
3	3	4	5	6	2	9	13	
4	1	24	30	
5	2	5	15	2	10	
6	1	3	1	
7	2	5	13	4	26	
8	5	8	2	22	7	20	7	8	45	3	3	
9	1	4	4	
10	2	8	33	3	6	
11	1	3	11	
12	3	6	23	11	50	4	4	
13	3	2	1	26	5	2	11	
14	4	3	5	3	4	5	2	8	2	
15	1	6	5	
16	1	19	9	
17	1	39	6	
18	7	11	13	9	2	10	29	2	2	1	6	12	6	5	2	
19	5	26	11	29	8	19	5	2	3	4	22	
20	2	26	8	12	55	
21	3	2	2	9	17	4	13	
22	1	15	5	
23	1	15	26	
24	8	7	6	9	15	10	33	30	5	2	6	4	14	16	8	23	9	
25	3	6	4	11	2	3	2	
26	1	6	5	
27	1	5	3	
28	4	3	3	9	11	5	11	7	18	
29	2	4	3	10	8	
30	3	5	5	15	3	2	3	
31	2	1	1	4	4	
32	4	5	30	36	6	3	2	9	2	
33	3	10	4	6	20	7	9	
34	2	5	1	16	7	
35	2	2	9	17	5	
36	2	4	25	6	9	
37	3	24	4	28	6	10	2	
38	3	7	39	1	1	1	1	
