BENG10.TXT
80
200
40 12
1	1	12	7	
2	1	1	6	
3	2	12	7	7	7	
4	3	1	1	5	2	7	4	
5	3	3	4	8	4	7	1	
6	6	5	4	2	6	9	7	9	6	5	5	3	1	
7	4	8	6	11	6	11	4	12	8	
8	1	5	4	
9	1	12	4	
10	5	12	7	2	3	11	7	10	7	4	5	
11	2	8	3	1	5	
12	1	1	5	
13	1	3	3	
14	1	6	8	
15	3	9	1	11	4	7	8	
16	4	11	4	1	4	11	3	9	5	
17	1	8	1	
18	1	4	7	
19	2	9	1	4	7	
20	1	6	5	
21	6	12	8	2	8	4	8	7	3	8	6	10	5	
22	6	8	4	10	7	1	1	7	6	11	2	11	8	
23	2	9	8	1	3	
24	5	11	3	1	2	12	3	3	8	3	1	
25	3	8	4	3	3	7	7	
26	3	8	8	1	3	10	5	
27	1	1	6	
28	4	7	6	6	1	2	3	10	6	
29	3	3	1	4	6	9	1	
30	1	12	6	
31	2	1	5	1	6	
32	3	3	6	8	3	1	1	
33	8	2	7	3	8	10	3	11	8	10	4	2	1	8	6	2	4	
34	3	3	8	6	3	10	8	
35	4	5	4	9	2	1	8	12	1	
36	1	5	2	
37	5	10	3	4	7	7	8	4	2	7	7	
38	2	6	7	5	5	
39	2	11	1	12	3	
40	1	2	4	
41	1	11	5	
42	2	4	3	8	3	
43	4	8	7	9	5	1	1	5	5	
44	3	8	3	4	3	3	4	
45	1	10	3	
46	1	2	6	
47	1	5	6	
48	1	10	5	
49	1	8	1	
50	1	8	1	
51	2	3	5	5	5	
52	2	11	1	2	1	
53	1	11	4	
54	2	7	3	7	8	
55	4	5	6	3	8	11	3	8	5	
56	5	11	5	7	7	6	3	11	5	9	6	
57	1	4	1	
58	1	1	8	
59	1	8	8	
60	4	8	8	10	4	5	2	8	1	
61	2	4	2	9	5	
62	3	3	2	7	2	9	2	
63	3	3	8	1	3	3	6	
64	2	7	3	1	6	
65	2	11	4	2	6	
66	4	8	6	9	1	6	5	10	8	
67	4	11	2	11	8	4	7	8	2	
68	2	9	5	9	3	
69	5	11	3	2	4	11	6	11	8	5	4	
70	1	12	6	
71	1	3	4	
72	3	8	5	7	6	12	6	
73	1	12	4	
74	3	1	7	4	2	6	4	
75	3	4	7	6	6	11	7	
76	2	6	2	2	5	
77	2	12	7	10	4	
78	2	11	5	2	3	
79	5	10	5	10	8	1	5	7	2	2	4	
80	2	10	1	1	1	
