CGCUT03.TXT
37
62
70 43
1	2	25	35	16	25	
2	3	27	37	24	34	33	23	
3	2	29	39	15	24	
4	3	26	36	23	14	23	14	
5	1	26	36	
6	1	17	27	
7	1	25	35	
8	1	15	24	
9	1	21	12	
10	1	33	23	
11	1	22	32	
12	1	19	11	
13	1	22	32	
14	1	23	14	
15	1	31	21	
16	2	22	32	16	25	
17	1	27	37	
18	2	31	43	28	38	
19	5	28	38	24	34	31	21	17	27	16	25	
20	1	31	43	
21	1	29	39	
22	1	31	43	
23	1	33	23	
24	1	30	41	
25	2	27	37	24	34	
26	4	29	18	16	25	19	11	9	17	
27	1	23	14	
28	3	28	38	28	38	31	21	
29	1	26	36	
30	4	33	23	15	24	21	12	19	11	
31	1	29	18	
32	3	30	41	25	35	21	12	
33	1	29	18	
34	1	24	34	
35	1	19	11	
36	1	26	36	
37	3	31	43	29	39	29	39	
