 100
 1 2502505
 587 233 220
 1
 1 108 0 76 0 30 1 122
 2 2502605
 587 233 220
 1
 1 49 0 25 1 21 1 1169
 3 2502705
 587 233 220
 1
 1 97 0 81 0 27 1 141
 4 2502805
 587 233 220
 1
 1 113 0 92 0 33 1 87
 5 2502905
 587 233 220
 1
 1 88 0 54 1 39 1 162
 6 2503005
 587 233 220
 1
 1 86 1 84 1 45 1 92
 7 2503105
 587 233 220
 1
 1 118 0 79 1 51 1 63
 8 2503205
 587 233 220
 1
 1 75 1 58 1 57 1 121
 9 2503305
 587 233 220
 1
 1 90 1 70 1 63 1 75
 10 2503405
 587 233 220
 1
 1 68 0 66 0 31 1 216
 11 2503505
 587 233 220
 1
 1 74 1 63 1 61 1 105
 12 2503605
 587 233 220
 1
 1 95 1 80 1 57 1 69
 13 2503705
 587 233 220
 1
 1 52 0 36 1 25 1 642
 14 2503805
 587 233 220
 1
 1 68 0 48 1 31 1 297
 15 2503905
 587 233 220
 1
 1 100 0 44 1 37 1 184
 16 2504005
 587 233 220
 1
 1 43 1 40 1 39 1 448
 17 2504105
 587 233 220
 1
 1 72 0 49 1 35 1 243
 18 2504205
 587 233 220
 1
 1 104 0 55 1 30 1 175
 19 2504305
 587 233 220
 1
 1 60 0 45 1 26 1 428
 20 2504405
 587 233 220
 1
 1 97 1 77 1 66 1 61
 21 2504505
 587 233 220
 1
 1 109 1 93 1 72 1 41
 22 2504605
 587 233 220
 1
 1 89 1 78 1 50 1 86
 23 2504705
 587 233 220
 1
 1 84 0 81 0 23 1 192
 24 2504805
 587 233 220
 1
 1 113 0 80 0 29 1 114
 25 2504905
 587 233 220
 1
 1 75 0 54 1 35 1 212
 26 2505005
 587 233 220
 1
 1 86 0 71 1 41 1 120
 27 2505105
 587 233 220
 1
 1 118 0 66 1 47 1 82
 28 2505205
 587 233 220
 1
 1 62 1 59 1 52 1 158
 29 2505305
 587 233 220
 1
 1 91 1 58 1 57 1 100
 30 2505405
 587 233 220
 1
 1 64 0 53 1 32 1 277
 31 2505505
 587 233 220
 1
 1 70 1 63 1 49 1 139
 32 2505605
 587 233 220
 1
 1 95 0 76 1 44 1 94
 33 2505705
 587 233 220
 1
 1 40 1 36 1 21 1 995
 34 2505805
 587 233 220
 1
 1 68 0 35 1 27 1 468
 35 2505905
 587 233 220
 1
 1 100 0 33 1 31 1 294
 36 2506005
 587 233 220
 1
 1 41 1 39 1 26 1 723
 37 2506105
 587 233 220
 1
 1 98 0 73 1 44 1 95
 38 2506205
 587 233 220
 1
 1 104 0 94 1 50 1 61
 39 2506305
 587 233 220
 1
 1 89 1 56 1 45 1 134
 40 2506405
 587 233 220
 1
 1 85 1 77 1 62 1 74
 41 2506505
 587 233 220
 1
 1 109 1 80 1 68 1 50
 42 2506605
 587 233 220
 1
 1 76 1 74 1 50 1 107
 43 2506705
 587 233 220
 1
 1 82 1 80 1 71 1 64
 44 2506805
 587 233 220
 1
 1 114 0 67 0 25 1 157
 45 2506905
 587 233 220
 1
 1 63 0 55 1 31 1 280
 46 2507005
 587 233 220
 1
 1 86 0 58 1 36 1 167
 47 2507105
 587 233 220
 1
 1 118 0 54 1 42 1 112
 48 2507205
 587 233 220
 1
 1 59 1 49 1 48 1 216
 49 2507305
 587 233 220
 1
 1 91 0 54 1 45 1 136
 50 2507405
 587 233 220
 1
 1 60 1 40 1 32 1 391
 51 2507505
 587 233 220
 1
 1 66 1 64 1 36 1 197
 52 2507605
 587 233 220
 1
 1 96 0 72 0 31 1 140
 53 2507705
 587 233 220
 1
 1 78 0 37 1 27 1 386
 54 2507805
 587 233 220
 1
 1 99 0 68 0 23 1 194
 55 2507905
 587 233 220
 1
 1 100 0 94 0 28 1 114
 56 2508005
 587 233 220
 1
 1 90 0 41 1 34 1 239
 57 2508105
 587 233 220
 1
 1 85 0 73 1 40 1 121
 58 2508205
 587 233 220
 1
 1 105 0 81 1 46 1 76
 59 2508305
 587 233 220
 1
 1 76 1 52 1 46 1 165
 60 2508405
 587 233 220
 1
 1 78 1 72 1 58 1 92
 61 2508505
 587 233 220
 1
 1 109 1 68 1 64 1 63
 62 2508605
 587 233 220
 1
 1 70 1 63 1 50 1 136
 63 2508705
 587 233 220
 1
 1 82 1 76 1 59 1 81
 64 2508805
 587 233 220
 1
 1 114 0 54 0 20 1 244
 65 2508905
 587 233 220
 1
 1 55 0 50 1 26 1 420
 66 2509005
 587 233 220
 1
 1 87 0 45 1 32 1 240
 67 2509105
 587 233 220
 1
 1 119 0 41 1 38 1 162
 68 2509205
 587 233 220
 1
 1 60 1 44 1 36 1 316
 69 2509305
 587 233 220
 1
 1 91 0 50 1 32 1 206
 70 2509405
 587 233 220
 1
 1 56 0 32 1 28 1 599
 71 2509505
 587 233 220
 1
 1 99 1 64 1 62 1 76
 72 2509605
 587 233 220
 1
 1 96 1 95 1 68 1 48
 73 2509705
 587 233 220
 1
 1 90 0 73 1 37 1 123
 74 2509805
 587 233 220
 1
 1 86 1 79 1 69 1 64
 75 2509905
 587 233 220
 1
 1 101 0 81 0 24 1 153
 76 2510005
 587 233 220
 1
 1 77 0 42 1 30 1 310
 77 2510105
 587 233 220
 1
 1 73 0 73 0 36 1 156
 78 2510205
 587 233 220
 1
 1 105 0 68 1 42 1 100
 79 2510305
 587 233 220
 1
 1 64 1 48 1 46 1 212
 80 2510405
 587 233 220
 1
 1 78 1 59 1 54 1 121
 81 2510505
 587 233 220
 1
 1 110 0 60 1 55 1 82
 82 2510605
 587 233 220
 1
 1 65 1 51 1 50 1 181
 83 2510705
 587 233 220
 1
 1 83 1 71 1 46 1 110
 84 2510805
 587 233 220
 1
 1 114 0 77 1 42 1 81
 85 2510905
 587 233 220
 1
 1 55 0 37 1 22 1 672
 86 2511005
 587 233 220
 1
 1 87 0 33 1 28 1 374
 87 2511105
 587 233 220
 1
 1 119 0 34 1 28 1 265
 88 2511205
 587 233 220
 1
 1 100 0 60 1 40 1 125
 89 2511305
 587 233 220
 1
 1 95 0 92 0 46 1 74
 90 2511405
 587 233 220
 1
 1 91 0 52 1 33 1 192
 91 2511505
 587 233 220
 1
 1 86 1 65 1 57 1 94
 92 2511605
 587 233 220
 1
 1 96 1 82 1 63 1 60
 93 2511705
 587 233 220
 1
 1 78 0 69 1 37 1 151
 94 2511805
 587 233 220
 1
 1 75 1 73 1 69 1 79
 95 2511905
 587 233 220
 1
 1 101 0 69 0 20 1 215
 96 2512005
 587 233 220
 1
 1 64 0 42 1 26 1 430
 97 2512105
 587 233 220
 1
 1 74 0 60 1 32 1 211
 98 2512205
 587 233 220
 1
 1 106 0 55 1 38 1 135
 99 2512305
 587 233 220
 1
 1 51 1 46 1 44 1 291
 100 2512405
 587 233 220
 1
 1 78 1 49 1 47 1 167
