c6-p2(Hopper).txt
77
97
80 55
1	2	23	9	19	5	
2	2	10	4	3	3	
3	1	5	30	
4	1	1	1	
5	1	5	15	
6	1	8	2	
7	1	4	5	
8	1	3	5	
9	1	7	9	
10	1	9	15	
11	1	12	55	
12	1	3	11	
13	1	2	1	
14	1	4	14	
15	1	17	5	
16	1	5	5	
17	2	24	4	15	5	
18	2	22	7	4	4	
19	2	5	1	10	2	
20	1	7	6	
21	1	9	11	
22	1	26	11	
23	1	3	2	
24	2	4	4	10	8	
25	1	2	6	
26	1	4	4	
27	1	7	39	
28	1	8	2	
29	1	9	2	
30	1	3	6	
31	1	1	1	
32	2	10	29	6	9	
33	1	3	2	
34	1	24	30	
35	2	26	5	5	2	
36	1	3	4	
37	1	4	3	
38	4	19	9	6	5	8	45	9	13	
39	2	16	7	11	50	
40	3	39	6	36	6	26	8	
41	4	29	8	28	6	1	1	9	2	
42	1	5	20	
43	1	2	10	
44	1	4	26	
45	2	4	13	7	18	
46	2	10	33	6	20	
47	1	2	11	
48	1	12	6	
49	1	2	2	
50	1	1	6	
51	1	3	3	
52	1	2	9	
53	1	4	25	
54	1	8	33	
55	1	4	22	
56	1	6	2	
57	1	20	7	
58	1	9	17	
59	1	2	3	
60	1	5	2	
61	1	6	23	
62	1	11	13	
63	1	15	3	
64	1	2	6	
65	1	2	2	
66	1	3	2	
67	1	3	1	
68	1	5	13	
69	1	30	5	
70	1	16	8	
71	2	7	3	5	11	
72	1	6	4	
73	1	15	26	
74	1	6	5	
75	1	5	3	
76	1	2	3	
77	1	11	2	
