c7-p2(Hopper).txt
157
197
240 113
1	1	3	7	
2	1	2	1	
3	2	10	3	2	11	
4	1	8	6	
5	1	7	14	
6	1	8	3	
7	1	6	2	
8	2	1	1	6	7	
9	1	14	37	
10	1	1	2	
11	1	11	10	
12	1	11	8	
13	2	22	57	6	2	
14	1	6	4	
15	1	12	80	
16	1	8	15	
17	1	1	6	
18	1	42	9	
19	1	39	8	
20	1	2	8	
21	1	72	15	
22	1	10	3	
23	1	12	8	
24	1	12	3	
25	1	9	17	
26	1	9	9	
27	1	2	8	
28	1	3	18	
29	1	5	15	
30	2	2	9	4	2	
31	1	8	11	
32	1	4	27	
33	2	2	13	13	3	
34	1	5	25	
35	1	51	10	
36	1	1	6	
37	1	13	17	
38	1	29	5	
39	1	5	2	
40	1	17	3	
41	1	16	46	
42	1	14	3	
43	1	19	9	
44	1	9	5	
45	1	12	25	
46	1	6	7	
47	1	3	3	
48	1	10	4	
49	1	8	42	
50	1	11	9	
51	1	3	12	
52	1	8	12	
53	1	32	5	
54	1	28	8	
55	1	9	15	
56	1	26	7	
57	1	8	15	
58	1	5	3	
59	1	5	7	
60	1	27	5	
61	1	2	1	
62	1	38	9	
63	1	25	9	
64	1	6	4	
65	1	7	33	
66	1	7	8	
67	1	10	11	
68	1	5	28	
69	1	1	1	
70	1	17	5	
71	1	4	19	
72	1	11	37	
73	1	19	4	
74	2	6	13	5	7	
75	2	3	6	16	57	
76	4	13	36	15	9	4	27	3	9	
77	2	2	10	10	6	
78	6	5	5	6	24	7	11	2	4	25	8	12	15	
79	1	2	1	
80	2	7	5	14	14	
81	1	3	13	
82	1	2	4	
83	1	3	2	
84	2	27	7	65	16	
85	2	3	11	2	6	
86	1	11	12	
87	1	21	101	
88	1	25	11	
89	1	3	3	
90	1	1	4	
91	1	6	32	
92	2	14	5	5	28	
93	1	1	4	
94	1	15	75	
95	1	3	10	
96	1	7	26	
97	1	33	6	
98	2	2	1	30	8	
99	1	36	10	
100	3	10	45	3	10	10	7	
101	1	30	20	
102	1	38	18	
103	1	8	31	
104	1	12	9	
105	1	9	12	
106	1	13	47	
107	1	4	1	
108	1	10	11	
109	1	10	11	
110	1	13	12	
111	1	35	7	
112	1	11	56	
113	1	22	20	
114	1	9	21	
115	1	1	5	
116	1	8	27	
117	1	3	20	
118	1	6	3	
119	1	6	19	
120	1	7	2	
121	1	1	3	
122	1	8	22	
123	1	1	1	
124	2	5	2	18	4	
125	1	2	1	
126	1	2	9	
127	1	2	2	
128	1	12	7	
129	1	3	6	
130	2	36	11	2	1	
131	3	33	8	17	7	13	27	
132	1	4	2	
133	1	5	20	
134	1	1	2	
135	2	4	7	16	3	
136	2	9	39	3	16	
137	2	16	32	3	2	
138	1	71	25	
139	1	6	11	
140	1	3	11	
141	1	6	10	
142	3	17	34	6	10	17	10	
143	2	6	13	6	21	
144	3	27	6	10	44	11	73	
145	1	1	4	
146	4	6	2	1	2	10	39	16	5	
147	1	5	31	
148	1	9	55	
149	1	4	10	
150	1	12	5	
151	1	6	6	
152	1	22	59	
153	1	10	9	
154	1	12	4	
155	1	2	7	
156	3	62	9	7	6	17	113	
157	1	3	9	
