nice2.500.txt
400
500
100 15
1	1	2.766072	10.124240	
2	1	8.339664	2.582365	
3	1	6.035195	4.534348	
4	1	5.425839	3.761093	
5	1	5.691321	2.544049	
6	1	10.320490	2.604781	
7	1	8.614410	3.104128	
8	1	3.001749	7.484222	
9	1	7.993108	2.161649	
10	1	4.945852	1.957707	
11	3	2.844265	7.991443	3.718306	4.966867	4.133548	3.648210	
12	1	4.219311	3.553858	
13	2	4.838749	3.836935	3.184782	3.061802	
14	1	4.592143	4.705135	
15	1	5.475357	5.576151	
16	1	2.173707	8.043413	
17	1	7.989421	2.376046	
18	1	2.096400	7.830580	
19	1	2.727612	3.775086	
20	2	2.935459	3.521367	2.718010	3.775086	
21	1	3.766226	3.917342	
22	2	2.243081	8.259596	4.213037	3.134193	
23	1	8.675775	3.165386	
24	1	3.355827	5.370916	
25	1	4.376228	3.836935	
26	1	5.728395	6.885965	
27	1	2.668944	7.645337	
28	1	4.392027	3.553204	
29	1	3.927679	7.080050	
30	2	3.409001	7.031447	2.455276	6.984668	
31	1	2.603551	6.885965	
32	2	6.141067	3.092575	3.289217	5.061411	
33	1	4.403457	3.712183	
34	1	10.418060	2.706316	
35	1	2.934170	5.066187	
36	1	5.136783	3.679811	
37	1	9.094330	2.790820	
38	1	3.934682	7.814260	
39	4	7.879362	2.591618	6.748427	2.494255	2.935459	3.962855	3.680608	3.134193	
40	4	10.021950	3.221865	5.831510	4.050917	5.853661	2.894160	4.366834	3.068369	
41	2	3.072040	4.829499	2.787676	3.438048	
42	1	4.612870	3.906426	
43	1	2.252031	7.977048	
44	1	5.111115	3.028865	
45	2	6.353261	2.741377	5.749802	2.871257	
46	1	4.046666	8.697929	
47	2	3.251855	6.698885	2.301833	4.861035	
48	1	2.702508	10.489300	
49	1	3.093353	3.330061	
50	1	2.155679	4.861035	
51	3	4.328691	6.266878	6.366160	3.083886	5.649455	3.313389	
52	2	6.357399	4.527036	9.630841	2.426450	
53	1	7.423036	3.901572	
54	1	6.749003	4.098475	
55	1	2.994334	3.344498	
56	1	5.779289	3.749787	
57	1	5.779289	5.275403	
58	1	7.044580	2.504403	
59	1	2.462623	6.984668	
60	1	4.328691	3.966311	
61	1	3.711038	4.219677	
62	1	4.641218	4.213831	
63	1	4.471832	3.897635	
64	2	4.162374	3.619050	5.594255	1.734050	
65	1	4.368030	5.004597	
66	1	5.186903	10.066640	
67	1	3.459857	4.435558	
68	1	4.694793	3.222520	
69	1	5.804316	3.974030	
70	1	10.021950	2.825222	
71	1	6.752311	4.018110	
72	1	2.608111	6.181738	
73	1	4.178225	3.964996	
74	1	2.875681	7.645337	
75	1	2.828738	8.894473	
76	1	8.675775	2.930770	
77	1	10.418060	2.713718	
78	1	4.191396	4.798086	
79	1	5.491717	5.143753	
80	1	10.931550	3.116188	
81	1	3.778572	5.318611	
82	1	3.561346	4.640231	
83	1	5.328104	8.289602	
84	1	5.561581	5.755042	
85	1	4.529730	3.934762	
86	1	5.202911	4.705135	
87	1	5.302864	1.899967	
88	1	8.558537	2.180157	
89	1	3.864031	4.262098	
90	1	2.572167	7.457799	
91	1	2.582216	9.755272	
92	1	6.094919	5.755042	
93	1	4.019196	3.825037	
94	1	3.861550	7.483635	
95	1	4.529730	3.301631	
96	1	4.538944	2.552518	
97	1	5.181751	2.871257	
98	1	2.547486	8.830841	
99	1	5.175198	3.493493	
100	1	4.368030	2.281181	
101	1	2.329458	4.373411	
102	1	3.728100	7.330624	
103	2	8.138102	2.596070	6.558219	2.627693	
104	2	4.221662	6.368428	7.326797	3.266588	
105	1	2.906151	5.252685	
106	1	7.326797	2.713681	
107	3	8.218400	5.121574	4.904836	4.119945	6.748427	2.921318	
108	1	3.864031	4.332938	
109	1	6.357399	3.063753	
110	1	6.028692	3.838121	
111	1	4.566905	3.583343	
112	1	4.697233	4.604690	
113	1	3.929466	7.875710	
114	1	3.008898	5.636147	
115	1	2.934170	5.058055	
116	1	4.960720	3.219311	
117	1	2.891802	9.755272	
118	1	4.133548	3.576457	
119	1	5.724013	2.969967	
120	1	5.609982	2.170337	
121	1	9.186439	3.625119	
122	1	5.325115	3.974030	
123	1	3.055979	6.022527	
124	1	3.933697	4.319849	
125	1	2.591290	9.755272	
126	1	3.486465	4.223831	
127	1	3.659655	2.907938	
128	1	9.186439	2.580598	
129	1	5.248507	5.171586	
130	1	4.572533	5.677670	
131	1	5.419883	3.761093	
132	1	7.224337	2.529615	
133	1	2.986492	7.224667	
134	1	7.827345	2.803302	
135	1	2.821897	6.572933	
136	1	4.393613	3.836935	
137	1	3.525629	7.133927	
138	1	2.456086	7.457799	
139	1	5.483002	2.552518	
140	1	6.676592	3.793390	
141	1	4.586693	3.787145	
142	1	5.785127	3.223935	
143	1	5.734889	3.375423	
144	1	5.873290	2.969967	
145	1	6.053934	9.823436	
146	1	5.248507	2.293402	
147	1	3.254817	5.061411	
148	1	8.202546	3.168274	
149	1	2.953934	5.525071	
150	1	8.614410	3.343272	
151	1	3.429259	4.861035	
152	1	5.508560	3.052839	
153	1	4.330625	2.544049	
154	1	10.021950	2.805446	
155	1	2.125262	7.830580	
156	1	3.371449	4.829499	
157	1	3.979955	4.410437	
158	2	4.879116	3.493493	2.753900	3.666165	
159	1	4.897264	3.683210	
160	1	3.851265	6.744357	
161	2	3.387511	6.022527	4.146591	3.782118	
162	2	5.812177	3.223935	5.248507	3.457707	
163	4	6.192220	3.689878	7.827345	2.163565	4.196865	3.915524	6.860163	2.359647	
164	1	4.353765	3.879236	
165	1	6.392033	4.034341	
166	1	5.838131	2.098923	
167	1	3.958963	6.276595	
168	1	10.418060	2.758862	
169	1	6.740662	2.888680	
170	1	4.260645	3.879236	
171	1	2.462353	6.727949	
172	1	2.060916	8.152615	
173	1	3.413783	6.984668	
174	1	3.384835	5.370916	
175	1	5.687645	2.823911	
176	1	2.906578	5.552192	
177	1	3.565939	7.133927	
178	1	3.766226	4.298576	
179	1	2.546218	9.025190	
180	1	3.600847	4.604313	
181	1	4.819123	3.652185	
182	1	5.514668	3.239355	
183	1	2.682625	10.728400	
184	2	6.077169	3.689878	4.177291	3.619050	
185	1	2.732900	10.728400	
186	1	7.893644	4.092378	
187	3	8.850920	3.072586	2.368360	8.768419	4.053118	3.712183	
188	1	4.179390	3.974030	
189	1	7.879362	2.040124	
190	1	5.386709	3.768908	
191	1	2.608111	4.028194	
192	1	6.565821	2.569007	
193	2	5.903229	3.083886	2.821428	4.938257	
194	1	3.932129	6.557058	
195	4	9.360392	2.406992	4.304994	4.263959	3.811197	3.964996	4.849466	3.028865	
196	1	2.869583	10.209930	
197	1	4.520904	2.678300	
198	1	3.258708	3.061802	
199	4	8.675775	3.199258	3.929466	6.260088	3.702249	4.798086	3.692788	4.098475	
200	2	4.328368	4.265101	4.819123	2.025485	
201	1	5.302864	1.817376	
202	1	4.185029	6.698885	
203	1	6.053934	4.529033	
204	2	5.831510	3.940527	2.553733	8.043413	
205	2	6.565821	2.657685	4.520904	2.316019	
206	1	2.948085	10.647570	
207	1	4.571922	3.692876	
208	1	8.614410	2.654844	
209	1	3.486465	4.474098	
210	1	5.655519	3.748423	
211	1	9.830766	4.223910	
212	1	4.392027	3.911218	
213	1	3.940287	6.366449	
214	1	6.443490	1.848148	
215	1	4.034122	4.081559	
216	1	3.711038	2.811770	
217	4	5.331054	3.239355	3.933697	4.378080	2.523698	6.698885	3.399075	2.880029	
218	1	11.672330	5.121574	
219	1	5.086544	4.269034	
220	1	7.879362	3.324436	
221	1	1.722210	6.040169	
222	1	5.335689	4.705135	
223	1	5.445622	5.055755	
224	1	2.233779	8.595036	
225	1	3.131005	5.980269	
226	5	3.958963	6.633936	2.599355	6.572933	3.944071	4.263959	3.623490	4.604313	3.907427	4.248662	
227	1	2.745005	9.208715	
228	1	3.944871	5.646491	
229	1	2.895282	5.661079	
230	1	7.423036	3.343600	
231	1	3.943663	4.048953	
232	1	3.187081	4.640231	
233	1	11.039990	2.902905	
234	2	5.481950	3.172440	6.443490	1.617064	
235	1	3.504410	5.223997	
236	1	4.844262	3.782118	
237	1	7.601988	4.048953	
238	1	4.727441	5.076806	
239	1	6.748427	2.721263	
240	1	3.270523	9.255547	
241	1	4.051595	4.140088	
242	1	4.019196	3.717084	
243	1	2.476377	6.727949	
244	1	4.769534	3.922742	
245	1	3.652608	4.034341	
246	1	4.632489	2.987616	
247	1	4.635105	2.663314	
248	3	3.549290	7.590789	6.860163	2.894998	4.769534	2.612662	
249	3	3.377021	7.330624	8.138102	2.371672	2.821428	4.647898	
250	1	5.250319	8.249395	
251	1	6.028692	2.734812	
252	1	5.775698	4.373411	
253	2	2.567608	9.255547	4.215815	2.663314	
254	2	5.539855	5.294575	3.923328	5.980269	
255	1	2.870309	3.350401	
256	1	5.639184	3.793390	
257	1	3.854920	7.484222	
258	1	3.528666	7.457799	
259	1	2.046949	8.152615	
260	1	3.766226	5.517431	
261	1	2.335113	9.025190	
262	1	4.912379	3.768908	
263	1	4.897264	3.115105	
264	1	5.853661	2.491103	
265	2	6.174709	3.092575	3.925875	3.715721	
266	3	9.891537	2.719908	4.654055	3.915524	6.035195	2.875899	
267	7	5.501042	4.994319	5.475357	4.903404	4.019196	5.578099	8.614410	2.495540	4.719082	3.717342	2.953934	3.869843	2.255008	4.373411	
268	1	7.879362	2.691393	
269	1	4.761420	3.532412	
270	4	5.649455	3.560557	5.125065	3.692876	7.556016	2.222228	2.449095	6.727949	
271	1	4.982329	4.410437	
272	2	4.681297	5.367379	3.343726	5.467010	
273	1	4.254553	4.265101	
274	1	4.311127	6.873946	
275	1	2.244152	7.977048	
276	1	3.932129	4.497633	
277	1	4.529730	3.249703	
278	1	6.565821	2.925923	
279	1	1.710648	5.646491	
280	1	2.906578	5.095379	
281	1	8.227665	2.327271	
282	1	2.312937	8.768419	
283	1	5.328104	5.443747	
284	1	3.751101	2.305462	
285	1	6.353261	2.725632	
286	1	4.308377	2.293605	
287	1	4.168425	4.081559	
288	1	3.659655	3.890377	
289	1	4.574910	3.992794	
290	1	5.594255	2.697705	
291	1	5.136783	3.304858	
292	1	4.250160	2.293605	
293	1	4.328691	4.022925	
294	1	3.924138	3.715721	
295	1	4.769534	2.162526	
296	1	6.266070	5.318611	
297	1	6.752311	3.338197	
298	1	2.994334	3.383451	
299	1	7.037660	3.404714	
300	1	8.558537	2.442750	
301	1	5.409928	3.467308	
302	1	4.945852	2.035087	
303	1	3.082951	6.205717	
304	1	2.749039	7.023736	
305	1	8.614410	2.753133	
306	1	8.138102	2.112469	
307	1	9.427398	3.376958	
308	1	4.120353	3.553858	
309	2	8.227665	2.390378	5.369564	3.480926	
310	1	3.694165	4.345077	
311	1	5.723328	4.410437	
312	2	2.593477	3.879349	4.366834	2.226206	
313	2	3.907427	5.817978	2.283976	7.977048	
314	2	6.982767	2.086097	2.746711	4.416814	
315	2	6.752311	3.372090	2.593477	3.765988	
316	1	10.418060	2.690240	
317	1	8.227665	2.198864	
318	1	2.442245	6.727949	
319	1	3.349352	2.880029	
320	1	6.748427	3.305774	
321	4	14.685610	4.121208	9.360392	2.563283	9.151882	2.313147	2.660462	4.098475	
322	1	4.612870	4.070622	
323	1	3.448952	4.345077	
324	2	5.025669	4.265101	4.794909	2.987616	
325	1	4.921583	3.021262	
326	1	3.008898	5.813008	
327	1	3.861550	5.636584	
328	1	8.456574	3.204329	
329	1	4.929524	3.480926	
330	2	5.758577	3.715721	4.203942	3.897635	
331	4	4.507106	5.885068	10.229620	2.561058	6.146211	4.193867	3.088308	6.193902	
332	1	9.151882	2.363107	
333	1	10.320490	2.722133	
334	1	3.727155	5.208454	
335	2	2.870309	3.898152	2.947212	3.438048	
336	1	5.609982	1.822457	
337	1	7.319399	6.341043	
338	1	3.972968	6.727949	
339	1	4.641218	4.035564	
340	1	7.044580	2.465872	
341	1	4.168669	5.885068	
342	1	2.363687	8.697929	
343	1	3.459857	4.959355	
344	1	2.947970	9.025190	
345	1	6.002719	4.140088	
346	1	5.057687	4.210414	
347	1	3.202529	5.661079	
348	1	3.940287	4.688242	
349	1	5.283221	3.532412	
350	1	4.020967	4.373411	
351	1	3.088272	4.119945	
352	1	5.475357	4.632879	
353	1	8.249064	3.066664	
354	1	2.340997	7.977048	
355	1	4.999862	3.219311	
356	1	3.600359	4.861035	
357	1	2.020042	7.248553	
358	1	2.746711	4.791901	
359	1	5.390277	3.782118	
360	1	2.902484	7.248553	
361	1	10.021950	2.979639	
362	1	7.556016	2.722143	
363	1	6.982767	2.182938	
364	1	4.586693	3.236591	
365	1	2.205470	6.040169	
366	4	2.262326	7.330624	4.529730	3.649702	6.860163	2.259069	2.906151	3.641788	
367	1	5.923100	4.193867	
368	1	4.153687	4.604690	
369	2	2.697529	7.245172	5.838131	2.844538	
370	1	3.934682	5.096271	
371	1	8.234226	5.755042	
372	1	2.645633	7.464422	
373	1	4.369710	4.210414	
374	1	2.600556	9.586155	
375	2	2.132303	8.259596	2.753900	3.967416	
376	2	3.093353	3.397888	6.443490	1.624876	
377	1	2.579215	7.410247	
378	1	9.630841	2.900465	
379	2	5.409928	3.418658	5.531434	3.052839	
380	3	3.821690	4.861035	5.449603	3.172440	3.804915	2.305462	
381	1	3.676902	8.152615	
382	1	2.775186	10.489300	
383	1	4.974847	4.507965	
384	1	2.274215	7.330624	
385	1	2.450433	9.586155	
386	1	6.443490	1.636930	
387	1	6.850857	3.222520	
388	1	7.143116	3.288504	
389	1	2.167747	7.248553	
390	1	6.558219	2.433717	
391	1	5.158077	2.823911	
392	1	4.974847	3.751631	
393	2	5.734889	4.991285	5.248507	4.253414	
394	2	2.900644	6.572933	3.727155	4.915789	
395	2	9.891537	3.229704	4.368030	3.442618	
396	2	5.853661	5.483873	3.816461	7.484222	
397	2	4.584977	3.583343	4.909183	3.021262	
398	1	5.251467	4.431755	
399	3	10.229620	2.662940	3.704263	7.023736	3.851265	4.704799	
400	1	4.076808	5.677670	
