nice44.25.txt
20
25
100 47
1	1	12.382640	19.895600	
2	1	19.411450	41.706090	
3	1	46.084960	11.563140	
4	2	10.005920	15.840250	9.462811	16.541820	
5	1	13.386320	11.566150	
6	2	13.147910	32.794780	12.382640	21.810480	
7	2	20.180770	32.794780	12.060830	16.541820	
8	2	9.414154	25.499130	7.456320	25.499130	
9	2	23.013690	9.450696	12.907290	16.541820	
10	1	22.120950	41.706090	
11	1	18.052640	25.499130	
12	1	46.084960	18.350930	
13	1	46.084960	11.792020	
14	1	13.386320	21.228630	
15	1	42.063190	13.040650	
16	1	42.063190	12.458480	
17	1	8.848135	32.794780	
18	1	34.430930	16.252960	
19	1	23.013690	16.048440	
20	1	10.005920	16.954530	
