nice19.50.txt
40
50
100 33
1	1	32.871500	18.391900	
2	1	32.871500	8.426115	
3	1	15.004670	11.279100	
4	1	7.795157	26.669420	
5	1	15.500510	12.889030	
6	2	11.080790	16.963200	15.462270	9.878607	
7	1	16.451460	8.956378	
8	1	20.652450	12.889030	
9	1	9.509649	20.108540	
10	1	17.409220	9.878607	
11	2	8.817194	16.963200	11.720560	10.615790	
12	1	19.976650	6.398424	
13	1	19.670200	8.403584	
14	1	12.000590	19.673630	
15	1	12.784430	8.481379	
16	2	11.807820	16.963200	10.558250	16.525420	
17	1	20.954100	8.666060	
18	1	16.451460	9.064134	
19	1	19.670200	9.043348	
20	3	11.656780	16.525420	20.954100	8.356938	15.325000	11.365030	
21	1	15.376520	6.462372	
22	1	18.876070	19.733430	
23	1	19.670200	9.725606	
24	1	14.648590	15.390320	
25	1	19.670200	9.461418	
26	1	14.245430	11.279100	
27	1	27.298340	11.252050	
28	1	8.953508	19.673630	
29	1	28.218040	20.108540	
30	1	19.976650	7.381968	
31	1	13.333110	16.525420	
32	1	5.562232	20.108540	
33	1	14.601510	15.390320	
34	1	15.376520	7.318020	
35	1	5.263423	20.108540	
36	1	14.468600	16.963200	
37	2	15.881020	13.780390	11.034610	18.613450	
38	3	15.286050	16.525420	11.720560	16.053630	14.513910	8.481379	
39	2	15.081230	12.889030	5.416842	18.613450	
40	2	13.044170	16.525420	15.325000	8.743516	
