nice44.50.txt
40
50
100 43
1	1	13.386320	11.566150	
2	1	9.414154	13.133410	
3	2	23.013690	9.450696	10.896320	11.563140	
4	2	12.060830	16.541820	18.052640	7.367910	
5	1	15.081090	13.040650	
6	1	14.030990	11.563140	
7	1	9.962688	17.147510	
8	2	9.962688	15.647270	11.496170	11.792020	
9	2	19.181320	11.792020	11.178950	13.040650	
10	1	7.456320	25.499130	
11	1	13.147910	18.011210	
12	1	7.898947	16.252960	
13	2	21.157650	11.563140	6.445343	21.810480	
14	1	23.013690	9.782548	
15	1	36.558000	18.350930	
16	1	23.013690	6.265891	
17	1	6.390096	19.895600	
18	1	10.218090	32.794780	
19	1	10.005920	16.954530	
20	1	8.848135	15.103310	
21	1	42.063190	12.458480	
22	1	18.052640	10.195640	
23	1	5.992544	19.895600	
24	1	13.386320	11.227230	
25	1	22.120950	6.714842	
26	1	12.907290	16.541820	
27	1	7.620469	16.252960	
28	1	18.052640	7.935580	
29	2	15.407470	11.792020	9.630048	16.252960	
30	2	16.125430	20.092940	22.120950	6.316883	
31	1	9.462811	16.541820	
32	3	9.526964	18.350930	9.281466	16.252960	5.937297	21.810480	
33	2	13.386320	10.001400	5.995519	20.092940	
34	1	10.005920	15.840250	
35	1	19.411450	41.706090	
36	1	22.120950	8.581421	
37	1	13.147910	14.783570	
38	1	8.848135	17.691470	
39	1	15.803160	13.040650	
40	1	9.414154	12.365720	
