nice49.50.txt
40
50
100 39
1	1	21.365760	10.968800	
2	1	7.057724	20.872730	
3	1	7.409620	18.343300	
4	1	38.953610	15.198690	
5	1	19.752540	10.968800	
6	1	18.830210	20.199630	
7	1	9.051762	15.187040	
8	1	6.733534	20.199630	
9	1	13.011410	15.803750	
10	1	11.228540	13.437880	
11	1	8.082497	20.872730	
12	1	22.711730	12.018520	
13	1	13.792600	18.154500	
14	1	13.792600	12.847940	
15	1	8.484777	21.739170	
16	1	16.506240	8.018610	
17	1	7.697357	15.416850	
18	2	8.066233	18.343300	6.217946	20.872730	
19	1	11.642360	20.197940	
20	1	11.348730	15.416850	
21	2	6.622559	20.872730	10.280020	10.323040	
22	2	14.799450	10.880670	7.912282	10.880670	
23	2	14.092120	15.803750	11.211890	8.181910	
24	3	32.633520	10.930980	27.667850	7.087804	10.280020	10.549680	
25	1	16.455970	8.181910	
26	2	19.410710	15.198690	15.410580	15.754590	
27	3	20.403030	15.803750	27.667850	7.581982	12.432500	13.238930	
28	1	27.722320	7.398241	
29	1	22.711730	9.808793	
30	2	32.633520	10.808190	12.432500	17.763520	
31	1	15.410580	15.247860	
32	1	16.439310	13.437880	
33	1	14.906220	16.089940	
34	1	15.475850	14.364680	
35	1	10.857760	15.803750	
36	1	11.642360	12.510030	
37	1	8.507663	20.872730	
38	1	10.657530	16.089940	
39	1	11.216080	8.018610	
40	1	9.051762	17.520940	
