nice1.25.txt
20
25
100 47
1	1	34.380290	10.480170	
2	3	46.531270	11.896630	35.949950	9.020110	13.635460	16.939690	
3	1	29.715390	19.611160	
4	1	12.103530	22.928380	
5	1	22.595420	16.750770	
6	2	16.323010	16.256490	8.950342	28.962310	
7	1	13.635460	22.149520	
8	1	16.323010	13.258480	
9	1	20.658380	19.478040	
10	1	28.480850	31.948490	
11	1	34.380290	8.997871	
12	1	12.698670	22.928380	
13	1	46.531270	17.065670	
14	2	31.325870	17.671890	11.147750	22.928380	
15	2	19.246190	14.742400	16.323010	14.645050	
16	1	31.325870	21.417320	
17	1	19.246190	29.417630	
18	1	8.949194	28.962310	
19	1	12.973780	16.750770	
20	1	25.323280	19.611160	
