nice33.200.txt
160
200
100 18
1	2	14.999100	3.785796	4.716968	9.989168	
2	2	7.663661	5.108627	6.791169	3.870135	
3	1	8.154219	4.858374	
4	1	10.069130	6.015949	
5	1	4.818334	5.265427	
6	3	13.846860	7.704407	4.124278	7.212898	7.395867	3.870135	
7	1	5.514512	5.669498	
8	1	8.201743	5.280357	
9	1	5.388163	6.413819	
10	1	8.757321	9.368197	
11	2	6.210728	6.413819	3.939000	9.502943	
12	2	5.272349	10.381050	3.281789	10.296130	
13	1	8.363304	4.948205	
14	3	4.259672	13.167920	4.363236	9.989168	4.895452	7.836155	
15	1	7.454127	4.861357	
16	2	7.565926	6.015949	3.391187	6.225142	
17	2	4.591707	5.122925	4.864303	4.314327	
18	1	14.132370	4.087120	
19	1	5.203771	9.332817	
20	1	14.194330	3.858789	
21	2	7.314869	4.718778	5.343530	5.122480	
22	2	8.047056	6.225142	2.923079	6.932321	
23	1	8.874106	3.346217	
24	1	5.188518	12.727560	
25	1	7.544974	4.861357	
26	1	10.956060	3.332617	
27	1	10.782080	5.083807	
28	1	5.508669	8.841511	
29	2	9.593983	5.122480	9.635281	4.092495	
30	2	5.228607	9.146056	5.963742	5.588878	
31	1	6.110096	8.379953	
32	1	6.739057	8.065232	
33	1	6.928779	11.856770	
34	1	10.571040	4.765869	
35	1	4.818334	4.559999	
36	1	6.396897	11.856770	
37	1	9.791145	4.480005	
38	1	12.967980	6.926498	
39	1	2.672118	8.551682	
40	1	5.436135	10.718010	
41	1	4.320506	4.738721	
42	1	4.526505	12.727560	
43	1	10.571040	4.688069	
44	1	6.103473	5.500530	
45	1	10.956060	3.824630	
46	1	11.598890	4.356483	
47	1	8.580751	4.921867	
48	1	7.992576	5.680350	
49	4	12.206840	4.691120	13.480390	3.949832	7.314869	6.051525	5.220897	7.185353	
50	3	6.263863	10.942030	9.325332	6.528712	3.278047	7.704407	
51	1	7.279146	7.603161	
52	1	6.638410	12.301390	
53	1	5.534388	7.555732	
54	1	3.915591	15.295910	
55	1	4.550347	13.773900	
56	2	6.053080	9.894155	6.736104	6.932321	
57	1	5.298689	10.381050	
58	2	5.065042	10.222550	5.831031	4.948205	
59	1	4.949894	9.146056	
60	1	5.489707	8.874332	
61	1	2.977086	10.942030	
62	1	8.633562	7.555732	
63	1	4.785108	7.680367	
64	1	3.928316	15.295910	
65	1	9.026531	6.241425	
66	1	10.590370	4.314327	
67	1	14.187040	4.096210	
68	1	9.791145	6.342536	
69	1	3.573685	13.773900	
70	3	10.259810	6.255143	6.103473	10.086110	7.222585	7.897073	
71	1	10.782080	6.538213	
72	1	6.088064	9.146056	
73	1	5.508669	7.856015	
74	1	16.353690	6.814063	
75	1	7.516338	9.771564	
76	1	4.346139	16.031580	
77	1	6.577739	8.651424	
78	3	17.511180	7.021092	8.359774	8.651424	7.246487	8.326356	
79	1	9.635281	3.470174	
80	1	3.191547	6.932321	
81	1	4.265697	7.704407	
82	1	7.843907	7.400011	
83	1	5.220897	3.902746	
84	3	6.053080	9.427831	8.933273	6.241425	6.103473	5.860811	
85	1	5.804815	9.368197	
86	1	6.176762	9.146056	
87	1	3.713671	12.176640	
88	2	8.150291	6.575151	4.354806	5.021444	
89	2	4.235453	14.324820	9.791145	4.597078	
90	2	9.205337	8.001885	14.194330	3.854330	
91	1	7.251365	6.255143	
92	1	4.785108	8.351211	
93	2	4.876588	12.176640	3.240498	10.296130	
94	3	4.168387	14.912680	7.279146	5.774484	6.522286	6.401396	
95	1	9.329378	5.108627	
96	1	5.963742	4.236548	
97	1	8.164497	6.748146	
98	1	7.246487	8.371169	
99	1	10.571040	4.763566	
100	1	5.817941	9.502943	
101	1	4.124278	8.818680	
102	1	5.880207	5.669498	
103	1	12.850730	6.235602	
104	2	7.516338	9.789617	9.915547	6.468480	
105	2	14.194330	4.471942	3.876434	9.332817	
106	2	7.368430	6.305996	7.368430	4.636036	
107	1	12.206840	3.860563	
108	1	5.065042	9.338630	
109	1	5.967587	9.146056	
110	1	15.086870	9.368197	
111	1	6.848809	6.575151	
112	1	4.033356	14.912680	
113	1	6.675542	8.379953	
114	1	5.050681	12.727560	
115	1	8.874106	3.182496	
116	1	6.062216	9.146056	
117	1	4.280759	16.697530	
118	1	14.132370	3.978113	
119	1	4.101407	10.942030	
120	1	3.845448	13.167920	
121	1	4.484850	7.704407	
122	1	5.466349	8.874332	
123	1	8.199476	4.858374	
124	1	5.979331	5.122925	
125	1	4.443265	7.704407	
126	1	6.796000	8.065232	
127	1	4.063283	7.533154	
128	1	4.063283	6.240751	
129	1	3.337512	12.727560	
130	1	9.205337	5.166038	
131	3	7.279146	5.944341	5.314775	4.738721	3.560858	6.225142	
132	1	6.917474	16.697530	
133	1	10.590480	5.669498	
134	1	9.642476	5.680350	
135	1	8.828541	6.748146	
136	1	9.265564	5.025088	
137	1	7.817252	7.555732	
138	1	6.873921	4.921867	
139	1	7.925147	8.379953	
140	1	10.571040	11.047950	
141	1	6.425200	6.259080	
142	1	5.049639	16.697530	
143	1	3.490347	6.259080	
144	1	4.354806	9.303381	
145	1	3.994912	5.772678	
146	2	8.232088	7.897073	5.436135	10.729440	
147	1	8.201743	6.308429	
148	1	4.034801	8.551682	
149	1	9.756941	9.819042	
150	1	7.843907	6.377214	
151	1	4.895693	7.836155	
152	1	8.027058	5.772678	
153	1	6.177468	5.772678	
154	1	9.791145	5.817359	
155	1	7.088130	5.025088	
156	1	13.480390	4.016513	
157	1	4.991827	6.926498	
158	1	5.220897	8.473081	
159	2	4.448961	13.773900	3.555026	12.727560	
160	1	4.474024	13.276230	
