nice47.100.txt
80
100
100 29
1	1	6.098070	10.372420	
2	3	10.023450	9.614285	18.574780	4.759349	7.367835	9.339779	
3	1	9.261575	20.931180	
4	1	6.819256	10.497890	
5	2	10.189380	10.177430	3.943769	15.055260	
6	2	4.603551	18.169360	7.255147	9.209185	
7	1	5.822031	20.861960	
8	1	9.677224	14.409190	
9	1	7.367835	9.679302	
10	2	13.671620	11.812200	8.489564	10.386600	
11	1	5.015568	14.464360	
12	3	26.431690	10.267680	10.023450	8.666588	4.178292	16.439830	
13	2	11.951710	12.717250	6.827431	8.632908	
14	4	17.216340	4.807312	14.386740	5.710123	9.212809	8.223962	6.935330	8.891644	
15	1	9.934552	10.386600	
16	1	16.653690	8.310192	
17	1	5.053535	15.055260	
18	1	10.109870	23.977030	
19	1	13.329590	10.497890	
20	1	6.956693	9.058210	
21	1	6.397509	10.497890	
22	1	11.773040	6.570840	
23	1	8.231478	7.571633	
24	1	5.530857	15.055260	
25	2	8.807039	6.943430	4.779722	12.717250	
26	1	6.869795	14.789220	
27	3	7.817421	16.439830	8.314242	11.460240	4.566058	18.169360	
28	2	14.925680	10.177430	8.984867	7.571633	
29	1	8.764090	9.639986	
30	2	18.574780	4.660905	9.617077	6.943430	
31	1	13.730060	14.464360	
32	3	11.773040	7.893524	8.412660	10.361370	17.216340	4.345917	
33	1	13.926380	10.497890	
34	1	7.954770	8.128210	
35	1	23.553110	10.364060	
36	1	9.348042	7.583333	
37	1	4.805689	14.018740	
38	1	14.386740	3.786577	
39	1	28.633130	11.386900	
40	1	7.969251	9.058210	
41	1	7.954770	10.946230	
42	1	7.868303	7.583333	
43	1	4.897154	10.361370	
44	1	7.020375	9.058210	
45	1	17.216340	6.160743	
46	1	9.677224	6.452765	
47	2	5.264968	10.361370	13.864980	3.502192	
48	1	7.258074	17.148580	
49	1	6.098070	10.489540	
50	1	13.864980	4.808001	
51	1	8.550312	7.690110	
52	1	12.839440	10.267680	
53	1	18.574780	16.152170	
54	1	8.876776	9.209185	
55	1	6.559662	10.177430	
56	1	16.919620	10.364060	
57	1	6.935330	9.389228	
58	1	7.745969	9.893309	
59	1	4.735717	16.439830	
60	1	6.686814	9.058210	
61	1	4.407120	14.018740	
62	1	9.605405	20.861960	
63	1	10.114040	7.703868	
64	1	8.764090	9.379095	
65	1	9.900418	20.861960	
66	1	4.046621	15.055260	
67	1	7.954770	9.149549	
68	1	7.596397	10.177430	
69	1	7.745969	12.349390	
70	1	11.171420	7.690110	
71	1	10.796930	7.690110	
72	1	8.460743	7.703868	
73	1	9.261575	7.292815	
74	1	6.844193	8.632908	
75	1	4.125859	12.516800	
76	1	14.386740	3.942350	
77	1	9.473356	17.148580	
78	1	7.789169	18.169360	
79	1	4.188384	12.516800	
80	2	16.731430	12.387260	7.516945	14.789220	
