nice35.25.txt
20
25
100 41
1	1	11.007860	30.868230	
2	1	24.685730	9.942051	
3	3	24.549430	17.427670	19.508770	21.191230	24.549430	13.176700	
4	2	28.560050	29.058490	12.358320	11.601970	
5	1	40.298550	12.034150	
6	1	16.628900	27.901880	
7	1	10.410610	21.711150	
8	1	30.261630	13.572350	
9	1	12.327410	11.601970	
10	1	24.685730	10.806650	
11	1	24.549430	26.493250	
12	1	16.628900	29.195740	
13	1	30.261630	13.237390	
14	1	30.261630	30.287880	
15	1	28.560050	28.039140	
16	3	24.685730	10.551700	12.336650	19.249500	12.336650	11.618720	
17	1	15.506960	26.763880	
18	1	15.506960	16.138500	
19	1	16.954040	30.868230	
20	1	9.098157	21.711150	
