nice48.50.txt
40
50
100 40
1	1	39.245860	10.227890	
2	1	22.725970	12.971340	
3	1	15.040640	5.415573	
4	5	21.254670	14.652790	19.987370	15.170840	21.254670	12.363790	18.524880	5.559660	9.378815	9.228547	
5	2	13.907460	25.388990	12.817000	12.905340	
6	3	19.425040	13.705970	16.897290	11.710220	15.943690	5.904437	
7	1	11.322270	15.170840	
8	1	21.254670	8.358387	
9	1	10.046230	9.228547	
10	1	8.956868	13.210410	
11	1	17.680800	16.013920	
12	1	9.310319	12.971340	
13	1	8.055187	11.680530	
14	1	11.340310	12.971340	
15	1	15.040640	6.772447	
16	1	17.680800	9.384811	
17	1	18.136390	12.188020	
18	1	9.281012	26.573390	
19	1	18.524880	5.587907	
20	1	9.630928	12.633830	
21	1	7.164585	12.459540	
22	1	8.055187	13.708460	
23	1	11.273370	12.905340	
24	1	9.086661	12.905340	
25	1	34.075110	11.882960	
26	1	13.252990	25.388990	
27	1	23.116940	12.633830	
28	1	7.936223	15.170840	
29	1	12.026160	11.147570	
30	1	12.825560	11.147570	
31	1	4.879174	12.459540	
32	1	26.176060	11.710220	
33	1	25.118240	13.210410	
34	1	15.943690	5.486138	
35	1	8.160963	25.388990	
36	3	15.943690	26.632780	20.662030	13.688510	10.144030	26.573390	
37	1	22.411320	7.663298	
38	2	21.254670	14.132930	20.704110	12.459540	
39	1	15.943690	11.484550	
40	1	22.411320	6.025213	
