nice19.200.txt
160
200
100 26
1	1	12.061140	6.398424	
2	1	4.684093	11.252050	
3	1	8.215224	4.818388	
4	1	7.201331	6.462372	
5	1	10.488690	4.203673	
6	1	7.611847	5.602523	
7	1	6.345852	6.385965	
8	1	8.107635	4.819027	
9	1	10.368860	4.234480	
10	1	15.881020	4.375322	
11	1	6.194002	9.810852	
12	1	7.102223	4.740865	
13	1	7.078692	8.666060	
14	1	5.871423	9.264442	
15	1	3.894297	9.515068	
16	2	5.162424	8.622638	4.488365	9.115627	
17	1	7.819653	7.318020	
18	2	7.570561	4.354079	3.522011	9.288034	
19	2	16.451460	4.245746	4.182447	9.288034	
20	1	7.235097	7.949289	
21	1	3.391219	12.889030	
22	1	8.488205	7.148391	
23	1	7.018131	11.279100	
24	1	8.817194	4.542289	
25	1	5.251132	8.413293	
26	2	7.590598	5.663045	4.288363	8.597453	
27	4	5.606006	9.213727	5.193832	8.634735	8.969592	4.910328	7.850427	5.602523	
28	1	3.780720	14.472050	
29	1	6.934880	8.534296	
30	1	7.205324	4.642351	
31	1	6.175557	9.103868	
32	1	10.465410	4.246675	
33	1	8.175192	6.462372	
34	1	10.465410	4.110264	
35	1	5.538693	10.853610	
36	1	11.720560	6.050770	
37	1	3.573501	9.515068	
38	1	10.177420	7.381968	
39	1	5.198822	9.725606	
40	1	5.251132	8.549905	
41	1	12.117680	3.812531	
42	1	5.809072	8.687361	
43	1	8.107635	4.282386	
44	1	11.970910	3.768351	
45	1	9.301342	8.403584	
46	1	3.903558	12.197370	
47	1	7.227297	5.650608	
48	1	5.364414	8.270638	
49	2	3.995600	12.889030	7.648450	5.618962	
50	1	6.516463	7.148391	
51	1	7.915508	6.398424	
52	1	7.590598	5.701980	
53	1	5.522139	11.252050	
54	1	5.562232	6.445683	
55	1	15.004670	4.130711	
56	3	5.263423	10.443000	11.720560	4.565017	5.263423	9.665545	
57	2	4.356630	9.833880	8.236232	4.818388	
58	2	9.904450	9.103868	5.364414	8.254777	
59	1	5.438317	9.878607	
60	1	7.397979	9.043348	
61	1	5.501789	9.725606	
62	1	3.756246	8.666060	
63	1	6.637270	5.188116	
64	1	5.457059	8.030654	
65	1	5.832918	9.515068	
66	1	6.796190	8.956378	
67	1	11.970910	3.046694	
68	1	4.737022	16.963200	
69	1	3.585768	13.064270	
70	1	10.194630	5.005253	
71	1	4.061930	10.632010	
72	1	3.778723	13.064270	
73	2	7.904315	4.276083	7.205324	4.532375	
74	1	6.796390	7.409789	
75	1	4.442791	9.839746	
76	1	10.368860	4.169105	
77	1	7.070798	16.963200	
78	1	5.809072	7.838055	
79	1	10.488690	4.153265	
80	2	5.009648	12.889030	8.817194	4.487918	
81	1	10.873110	9.288034	
82	2	25.689890	8.426115	5.786604	12.889030	
83	1	3.487326	12.889030	
84	1	7.556870	7.318020	
85	1	7.218472	4.781808	
86	4	12.272220	4.491292	4.596878	9.833880	9.655266	4.504552	7.557960	4.276083	
87	2	3.950483	11.365030	7.204253	4.351354	
88	1	4.203222	12.889030	
89	1	4.510718	9.839746	
90	1	13.333110	3.461145	
91	5	4.929104	16.963200	7.789016	8.197100	6.934880	7.519334	4.520467	8.481379	3.408439	9.288034	
92	2	4.142974	11.476530	4.921790	9.115627	
93	1	8.489655	7.409789	
94	1	5.193832	7.890680	
95	2	4.787007	9.254933	7.102223	5.852608	
96	1	6.199719	8.286810	
97	1	5.163192	9.903643	
98	1	3.437358	9.174726	
99	1	7.979899	5.013816	
100	1	4.704256	12.889030	
101	1	5.562232	5.576492	
102	1	6.970948	4.713661	
103	2	10.194630	5.588221	5.871423	9.349003	
104	1	7.218472	4.322061	
105	2	7.091141	6.215591	4.722642	9.254933	
106	2	4.974430	11.252050	9.655266	4.451826	
107	1	4.073857	11.476530	
108	1	4.211574	8.197100	
109	1	4.288363	8.365745	
110	1	7.510368	6.215591	
111	1	6.345852	6.503060	
112	1	7.268870	5.618962	
113	1	7.235097	8.576126	
114	1	3.783758	11.476530	
115	5	14.142530	5.211905	5.875890	9.115627	3.891599	12.197370	5.213870	8.481379	5.819781	7.469386	
116	2	7.181612	8.426115	12.272220	4.552056	
117	1	5.248050	6.858617	
118	1	9.573020	5.571274	
119	2	5.527668	9.461418	8.339123	4.391254	
120	1	5.559197	7.439518	
121	1	8.817194	7.932992	
122	1	3.970956	10.853610	
123	1	5.968615	13.064270	
124	1	6.970948	4.574374	
125	1	7.570561	4.127300	
126	4	5.416842	9.367495	5.416842	9.245951	5.819781	7.920931	5.163192	8.709803	
127	1	4.283918	10.593470	
128	1	7.541894	4.391254	
129	1	14.142530	4.249513	
130	1	4.265650	8.481379	
131	3	14.917320	3.896106	5.457059	8.494761	8.120750	4.351354	
132	2	8.969592	4.815278	6.637270	5.405357	
133	1	6.194002	7.152346	
134	1	4.014438	14.472050	
135	1	6.199719	8.238605	
136	1	5.162424	11.110790	
137	1	6.434501	8.666060	
138	1	7.901117	5.013816	
139	1	6.558480	7.439518	
140	1	8.828805	7.847608	
141	1	4.886790	16.963200	
142	1	11.970910	3.063562	
143	1	3.783921	11.365030	
144	1	5.727789	8.481379	
145	1	4.785681	16.053630	
146	1	4.155601	12.889030	
147	1	7.102427	4.392162	
148	1	5.562232	8.086367	
149	1	5.606006	10.519700	
150	1	8.222575	4.392162	
151	1	9.799230	7.381968	
152	1	3.914546	9.288034	
153	1	9.573020	3.532595	
154	1	5.248050	6.030409	
155	1	4.906810	12.889030	
156	1	3.684660	8.666060	
157	1	7.227297	5.628493	
158	1	4.045705	10.632010	
159	1	3.958827	9.174726	
160	1	8.828805	7.542709	
