nice14.200.txt
160
200
100 26
1	2	13.798640	5.421557	8.339759	7.827563	
2	2	6.278804	5.942209	6.433274	5.147361	
3	2	6.967062	5.442123	6.897080	5.072563	
4	2	3.197104	10.899670	4.796275	5.130699	
5	1	21.082910	5.538260	
6	1	16.734840	7.445614	
7	1	11.101510	3.568368	
8	1	10.095710	12.290910	
9	3	6.567018	9.947125	6.804819	8.034134	7.687707	6.382041	
10	1	10.447210	3.818657	
11	1	2.808869	9.570236	
12	1	14.385270	4.071621	
13	1	6.154951	7.294029	
14	1	16.274260	4.998788	
15	1	6.094018	6.922847	
16	1	6.938385	4.948338	
17	1	5.310133	7.175806	
18	1	8.758801	7.931443	
19	1	5.889307	5.580828	
20	1	14.535030	3.779484	
21	2	7.954423	6.111872	8.790324	4.491759	
22	1	3.723444	13.871060	
23	1	7.489733	5.442123	
24	1	7.307011	9.079160	
25	2	6.957406	7.343947	3.651137	7.183380	
26	1	6.059280	12.006130	
27	1	7.327185	6.991556	
28	1	9.192347	10.264430	
29	1	8.758801	3.842638	
30	1	5.621139	6.742027	
31	1	8.244498	5.055042	
32	1	5.310133	6.990817	
33	1	5.601857	7.445614	
34	1	13.844050	3.471453	
35	1	10.434220	3.355853	
36	1	7.335435	6.826528	
37	1	7.280266	5.285628	
38	1	7.998364	6.096756	
39	1	10.630650	13.947440	
40	1	11.071210	5.505027	
41	1	7.335435	3.880657	
42	1	7.277948	6.044778	
43	1	3.035352	12.006130	
44	1	3.739465	13.947440	
45	1	6.698662	6.324802	
46	1	6.396575	6.456994	
47	1	6.961339	4.866696	
48	1	9.335876	4.948338	
49	1	3.712535	9.134948	
50	1	5.130528	6.954549	
51	1	9.269945	6.468721	
52	1	6.392732	4.239156	
53	3	8.278465	13.976670	11.307430	6.456994	5.155383	5.130699	
54	1	3.952178	13.947440	
55	2	5.562135	7.774303	7.784833	4.239156	
56	1	5.069665	5.259176	
57	2	9.428066	4.376294	7.954423	5.101287	
58	1	9.933172	5.130699	
59	1	4.581974	10.264430	
60	1	6.124175	7.055418	
61	1	7.277948	3.256535	
62	1	5.889307	6.498225	
63	1	7.102022	4.065741	
64	2	15.404340	3.878932	7.050811	6.991556	
65	3	7.436439	6.954549	6.804819	5.700344	8.758801	3.786464	
66	2	9.284470	6.579730	8.302958	4.541904	
67	2	3.697713	11.142770	9.912374	2.634051	
68	1	15.058750	5.044725	
69	1	6.124175	5.993033	
70	1	5.463785	6.096756	
71	3	5.277667	12.079050	3.225261	11.844810	6.037799	5.229045	
72	1	11.451990	4.228818	
73	1	5.069665	6.585637	
74	1	7.998122	3.921954	
75	1	8.758801	7.394356	
76	1	3.091252	12.079050	
77	1	4.494582	7.343947	
78	1	4.403445	10.899670	
79	1	10.599040	7.063563	
80	1	11.897010	6.922847	
81	2	5.173071	14.799280	10.331730	7.295347	
82	1	6.038930	6.592879	
83	1	9.428066	2.726798	
84	4	11.203320	6.141978	7.898762	5.942209	4.241888	9.134948	6.626113	5.442123	
85	1	5.427715	12.079050	
86	1	6.518372	5.285628	
87	1	13.287200	3.752082	
88	1	3.792116	11.142770	
89	2	3.749117	12.006130	3.830551	8.256767	
90	1	7.775495	6.456994	
91	1	11.203320	6.626911	
92	1	4.777092	9.096560	
93	1	7.404758	3.921954	
94	1	3.228930	9.570236	
95	1	9.428066	6.873582	
96	1	5.515946	7.932528	
97	1	4.461336	7.634455	
98	2	3.651137	7.406014	4.030539	5.925656	
99	1	12.959900	8.045823	
100	1	6.184869	6.742027	
101	1	6.452961	9.947125	
102	1	7.557467	10.707180	
103	1	4.251378	14.799280	
104	1	9.912374	4.853153	
105	1	15.058750	4.256587	
106	1	6.300237	6.922847	
107	1	3.333546	11.844810	
108	1	6.486762	7.234647	
109	1	3.602774	10.899670	
110	1	8.302958	3.285659	
111	1	5.882410	4.866696	
112	1	12.843750	3.690061	
113	1	6.674896	9.096560	
114	1	3.655874	14.589390	
115	1	7.341047	5.147361	
116	1	5.448633	7.313175	
117	1	5.031446	6.523727	
118	1	4.698148	8.256767	
119	1	14.535030	6.019012	
120	1	5.712607	6.954549	
121	1	15.402880	3.864635	
122	1	6.730342	7.487204	
123	1	6.145087	6.324802	
124	1	7.687707	6.666410	
125	1	5.161984	11.844810	
126	1	4.883096	6.971002	
127	1	9.376795	8.045823	
128	1	10.276530	4.485224	
129	4	10.599040	6.807495	4.785574	14.166620	6.900928	6.579730	5.245622	8.256767	
130	1	6.154951	6.577029	
131	1	6.915453	6.468721	
132	1	13.844050	3.582375	
133	1	7.693693	5.000785	
134	1	21.082910	5.308856	
135	1	4.461336	6.236603	
136	1	15.404340	3.938890	
137	1	8.244498	4.876202	
138	1	6.841339	5.000785	
139	2	25.479500	6.485258	4.057122	6.954549	
140	1	8.244498	7.923464	
141	4	4.243263	11.142770	6.038930	7.141599	5.448633	6.813115	5.965751	4.676338	
142	2	10.309170	6.523727	4.883096	7.155288	
143	1	5.105461	4.676338	
144	1	11.451990	2.999231	
145	2	9.450607	6.948354	7.900014	7.774303	
146	1	8.244498	9.993025	
147	4	10.276530	5.461901	4.014403	13.947440	10.331730	5.035898	5.791487	7.379316	
148	1	8.758801	3.502634	
149	1	4.427782	11.844810	
150	1	15.291420	7.379316	
151	1	11.101510	3.423188	
152	3	15.402880	6.084470	7.954423	7.499626	6.185180	4.065741	
153	1	10.138890	6.523727	
154	2	5.946669	5.072563	4.030539	5.919157	
155	1	4.909625	11.142770	
156	1	5.319247	7.234647	
157	1	14.385270	3.860907	
158	1	10.447210	3.235170	
159	1	8.790324	3.440768	
160	1	10.434220	3.592500	
