nice24.200.txt
160
200
100 19
1	1	15.539580	4.083238	
2	1	7.725402	6.736334	
3	1	11.470210	4.228494	
4	1	3.586886	12.062590	
5	1	11.963670	4.255315	
6	1	7.035146	7.360703	
7	2	6.559132	6.634002	8.014824	4.897549	
8	1	7.971172	7.680034	
9	1	9.104745	5.909892	
10	2	7.609411	6.908468	10.279790	3.887267	
11	1	12.469700	4.527465	
12	1	3.379390	13.028440	
13	1	5.069167	8.222726	
14	1	12.469700	5.589113	
15	1	3.116865	10.545400	
16	1	4.217667	9.640665	
17	3	10.281860	5.100238	6.780468	6.986473	10.279790	4.042906	
18	3	7.269197	6.736334	5.640849	8.037092	5.428917	7.512891	
19	6	8.815640	6.941357	7.031522	7.741498	7.819943	5.049202	5.939581	5.690380	5.501231	5.909892	4.182980	7.591857	
20	1	7.220583	9.640665	
21	1	17.770330	5.378689	
22	1	11.963670	18.325500	
23	1	13.798890	4.108279	
24	1	11.711650	3.360081	
25	1	9.045672	6.828436	
26	2	5.720543	9.281279	8.734256	5.100238	
27	2	8.047050	5.368351	7.636585	4.343322	
28	3	8.736329	7.930172	6.123487	8.603014	11.470210	4.279297	
29	2	7.852682	8.000348	5.404144	10.242260	
30	1	11.927830	5.659267	
31	1	10.515910	4.566399	
32	1	9.493352	5.586479	
33	1	8.047050	7.615881	
34	1	8.402284	4.830751	
35	1	6.341041	6.185529	
36	1	5.075468	11.328810	
37	1	11.448610	6.087222	
38	1	8.014824	11.496520	
39	1	7.520676	7.894730	
40	1	9.425970	5.265924	
41	1	3.481831	12.970550	
42	1	6.589416	6.558538	
43	1	8.331034	8.550744	
44	1	10.173810	5.903885	
45	1	4.067256	9.640665	
46	1	11.927830	5.903004	
47	1	7.852682	4.925842	
48	1	7.355086	6.744946	
49	1	9.888375	6.564106	
50	1	7.125185	6.878681	
51	1	8.033983	7.591857	
52	1	7.819943	6.830005	
53	1	6.717666	10.960220	
54	1	9.976804	5.941014	
55	1	7.852682	6.221583	
56	1	10.291350	3.829865	
57	1	12.816830	3.942014	
58	1	11.711650	3.342547	
59	1	5.428917	7.634603	
60	1	7.076999	5.234429	
61	1	9.752874	4.755649	
62	1	15.539580	4.211770	
63	1	8.047050	7.429875	
64	1	6.589416	6.469898	
65	1	5.086993	7.354568	
66	1	5.946656	7.360703	
67	1	9.796212	6.389365	
68	1	9.263243	4.509994	
69	1	3.252343	12.970550	
70	2	4.981689	10.242260	10.291350	3.111492	
71	4	7.916806	5.666431	6.332186	6.702628	8.047050	5.047402	2.961276	11.577360	
72	2	7.313794	6.451183	5.948927	7.040082	
73	1	4.030186	11.145610	
74	2	6.880299	8.721089	6.330577	5.309018	
75	1	5.896894	10.893220	
76	1	10.515910	4.028831	
77	1	6.350611	7.741498	
78	2	12.816830	3.216244	6.887415	5.666431	
79	2	4.555832	7.762511	8.699074	3.673862	
80	2	9.135941	5.278014	9.135941	5.267390	
81	1	8.096938	7.021425	
82	1	10.385830	8.629744	
83	2	3.556622	12.970550	6.601665	6.986473	
84	1	9.613635	5.586479	
85	1	10.317660	3.830569	
86	1	7.386155	6.731520	
87	3	10.918270	8.025343	6.833049	7.680034	2.978305	11.577360	
88	1	12.816830	3.387145	
89	1	7.137835	6.225599	
90	1	4.077382	12.597110	
91	1	6.090407	5.234429	
92	1	7.725677	4.492536	
93	1	8.933173	5.903885	
94	2	4.560891	11.145610	9.796212	3.251300	
95	2	10.307120	4.351848	5.075468	7.818966	
96	1	10.317660	4.720176	
97	1	3.332247	12.970550	
98	1	5.720543	9.866495	
99	1	6.475862	6.702628	
100	1	7.609411	5.154122	
101	2	10.307120	3.869040	10.307120	3.782402	
102	1	5.675825	6.451183	
103	2	7.657591	7.360703	6.773577	5.255348	
104	1	11.448610	3.794555	
105	1	10.226140	4.171460	
106	1	3.798303	12.062590	
107	1	4.183633	16.493520	
108	1	4.488939	10.893220	
109	1	12.469700	4.611393	
110	1	8.699074	3.686840	
111	1	6.341041	6.842906	
112	1	5.553371	7.591857	
113	1	5.285298	8.573074	
114	1	5.361512	6.488283	
115	1	4.438951	8.812080	
116	2	9.218612	6.564106	6.393829	5.255348	
117	1	6.087093	6.488283	
118	1	10.024490	6.731520	
119	2	13.678410	3.465682	6.243954	6.451183	
120	2	8.119844	6.744946	13.601420	3.580474	
121	1	7.819943	4.718184	
122	1	6.897661	7.021425	
123	1	7.480791	6.878681	
124	1	13.678410	4.429048	
125	1	9.752874	3.971444	
126	1	7.819943	4.663002	
127	1	4.870138	7.762511	
128	1	3.503214	12.970550	
129	1	4.513695	12.597110	
130	1	13.798890	4.186728	
131	1	5.939581	6.295195	
132	1	5.086993	7.792926	
133	1	6.836829	13.073160	
134	1	9.039313	5.941014	
135	1	7.009654	17.593130	
136	1	7.636585	4.164469	
137	1	8.014824	5.115592	
138	1	5.100535	8.573074	
139	1	7.819943	4.769793	
140	1	14.804220	4.206979	
141	1	10.226140	3.865633	
142	1	8.337095	6.225599	
143	1	9.045672	7.158329	
144	1	5.237953	8.222726	
145	1	7.819943	4.271017	
146	1	6.068147	6.451183	
147	2	13.601420	4.444869	3.602651	13.028440	
148	2	11.963670	5.117698	10.307120	3.087583	
149	1	4.102637	7.894730	
150	2	14.804220	5.213737	9.263243	4.217099	
151	3	14.804220	4.562004	6.123487	7.890501	4.268831	10.545400	
152	1	9.008357	4.830751	
153	1	6.330577	7.764141	
154	1	7.725677	4.228554	
155	1	6.717666	10.549450	
156	1	4.438951	8.781048	
157	1	8.245090	6.634002	
158	1	6.194920	8.507792	
159	1	8.047050	4.839694	
160	1	5.948927	6.946683	
