nice8.500.txt
400
500
100 14
1	1	2.864789	5.788583	
2	1	3.268879	6.397483	
3	1	3.054410	4.955990	
4	1	3.882814	6.470748	
5	1	6.583005	1.839862	
6	2	3.696605	6.531133	2.486350	4.399221	
7	1	5.554925	3.456127	
8	1	7.133811	4.969733	
9	2	3.849184	4.360065	2.228240	7.506639	
10	3	5.165368	6.361771	3.054854	6.367406	3.736595	3.728286	
11	2	3.165137	5.021409	3.839770	2.925777	
12	2	4.607154	3.959688	4.377444	3.777529	
13	1	13.242640	3.310724	
14	2	4.607154	3.812666	3.039238	5.303975	
15	1	6.652242	2.174632	
16	1	3.383363	4.215565	
17	2	3.383363	3.312006	3.941963	2.751832	
18	1	2.124673	6.481488	
19	1	7.012852	2.676875	
20	1	3.494067	3.603910	
21	1	2.103266	5.946703	
22	2	4.723378	8.287258	3.767485	8.685511	
23	4	2.179202	8.478271	2.290632	5.788583	3.520206	3.518903	1.929242	6.291142	
24	1	5.165368	6.219310	
25	1	3.490584	4.543602	
26	1	6.056826	7.216275	
27	1	6.762423	3.285076	
28	1	4.911873	3.300491	
29	2	3.549002	3.345376	4.804966	2.188383	
30	1	8.084283	3.760465	
31	1	6.052448	3.280085	
32	1	7.010940	3.274808	
33	1	3.584017	6.275967	
34	2	2.355536	7.008046	2.160745	5.475268	
35	1	2.257071	8.457514	
36	1	6.466256	5.478396	
37	1	3.136906	5.303975	
38	1	3.219522	5.104879	
39	2	5.388529	5.344663	3.330741	4.506623	
40	3	5.781218	7.680176	5.484467	3.290637	5.940091	3.024341	
41	3	4.317933	6.325861	9.871950	2.478292	3.100389	7.118658	
42	2	3.575783	6.824112	3.872344	3.290854	
43	2	4.706582	6.093397	3.698584	5.057129	
44	2	2.895473	8.486624	1.949255	5.946703	
45	1	5.755388	5.614173	
46	1	2.870653	4.168163	
47	1	5.196117	3.024068	
48	1	3.011341	6.457471	
49	1	3.529718	4.749056	
50	1	5.960491	2.813746	
51	1	6.583005	2.328301	
52	1	3.746068	2.826492	
53	1	2.903050	5.421683	
54	2	7.158175	3.116392	2.520450	8.098341	
55	1	8.027611	2.981620	
56	1	3.701290	3.061345	
57	1	8.770575	5.223451	
58	2	6.545490	2.482862	3.194865	4.506623	
59	3	7.046366	6.027383	6.265356	4.514222	4.032339	4.175453	
60	1	3.822767	4.361235	
61	1	2.073279	6.527285	
62	1	2.239279	5.359990	
63	1	2.547602	5.359990	
64	1	4.170049	5.206969	
65	1	7.762616	2.336943	
66	1	5.193521	5.743981	
67	2	4.783300	3.716148	5.849088	1.803056	
68	1	4.172504	7.697015	
69	2	4.499128	5.475268	3.254138	3.365624	
70	1	2.893411	3.921253	
71	1	8.386549	2.257305	
72	1	4.798898	2.692783	
73	1	3.311043	3.803656	
74	4	3.268879	6.592562	4.317025	4.639187	3.324792	3.516768	3.036321	3.645050	
75	2	4.485520	5.424930	2.084431	5.609487	
76	1	3.111308	12.297690	
77	1	1.898244	7.519572	
78	1	4.783300	4.255458	
79	1	8.030483	5.271656	
80	1	2.862755	6.390694	
81	2	2.584191	5.023604	2.236469	5.609487	
82	1	2.133859	8.239538	
83	1	4.324730	2.426882	
84	1	2.470345	6.520787	
85	2	9.118858	3.341153	7.417454	2.506770	
86	2	4.584992	10.655940	3.967066	2.647816	
87	1	5.970112	2.145072	
88	1	13.937880	3.617893	
89	4	3.013025	8.239538	5.849088	2.906719	3.318596	3.680991	2.888716	3.896336	
90	1	4.320900	3.829307	
91	1	4.317025	4.982778	
92	1	4.769993	4.958540	
93	2	4.170049	4.846276	5.970112	2.941851	
94	3	4.412698	4.907550	3.512430	5.012844	6.652242	1.698037	
95	2	4.616348	2.531246	5.053403	2.128587	
96	1	4.032339	4.091010	
97	1	6.052448	1.938838	
98	1	6.265356	2.568841	
99	1	5.956018	3.096880	
100	1	8.577501	3.217184	
101	1	1.657285	6.470748	
102	1	3.701290	3.946701	
103	1	3.520206	3.539933	
104	1	2.590636	6.135603	
105	1	6.230922	4.958540	
106	1	6.488589	1.809116	
107	1	5.707739	3.365624	
108	1	3.775923	11.594140	
109	1	2.627105	5.026308	
110	1	3.318596	4.264365	
111	1	4.322717	3.243285	
112	3	6.027663	6.135603	6.971228	3.467820	3.752534	3.728286	
113	1	3.464025	4.707301	
114	1	2.867688	3.789300	
115	1	2.291841	6.527285	
116	1	4.264104	5.021409	
117	2	2.559443	5.478396	2.721143	4.146005	
118	1	3.927759	7.334497	
119	2	3.537544	4.932389	2.527619	4.372662	
120	2	2.261914	6.133371	3.492187	3.921253	
121	1	2.954329	6.824112	
122	3	7.012852	2.683115	2.494443	7.369921	3.324792	4.234076	
123	1	2.826674	6.213638	
124	1	2.486350	4.842673	
125	1	6.652242	5.276406	
126	2	2.973276	6.707779	3.478587	3.011029	
127	2	6.118962	2.703578	3.839770	2.911247	
128	1	7.046366	2.781534	
129	1	2.835234	9.120324	
130	1	6.001742	2.217598	
131	1	2.515583	7.957552	
132	1	8.955946	2.564164	
133	1	4.186725	3.883426	
134	1	2.177986	5.359990	
135	1	2.732671	4.050385	
136	1	2.359373	4.485211	
137	2	7.805029	3.731025	5.196117	4.331547	
138	1	7.392015	2.281343	
139	1	3.946257	5.744627	
140	1	9.519041	4.295631	
141	1	3.225092	5.505177	
142	1	2.925634	4.118957	
143	4	4.150941	6.824112	2.592802	9.315706	3.505633	6.417574	3.612101	3.565694	
144	1	5.554925	3.912111	
145	2	4.552929	7.945356	3.927759	2.941084	
146	1	2.221014	8.239538	
147	3	2.162289	6.470748	6.495494	1.732117	3.767485	2.872791	
148	2	4.849802	4.871595	4.880734	3.632338	
149	1	3.068078	5.271656	
150	2	8.084283	2.375138	2.262850	8.098341	
151	1	5.959383	3.775762	
152	1	8.553724	2.166555	
153	1	8.151022	2.915943	
154	1	3.210587	3.565694	
155	2	11.122320	2.946231	4.295946	7.618263	
156	3	5.875785	5.384042	2.782220	10.117150	4.238236	3.941998	
157	2	3.838110	4.802028	6.385284	2.617331	
158	1	3.534570	3.011029	
159	1	7.762616	3.598317	
160	1	6.033840	4.802028	
161	2	3.946257	4.523281	4.891607	2.927710	
162	1	4.141232	3.662014	
163	3	8.386549	3.181475	4.560095	4.376925	1.786501	6.992304	
164	2	2.111519	8.266462	2.377736	6.496930	
165	3	3.357274	8.266462	5.525849	3.072663	2.627105	4.094016	
166	2	5.033735	5.651658	8.577501	2.718076	
167	1	7.786530	6.583458	
168	1	4.324730	2.620023	
169	2	7.827919	2.618092	3.534317	3.645050	
170	1	3.126410	5.505177	
171	2	3.218869	7.442347	3.054410	6.895466	
172	1	5.484467	3.784980	
173	1	7.046366	1.985054	
174	1	4.706582	6.487684	
175	1	3.063789	5.426271	
176	1	7.452112	4.506623	
177	1	2.263343	5.478396	
178	1	6.152040	2.834741	
179	1	5.033735	5.587383	
180	1	2.194199	5.475268	
181	1	9.450689	2.971998	
182	1	3.068575	4.703012	
183	1	3.264013	6.055629	
184	1	5.384558	2.104916	
185	1	4.928792	6.325014	
186	1	4.151095	3.467820	
187	1	2.437685	8.239538	
188	1	4.064393	4.409923	
189	1	2.070689	6.325014	
190	1	4.238124	3.632338	
191	1	3.872344	7.154666	
192	1	2.599071	5.271656	
193	1	6.900682	4.360065	
194	1	8.572762	2.997038	
195	1	3.494067	3.388602	
196	1	3.777061	5.251150	
197	1	3.107357	6.390694	
198	1	4.885403	2.771689	
199	1	2.776054	4.300030	
200	1	4.371055	3.660226	
201	1	2.937612	3.612705	
202	1	2.888716	4.370126	
203	1	4.836671	10.655940	
204	1	3.104511	5.046905	
205	1	11.122320	3.323498	
206	1	3.427585	3.777529	
207	1	4.783300	2.461914	
208	1	5.314852	3.469315	
209	1	1.927848	6.481488	
210	1	3.845136	4.958540	
211	1	8.572762	3.289215	
212	1	2.418666	7.361870	
213	1	2.895208	11.039840	
214	1	3.705621	4.138664	
215	1	3.705621	2.889519	
216	1	3.448627	3.041189	
217	1	5.136483	3.282118	
218	1	7.805029	5.597034	
219	1	8.553724	3.306726	
220	1	1.938400	7.519572	
221	1	6.768325	3.515852	
222	1	3.490584	3.074661	
223	1	7.013157	2.924230	
224	1	6.377686	2.269245	
225	1	1.751043	6.992304	
226	1	3.503336	3.518807	
227	1	2.911475	3.612705	
228	1	6.001742	4.239646	
229	1	6.921128	3.156368	
230	1	6.545490	2.415744	
231	1	5.642084	7.398289	
232	1	7.290214	2.796267	
233	3	7.290214	3.407330	3.915694	4.923547	4.671915	2.703578	
234	2	3.464025	4.608406	6.488589	1.919170	
235	1	4.122469	6.457471	
236	2	7.871525	2.787066	2.605033	4.384328	
237	1	5.781085	3.775762	
238	1	4.395699	8.266462	
239	1	4.891607	4.406675	
240	1	5.429141	3.883426	
241	2	2.732671	4.427886	4.854881	2.489182	
242	4	6.921128	2.346303	4.238236	3.755017	2.973276	4.118436	3.822767	2.743421	
243	2	6.895326	3.274415	3.329608	3.712062	
244	1	2.561855	6.213638	
245	3	3.164967	7.118658	5.905474	2.771689	2.850440	4.300030	
246	1	9.365062	2.398769	
247	2	13.903400	5.271902	1.933292	6.184920	
248	1	4.125457	2.826492	
249	1	4.412698	2.864804	
250	1	2.433028	4.372662	
251	1	8.770575	2.903842	
252	1	3.584017	4.379977	
253	1	2.505963	5.012844	
254	1	4.489331	5.583722	
255	1	7.158175	6.483303	
256	1	4.136240	5.703054	
257	1	3.465285	3.105915	
258	1	4.874469	3.161898	
259	1	3.587467	4.384328	
260	1	3.656901	3.274415	
261	1	3.839770	6.087669	
262	1	3.383363	5.462474	
263	1	1.844734	6.399504	
264	1	2.185780	8.266462	
265	1	7.170838	5.874028	
266	1	2.915257	6.367406	
267	1	2.257738	7.506639	
268	1	1.844719	6.291142	
269	1	3.756082	13.230060	
270	1	5.041462	4.807347	
271	1	5.314852	3.504176	
272	1	3.295890	3.515852	
273	2	4.533833	5.012844	4.489331	2.719542	
274	2	5.956018	3.088040	6.495494	1.928110	
275	2	6.762423	3.539036	3.788985	4.168163	
276	1	3.192476	5.271656	
277	1	6.052448	1.890001	
278	2	4.741240	5.426271	2.845836	5.204506	
279	1	2.677938	7.957552	
280	1	3.529718	6.845079	
281	1	4.317933	5.971825	
282	1	4.339598	2.531246	
283	1	3.324792	4.677348	
284	1	2.705421	7.369921	
285	1	7.010940	2.910112	
286	1	3.042845	6.417574	
287	1	7.827919	3.706922	
288	1	3.978662	7.058836	
289	1	4.001230	4.372662	
290	1	7.392015	4.989256	
291	1	3.311043	3.301000	
292	1	3.494067	4.858943	
293	1	3.071329	3.660226	
294	1	3.362628	5.703054	
295	1	7.170838	5.684273	
296	1	3.873663	3.515852	
297	1	3.280936	5.575059	
298	1	4.125203	2.632676	
299	1	2.109230	8.266462	
300	1	4.205730	2.813746	
301	1	2.272717	8.266462	
302	1	4.008247	3.518807	
303	1	6.545490	2.694169	
304	1	3.770784	7.506639	
305	1	8.553724	2.151726	
306	1	4.369195	6.203598	
307	1	6.570638	1.841412	
308	1	6.351503	5.150767	
309	1	3.645102	7.334385	
310	1	6.357326	2.448580	
311	1	2.925634	5.015834	
312	1	8.151022	2.505740	
313	1	4.322717	2.701102	
314	1	5.970112	4.294096	
315	1	4.322717	7.361956	
316	1	6.176144	5.795309	
317	1	3.448627	3.094414	
318	1	4.317025	6.988166	
319	1	7.707240	2.461753	
320	1	3.941963	3.149066	
321	1	6.938526	6.197043	
322	1	8.770575	3.355713	
323	1	6.385284	1.742734	
324	1	4.849802	5.181650	
325	1	6.570638	2.020177	
326	1	2.223606	6.133371	
327	1	13.242640	3.315085	
328	1	6.199155	2.647816	
329	1	5.555641	3.213590	
330	1	4.654732	6.527285	
331	1	6.545490	2.675133	
332	1	5.182232	3.024341	
333	1	6.357326	2.449143	
334	1	5.030941	3.883426	
335	1	4.223702	4.300030	
336	1	5.384558	2.190716	
337	1	5.053403	2.171442	
338	3	5.199864	5.860143	7.204046	3.565694	2.270549	5.478396	
339	1	7.511583	3.751792	
340	1	9.450689	4.383617	
341	1	3.693075	4.485211	
342	1	3.398335	4.146005	
343	1	8.770575	2.749146	
344	1	1.686657	6.496930	
345	1	3.696605	6.561948	
346	1	7.707240	2.573690	
347	1	4.237656	3.282118	
348	1	3.657115	6.055629	
349	1	2.633987	8.486624	
350	1	3.880239	3.345376	
351	1	7.158175	3.162196	
352	1	5.490026	7.334385	
353	1	3.928427	6.291142	
354	1	1.991910	6.399504	
355	1	3.705621	4.530117	
356	1	2.782112	10.826210	
357	1	9.365062	2.344630	
358	1	3.243991	6.117332	
359	1	4.125203	2.571830	
360	1	2.707733	6.824112	
361	1	4.489331	2.603589	
362	1	3.557087	5.478396	
363	1	6.001742	1.751075	
364	1	10.345630	4.093534	
365	1	6.733460	5.421683	
366	1	3.068575	4.538881	
367	1	4.141232	4.625244	
368	1	2.526727	5.271656	
369	1	3.941963	4.367008	
370	1	4.226148	4.146005	
371	1	4.874469	5.972893	
372	1	2.403100	5.204506	
373	2	8.027611	2.402422	3.872344	2.977409	
374	1	3.698584	5.598815	
375	1	3.777061	6.342985	
376	3	6.022806	3.213590	5.849088	3.235821	2.578074	4.384328	
377	1	5.041462	3.650167	
378	3	8.076384	4.897722	6.052598	3.072663	3.219522	5.012275	
379	1	5.193521	4.623940	
380	1	4.519860	7.361870	
381	1	3.927759	3.147347	
382	1	5.484467	3.580327	
383	1	2.867688	4.668213	
384	3	4.911873	4.969793	2.990971	5.421683	2.234900	6.184920	
385	1	3.171740	6.520787	
386	2	6.377686	2.754359	3.719909	2.834741	
387	1	5.155421	5.769718	
388	1	5.354872	3.921253	
389	2	7.417454	2.528674	4.798898	2.265758	
390	1	3.661826	5.478396	
391	1	3.329608	3.730284	
392	1	4.804966	2.188543	
393	1	3.465285	3.097682	
394	1	4.322717	3.442211	
395	1	4.689944	13.093080	
396	1	4.854881	2.434365	
397	1	4.320900	7.309761	
398	1	2.511396	6.117332	
399	1	3.280936	5.464777	
400	1	5.781218	10.851680	
