nice26.25.txt
20
25
100 47
1	1	40.740840	26.340630	
2	1	46.161330	15.758840	
3	1	8.704857	23.380070	
4	1	27.985560	13.770280	
5	1	25.853110	13.770280	
6	1	13.267920	15.353400	
7	1	27.444640	13.801100	
8	1	37.070850	28.746030	
9	1	39.268840	14.359780	
10	1	14.847210	28.827030	
11	1	14.847210	15.272400	
12	1	9.939282	15.789660	
13	1	21.286200	15.353400	
14	1	22.754720	28.746030	
15	1	39.268840	11.980850	
16	1	11.832970	15.353400	
17	2	13.572480	15.789660	13.438470	15.353400	
18	4	16.622360	23.380070	18.716680	13.801100	30.326910	8.187716	11.017980	20.719360	
19	1	30.326910	7.601946	
20	2	19.990320	26.340630	14.309240	20.719360	
