nice43.25.txt
20
25
100 42
1	1	12.334090	31.743320	
2	2	15.332260	18.952320	21.590970	11.334330	
3	2	23.045820	25.531550	15.478390	21.686260	
4	2	20.464860	19.314360	20.464860	17.150490	
5	1	29.797670	15.557960	
6	2	14.357550	31.743320	27.556310	13.911080	
7	1	23.045820	40.962440	
8	1	14.319280	21.686260	
9	1	13.536150	10.602680	
10	1	16.261520	13.855510	
11	1	15.332260	15.798350	
12	2	41.853080	22.171680	16.261520	15.394260	
13	1	20.464860	30.029140	
14	1	11.359380	34.750670	
15	1	17.750500	33.506010	
16	1	13.536150	18.647090	
17	1	15.818790	19.594930	
18	1	20.262110	11.334330	
19	1	11.737520	19.594930	
20	1	12.840110	33.506010	
