nice16.200.txt
160
200
100 21
1	1	8.197203	6.380361	
2	1	4.235897	10.363290	
3	1	8.654623	4.718532	
4	1	7.185199	5.829730	
5	1	4.306025	9.726135	
6	4	8.309301	8.054871	13.445500	4.112471	6.063107	7.966217	7.945403	4.713798	
7	1	6.131147	11.643150	
8	1	4.060216	12.591600	
9	1	3.737314	9.181409	
10	1	11.034250	4.556397	
11	1	8.946898	6.121227	
12	1	5.593562	12.868330	
13	1	8.190914	3.962125	
14	2	7.159482	17.006220	6.063891	8.601028	
15	1	8.432547	6.028729	
16	1	4.898739	12.230870	
17	1	4.653328	12.086710	
18	2	7.829416	10.232950	4.671222	9.233443	
19	1	6.063891	6.955180	
20	2	8.317657	6.380361	3.699857	11.146060	
21	1	4.456898	12.868330	
22	1	5.058713	8.621237	
23	1	12.306030	4.571778	
24	1	7.242316	4.499927	
25	2	8.432547	5.141816	4.153548	6.956268	
26	1	6.354364	11.258550	
27	1	8.161699	4.675209	
28	3	9.240098	11.748450	4.882661	8.616687	3.338058	11.234070	
29	1	12.203310	5.047641	
30	1	7.945403	7.982435	
31	1	13.657100	5.353932	
32	1	5.797005	6.577942	
33	1	6.949052	5.402884	
34	1	10.081210	5.387727	
35	2	7.860238	6.365084	7.521208	3.962125	
36	1	13.657100	7.929945	
37	1	4.737005	8.871256	
38	1	9.465774	5.857863	
39	1	9.946013	2.937886	
40	4	8.581463	9.007358	5.058723	9.618050	6.717591	5.392064	5.212178	5.610234	
41	1	10.102040	5.633062	
42	1	11.034250	3.700018	
43	1	9.392398	4.955930	
44	1	5.094489	11.234070	
45	3	7.525957	5.453832	3.622928	10.833670	4.357437	8.616687	
46	1	5.526182	8.871256	
47	5	7.525957	6.320043	6.878902	6.897742	4.035702	9.618050	3.669663	10.409360	7.099345	4.378107	
48	1	4.821900	16.000160	
49	1	9.225918	6.095561	
50	1	12.110460	4.430501	
51	1	9.465774	4.977078	
52	1	7.114130	6.767949	
53	1	5.797005	8.978266	
54	1	8.855021	4.434484	
55	1	8.469807	4.909775	
56	3	9.465774	6.152503	7.860238	5.629127	3.318552	9.011360	
57	1	9.946013	20.328070	
58	1	7.242316	4.812099	
59	1	6.892010	4.629211	
60	1	5.774498	5.249055	
61	1	10.262970	5.633062	
62	1	5.427892	9.726135	
63	1	4.067440	9.618050	
64	1	12.110460	4.580422	
65	1	3.769200	12.591600	
66	2	7.525957	5.682186	7.141866	4.047843	
67	1	4.443616	15.827520	
68	2	7.525957	6.355703	6.892010	4.604232	
69	1	6.029485	9.383197	
70	1	7.945403	4.723161	
71	1	6.131147	12.168610	
72	1	7.141866	4.238434	
73	2	8.344445	7.603119	6.998114	4.231297	
74	2	9.225918	4.313796	3.412061	11.146060	
75	1	4.817452	12.230870	
76	2	7.900350	9.383197	3.652507	9.011360	
77	2	8.855021	4.856394	3.352995	9.618050	
78	1	5.774498	11.429230	
79	1	4.012287	9.007358	
80	1	3.673110	8.871256	
81	1	11.775400	8.719431	
82	1	6.185001	6.679825	
83	1	4.395747	16.000160	
84	1	9.082497	6.452342	
85	1	11.282510	6.452342	
86	1	9.392398	3.270399	
87	1	8.344445	6.973884	
88	1	8.855021	4.401345	
89	1	3.562270	10.833670	
90	1	8.654623	3.375512	
91	1	7.086649	5.335085	
92	1	7.945403	11.538200	
93	1	3.696098	9.007358	
94	1	8.344445	6.673140	
95	1	8.309301	7.772653	
96	1	9.392398	3.909410	
97	3	12.203310	4.848734	6.716682	8.621237	11.034250	3.957291	
98	2	4.123947	8.871256	6.027950	5.417472	
99	1	6.919494	5.494838	
100	1	16.514860	5.649149	
101	2	11.034250	4.032775	9.345195	4.108809	
102	1	11.034250	3.651786	
103	1	10.283790	5.387727	
104	1	9.946013	2.953621	
105	1	8.855021	5.334038	
106	4	8.344445	7.707449	6.207532	9.233443	4.874918	9.726135	7.117949	4.378107	
107	2	9.345195	4.332945	6.947378	5.494838	
108	1	4.696683	12.868330	
109	1	5.212178	6.135140	
110	1	15.712120	4.066517	
111	1	4.317595	16.678290	
112	1	3.929851	9.956217	
113	1	7.103164	6.767949	
114	1	14.374970	4.829060	
115	1	3.428739	13.420710	
116	1	9.392398	11.815730	
117	1	12.306030	4.811419	
118	1	4.673585	12.257200	
119	1	9.735233	6.956268	
120	1	6.027950	5.841083	
121	1	4.243876	12.257200	
122	1	5.064899	7.476962	
123	1	5.499619	9.181409	
124	1	7.657375	5.392064	
125	1	8.654623	4.343798	
126	1	11.034250	3.206791	
127	1	13.445500	4.329283	
128	1	9.392398	5.612056	
129	1	3.741367	10.537260	
130	1	3.450163	13.420710	
131	1	11.034250	3.562361	
132	1	6.878902	7.051056	
133	1	5.019936	9.233443	
134	1	3.208778	12.230870	
135	1	4.849249	6.679825	
136	1	7.185199	6.161151	
137	1	10.092090	6.127695	
138	1	7.141866	7.713886	
139	1	6.971059	8.663837	
140	1	5.064899	8.523203	
141	1	7.860238	6.622358	
142	1	6.063107	8.033947	
143	2	8.654623	6.178728	7.288318	5.335085	
144	1	6.868758	4.231297	
145	1	9.465774	4.280674	
146	1	8.469807	4.402251	
147	1	5.113654	10.537260	
148	1	4.583603	12.086710	
149	1	8.946898	5.137328	
150	1	8.161699	5.221166	
151	1	2.923586	10.363290	
152	1	3.192998	12.257200	
153	1	10.092090	5.705799	
154	1	4.171464	6.956268	
155	1	6.949052	4.553333	
156	3	10.092090	8.583858	4.733835	11.745370	11.034250	3.748399	
157	1	5.927684	9.726135	
158	1	3.868241	9.956217	
159	3	3.589891	12.230870	4.199036	9.198386	3.619280	10.409360	
160	1	5.041062	9.198386	
