nice18.25.txt
20
25
100 50
1	3	11.945650	22.351590	11.877570	22.351590	15.541510	15.014270	
2	2	34.193950	20.507680	15.070160	15.014270	
3	1	7.926140	28.495790	
4	1	22.722630	36.438220	
5	2	14.556990	36.438220	11.593950	36.438220	
6	1	17.036600	20.507680	
7	1	49.521210	16.107050	
8	1	49.521210	12.388740	
9	1	13.080030	22.351590	
10	1	30.611670	13.481520	
11	1	11.505770	36.438220	
12	1	11.866190	12.359230	
13	1	18.942660	36.438220	
14	1	29.420600	12.714400	
15	1	11.940990	28.495790	
16	1	10.310240	14.558310	
17	1	20.020630	14.558310	
18	1	11.866190	9.992361	
19	1	20.899690	14.558310	
20	2	20.678000	36.438220	19.348840	12.714400	
