nice32.100.txt
80
100
100 27
1	1	8.019534	14.662550	
2	1	10.719300	8.366789	
3	5	13.678060	15.058730	5.746696	22.926920	8.019534	12.990270	5.486427	13.931400	8.246477	7.448601	
4	1	8.868634	13.458560	
5	2	11.930380	9.086554	12.699200	7.108889	
6	2	12.250700	13.685310	6.163110	11.996920	
7	2	8.358011	14.674320	14.286730	6.927955	
8	1	14.698760	9.086554	
9	1	6.647064	14.674320	
10	1	15.654750	7.108889	
11	1	6.138835	10.819320	
12	2	6.094412	15.762780	5.846005	11.996920	
13	1	11.026790	8.089454	
14	1	12.660280	5.459814	
15	1	6.758512	10.658560	
16	3	13.678060	8.866770	5.421550	14.371470	12.660280	5.458653	
17	1	26.629140	6.676224	
18	1	6.138835	8.958282	
19	1	7.937234	14.023090	
20	3	13.806150	11.602550	5.525591	14.371470	6.239624	11.996920	
21	2	5.238788	15.814690	10.552020	6.307533	
22	2	8.376899	12.494050	5.193826	10.942440	
23	1	6.551544	16.681980	
24	1	10.080710	11.890040	
25	2	9.601126	9.829280	6.259102	13.931400	
26	1	9.846524	14.371470	
27	1	14.547800	13.254490	
28	1	4.974691	16.385440	
29	1	14.394350	8.896526	
30	1	10.607460	14.992650	
31	1	19.247800	7.142030	
32	1	8.724514	14.674320	
33	1	6.015164	19.777610	
34	1	7.417201	8.340840	
35	1	8.288692	11.996920	
36	1	16.207560	6.371220	
37	1	5.744322	22.926920	
38	1	9.601126	7.556790	
39	1	6.108737	8.109960	
40	1	7.417201	12.346010	
41	1	15.046410	5.493971	
42	1	7.047641	10.658560	
43	1	7.906936	11.100780	
44	1	12.154000	5.723931	
45	1	7.937234	15.022700	
46	1	10.382470	12.494050	
47	1	6.128736	11.890040	
48	1	14.547800	9.006608	
49	1	10.396060	12.660350	
50	1	6.832528	15.762780	
51	1	16.608420	5.692993	
52	1	14.286730	6.757357	
53	1	6.487410	11.100780	
54	1	7.139071	11.890040	
55	1	8.342081	14.674320	
56	1	12.660280	8.001806	
57	1	13.678060	6.624938	
58	1	12.154000	5.974370	
59	1	8.505194	8.238407	
60	1	6.841331	7.093941	
61	1	13.678060	12.750950	
62	1	9.680168	7.229443	
63	1	15.046410	6.490510	
64	1	4.895004	10.266740	
65	2	12.505580	6.307533	12.154000	5.732395	
66	1	12.660280	7.699140	
67	2	8.103230	8.238407	4.706121	10.266740	
68	1	8.151909	14.992650	
69	1	8.246477	6.922872	
70	1	6.841331	7.277532	
71	2	9.852589	10.942440	5.421371	16.385440	
72	1	9.231526	15.814690	
73	3	8.868634	14.194250	15.510640	8.089454	7.417201	6.965964	
74	1	16.207560	5.518816	
75	1	14.394350	23.304090	
76	1	12.154000	6.093091	
77	1	12.338300	8.366789	
78	1	6.108737	8.572019	
79	1	9.567631	7.229443	
80	1	4.289055	15.814690	
