nice46.25.txt
20
25
100 41
1	1	34.462130	15.898310	
2	1	12.882680	14.198250	
3	2	17.878190	18.951970	17.190860	19.376660	
4	2	37.548720	14.155030	26.630650	7.926346	
5	1	31.334940	10.007440	
6	1	26.630650	9.282337	
7	1	24.486910	25.246350	
8	1	17.190860	18.429170	
9	1	24.486910	12.560540	
10	1	17.190860	11.732190	
11	1	31.334940	16.796640	
12	1	31.334940	40.088930	
13	1	19.670530	18.951970	
14	4	14.028970	24.324840	11.604230	29.086110	12.958330	20.940450	12.882680	14.887860	
15	1	26.987300	18.359260	
16	1	27.989150	15.898310	
17	1	14.028970	24.208900	
18	1	17.190860	17.354990	
19	1	35.820630	17.208680	
20	1	12.958330	27.593300	
