nice25.100.txt
80
100
100 35
1	1	4.464682	17.643020	
2	1	7.805941	8.524439	
3	1	7.805941	10.079230	
4	1	6.452391	22.403540	
5	1	5.046825	17.643020	
6	1	14.558920	6.046380	
7	1	5.549815	11.398760	
8	1	11.936850	5.896798	
9	1	6.714318	17.387730	
10	1	9.180387	11.060600	
11	1	14.647530	7.122183	
12	1	4.053836	13.492720	
13	1	11.162190	5.118599	
14	3	34.620030	9.409477	5.057311	15.450010	7.316967	8.368821	
15	2	34.620030	11.039100	7.514364	7.281822	
16	1	10.789010	13.430490	
17	1	7.415883	13.637610	
18	1	8.214905	22.260980	
19	1	4.981359	15.404970	
20	1	14.558920	4.221068	
21	1	7.118177	11.398760	
22	1	5.167231	15.450010	
23	1	10.362310	14.991670	
24	1	9.413050	13.225520	
25	1	11.162190	5.697911	
26	1	6.654492	8.261440	
27	1	8.474536	23.125340	
28	1	5.087393	11.398760	
29	1	13.540730	4.499723	
30	1	7.266618	7.773117	
31	1	15.819220	9.664545	
32	1	7.380500	11.993530	
33	1	10.789010	12.553910	
34	1	13.540730	4.256745	
35	3	19.020430	6.684212	6.065104	18.862220	13.540730	7.696943	
36	3	8.932625	29.754370	6.891303	16.080940	7.805941	7.380735	
37	2	7.178415	11.993530	10.506120	6.541310	
38	1	13.786090	6.560935	
39	1	6.714318	8.596673	
40	1	8.503639	12.460100	
41	1	5.153376	15.450010	
42	1	6.416985	9.983239	
43	3	10.086210	11.060600	10.366720	9.835405	4.296597	15.713470	
44	1	7.718912	7.122183	
45	3	6.577429	15.713470	6.514719	11.861080	5.326506	13.492720	
46	5	13.786090	7.076676	8.375064	7.469973	6.959803	8.261440	6.416985	8.878983	11.936850	4.682635	
47	1	13.540730	6.549517	
48	3	19.266600	7.194969	6.891303	9.903466	7.514364	7.709847	
49	1	8.375064	14.933560	
50	1	8.514311	6.541310	
51	1	7.312743	14.333150	
52	1	4.554628	12.184660	
53	1	9.402137	10.940680	
54	1	6.514719	14.123330	
55	1	6.955492	15.404970	
56	1	10.360040	13.492720	
57	1	9.884349	9.157074	
58	1	7.312743	13.948450	
59	1	4.897433	11.398760	
60	1	11.162190	15.167900	
61	1	4.847508	12.184660	
62	1	13.540730	5.278670	
63	1	14.374920	7.676895	
64	1	10.486750	9.835405	
65	1	7.108298	7.773117	
66	1	5.903285	11.291310	
67	3	7.475134	13.637610	4.867200	15.450010	9.755089	6.011314	
68	1	8.503639	17.294270	
69	1	8.348051	13.225520	
70	1	14.128710	11.398760	
71	1	17.436260	6.144216	
72	1	5.903285	10.969670	
73	1	17.041140	7.063320	
74	1	9.755089	11.631710	
75	1	17.041140	6.429404	
76	1	9.884349	9.705149	
77	1	13.614300	7.452028	
78	1	15.819220	7.951039	
79	1	8.502254	8.368821	
80	1	9.660868	22.403540	
