nice18.50.txt
40
50
100 37
1	3	15.541510	15.014270	9.231210	22.472260	10.310240	14.558310	
2	1	20.539730	13.481520	
3	2	13.589100	16.107050	22.722630	7.702926	
4	1	14.556990	10.393900	
5	1	9.231210	13.965960	
6	2	15.070160	15.014270	10.071940	13.481520	
7	1	11.505770	36.438220	
8	2	18.914470	9.333613	11.945650	10.083070	
9	2	9.711446	18.143660	20.899690	6.143941	
10	1	5.730778	22.351590	
11	1	22.722630	28.735290	
12	1	7.926140	28.495790	
13	2	11.199750	16.107050	9.724547	12.714400	
14	1	13.080030	13.109780	
15	1	13.383990	12.388740	
16	1	11.866190	9.992361	
17	1	8.746919	14.558310	
18	1	11.866190	12.359230	
19	1	9.559403	12.388740	
20	1	24.732360	16.107050	
21	1	9.909410	20.507680	
22	2	14.556990	17.197340	9.711446	18.294560	
23	1	11.593950	18.818780	
24	1	6.146791	22.351590	
25	1	11.940990	28.495790	
26	1	11.593950	17.619440	
27	1	12.880490	12.388740	
28	1	19.696060	12.714400	
29	1	20.899690	8.414365	
30	1	7.127193	20.507680	
31	1	13.697330	12.388740	
32	1	11.273710	14.558310	
33	1	19.348840	7.535783	
34	3	20.678000	13.460840	13.080030	9.241811	19.348840	5.178613	
35	1	14.556990	8.846981	
36	1	20.678000	9.144656	
37	1	34.193950	11.174070	
38	1	20.678000	13.832730	
39	1	15.279480	9.333613	
40	1	11.945650	12.268530	
