nice10.100.txt
80
100
100 26
1	1	4.573639	14.625930	
2	1	8.060076	7.759220	
3	3	11.833940	6.936316	6.966581	9.762981	12.293320	4.786182	
4	2	9.907181	10.047590	6.025616	14.625930	
5	1	9.844685	6.558586	
6	1	12.293320	8.118263	
7	1	4.874846	17.735550	
8	2	11.475790	8.522778	11.311390	6.030103	
9	1	12.428870	9.149059	
10	1	7.322184	17.968570	
11	1	11.311390	5.624650	
12	3	6.063866	18.777070	11.225380	8.522778	10.069210	6.725316	
13	2	11.733480	7.759220	11.337610	6.345860	
14	1	5.722022	19.038430	
15	1	4.705838	18.777070	
16	1	8.264491	7.677852	
17	2	10.381520	11.922280	8.721462	9.568067	
18	1	8.264491	11.360570	
19	1	15.242920	4.659752	
20	1	7.337960	9.540689	
21	1	11.312280	7.673780	
22	1	15.242920	4.654046	
23	2	5.985955	19.115840	11.233460	9.730700	
24	3	6.971156	16.930130	8.974154	9.045457	9.633452	7.214348	
25	1	8.011903	14.625930	
26	1	17.129760	8.990838	
27	1	5.008122	19.038430	
28	2	4.649121	17.646580	5.522540	14.625930	
29	1	10.670080	9.313798	
30	1	12.631960	8.683236	
31	1	13.746370	7.848879	
32	2	11.391990	7.298663	8.974154	8.923118	
33	1	9.071779	6.584053	
34	1	12.631960	7.639997	
35	2	9.642748	9.540689	11.833940	4.985961	
36	1	16.296340	6.867122	
37	1	9.159496	7.673780	
38	1	9.322607	7.759220	
39	1	8.859605	9.762981	
40	1	15.369790	7.848879	
41	1	5.999628	10.455080	
42	1	7.224558	13.057220	
43	2	11.311390	7.383675	12.372710	4.807681	
44	1	8.397237	19.038430	
45	1	21.094170	7.273095	
46	1	9.428608	9.313798	
47	4	20.471780	5.890532	14.886370	7.315654	12.372710	4.760386	9.071779	6.473164	
48	2	5.426574	17.735550	7.929629	9.091505	
49	1	23.636510	6.386079	
50	1	4.714334	17.735550	
51	1	11.391990	7.327268	
52	1	25.596990	7.625574	
53	1	5.149003	17.646580	
54	1	7.896557	9.091505	
55	2	13.981650	6.129066	6.791154	9.540689	
56	1	12.106760	8.990838	
57	1	11.830170	9.149059	
58	1	13.196590	17.646580	
59	1	11.467710	9.730700	
60	1	4.783749	19.115840	
61	1	25.596990	9.304554	
62	1	20.471780	6.751716	
63	1	11.294440	8.586489	
64	1	5.455879	17.735550	
65	1	13.357130	10.047590	
66	1	10.838330	7.214348	
67	1	7.160551	10.455080	
68	1	12.799480	6.345860	
69	1	13.981650	6.775380	
70	1	5.972211	10.047590	
71	1	12.964610	8.586489	
72	1	6.900710	11.922280	
73	1	11.569740	9.540689	
74	1	10.069210	9.597917	
75	1	9.573433	17.646580	
76	1	21.766180	18.854490	
77	1	14.886370	7.310277	
78	1	10.476330	10.455080	
79	1	4.994179	19.038430	
80	1	14.292400	6.558586	
