nice10.200.txt
160
200
100 24
1	1	4.883699	7.310277	
2	2	13.981650	6.775380	4.997720	9.045457	
3	2	4.649121	17.646580	7.929629	4.722229	
4	1	5.035132	7.273095	
5	2	11.233460	3.564480	5.522540	6.471185	
6	1	6.166193	4.807681	
7	1	5.999628	5.249938	
8	1	4.837607	7.214348	
9	1	5.838694	4.985961	
10	1	14.206960	4.963684	
11	1	9.071779	6.473164	
12	1	5.455879	7.127516	
13	1	9.844685	6.558586	
14	1	3.969602	9.762981	
15	1	4.714334	9.279293	
16	1	11.190160	3.026997	
17	3	11.733480	3.591996	5.916853	6.751716	11.337610	3.128125	
18	1	4.994179	8.268998	
19	2	6.323030	7.606081	11.190160	2.863536	
20	2	6.966581	9.762981	5.048436	8.990838	
21	1	6.162472	6.936316	
22	2	4.610467	9.218286	11.011640	3.465435	
23	2	8.427382	6.751716	6.596667	7.315654	
24	2	3.265108	11.517800	7.233626	3.962850	
25	1	21.766180	7.770590	
26	1	6.899333	7.639997	
27	1	6.736854	4.286253	
28	3	11.011640	3.401687	9.322607	3.813842	3.628992	9.753139	
29	1	4.440298	10.047590	
30	1	4.874846	9.217926	
31	1	12.372710	4.760386	
32	1	3.883630	11.360570	
33	1	3.431030	8.586489	
34	1	6.890836	7.848879	
35	2	4.503030	9.597917	3.407453	10.455080	
36	1	7.322184	8.215435	
37	2	6.042642	6.129066	7.337960	4.835155	
38	1	4.380861	11.360570	
39	1	9.907181	6.168319	
40	1	4.936236	8.428296	
41	1	10.823430	3.854316	
42	1	5.104257	8.923118	
43	1	7.939009	6.129066	
44	2	4.869969	9.568067	5.466115	7.673780	
45	1	4.573639	8.375387	
46	1	4.778740	7.673780	
47	1	11.311390	3.096868	
48	3	4.783749	19.115840	5.972211	10.047590	6.036597	7.625574	
49	1	8.397237	11.246900	
50	1	7.694461	4.611325	
51	2	5.732624	7.639997	5.247110	7.298663	
52	1	5.284694	6.867122	
53	1	6.791154	9.540689	
54	1	4.294185	7.759220	
55	1	12.428870	4.365860	
56	1	11.390040	3.006199	
57	1	8.397237	3.744804	
58	1	3.422323	8.586489	
59	2	5.566183	9.597917	5.671466	6.936316	
60	1	17.876230	11.083900	
61	1	6.721740	4.634609	
62	1	12.293320	4.786182	
63	1	5.196999	10.047590	
64	1	3.719830	10.047590	
65	1	6.242871	4.634609	
66	1	3.765891	7.759220	
67	1	11.233460	6.166219	
68	1	9.322607	3.945379	
69	1	3.889949	11.083900	
70	1	3.693381	7.673780	
71	1	4.795846	7.214348	
72	1	5.426574	6.942887	
73	1	6.873563	17.646580	
74	1	3.706048	11.517800	
75	1	6.063866	18.777070	
76	1	6.736854	4.236524	
77	1	11.390040	3.003958	
78	1	11.028450	7.625574	
79	1	8.289705	7.315654	
80	1	5.596946	6.345860	
81	2	9.907181	3.879270	3.693191	9.753139	
82	3	10.476330	4.781363	9.428608	3.710520	7.929629	4.369277	
83	1	10.838330	3.657545	
84	1	5.149003	8.425450	
85	1	11.311390	6.030103	
86	1	7.202531	6.345860	
87	1	3.706101	13.057220	
88	1	7.058320	8.990838	
89	1	4.637197	8.428296	
90	1	15.369790	3.886029	
91	1	4.705838	10.805110	
92	1	8.525448	4.659752	
93	1	11.311390	4.286806	
94	1	5.722022	9.846752	
95	1	5.393690	8.118263	
96	1	8.011903	14.625930	
97	1	5.149003	9.221131	
98	1	5.235608	7.273095	
99	1	10.476330	5.673719	
100	1	3.330772	11.922280	
101	1	7.830246	4.654046	
102	1	12.428870	4.783199	
103	1	6.127545	6.751716	
104	1	11.311390	5.624650	
105	1	5.204655	9.730700	
106	1	5.995244	4.985961	
107	1	3.869897	8.923118	
108	2	5.455879	10.608030	4.441082	8.586489	
109	1	4.890003	9.762981	
110	1	6.323030	10.040500	
111	2	6.025616	8.547474	4.874846	8.517622	
112	1	5.426574	10.792660	
113	1	3.100788	9.730700	
114	1	5.985955	9.968359	
115	1	4.994179	10.769430	
116	4	5.008122	9.192273	4.962966	9.218286	6.144879	7.298663	10.823430	3.418779	
117	2	5.522540	8.154746	6.717467	4.659752	
118	1	6.025616	6.078457	
119	3	5.722022	9.191675	3.851493	9.568067	4.573639	6.250544	
120	1	9.071779	6.584053	
121	1	4.705838	7.971964	
122	4	6.899629	8.118263	5.985955	9.147482	5.008122	9.846154	4.738933	8.522778	
123	1	8.397237	4.046724	
124	1	3.518457	13.057220	
125	1	3.976433	9.045457	
126	3	8.264491	7.677852	6.971156	5.412328	11.337610	3.217735	
127	2	6.135591	9.313798	6.533544	7.673780	
128	2	6.517570	8.522778	3.753098	10.455080	
129	1	7.896557	4.533044	
130	1	3.569937	11.922280	
131	1	11.569740	9.540689	
132	1	14.206960	4.340870	
133	1	6.206516	4.807681	
134	1	7.694461	4.537734	
135	1	8.136168	3.962850	
136	1	3.162265	9.730700	
137	2	8.175240	6.558586	7.412669	4.654046	
138	1	12.631960	8.683236	
139	1	10.069210	6.725316	
140	1	7.896557	4.558461	
141	1	4.714334	8.456255	
142	1	4.707813	8.522778	
143	1	8.531951	7.625574	
144	1	11.391990	7.327268	
145	1	10.381520	11.922280	
146	1	11.733480	4.167224	
147	1	11.390040	3.294396	
148	1	23.636510	6.386079	
149	1	17.129760	8.990838	
150	1	7.337960	4.705534	
151	1	5.198541	7.310277	
152	1	5.999628	5.205143	
153	1	9.281623	5.890532	
154	1	6.855537	7.848879	
155	1	6.117160	6.558586	
156	1	12.964610	3.951880	
157	3	9.428608	5.603278	4.534485	9.313798	10.838330	3.556804	
158	1	4.804132	7.310277	
159	1	9.642748	9.540689	
160	1	4.135710	9.149059	
