nice2.50.txt
40
50
100 34
1	1	9.427398	20.699230	
2	1	19.951330	12.960490	
3	2	16.943530	14.256110	10.021950	11.517110	
4	2	19.951330	12.885360	10.021950	14.123290	
5	1	9.960582	14.122500	
6	1	6.748427	18.962870	
7	1	8.610764	14.135800	
8	2	8.655120	13.120220	13.608590	7.484222	
9	1	23.309380	10.869140	
10	1	28.856570	14.256110	
11	1	6.860163	18.962870	
12	2	8.675775	13.876510	13.102250	9.159885	
13	1	30.491280	15.176110	
14	2	14.315910	27.774770	13.608590	11.817760	
15	2	19.951330	14.199010	13.734030	13.201050	
16	1	19.951330	7.245172	
17	1	13.468460	12.662340	
18	1	13.608590	9.025190	
19	1	8.614410	13.408360	
20	1	33.730790	8.697929	
21	1	26.057650	7.249833	
22	1	13.734030	10.647570	
23	1	9.094330	13.733350	
24	1	26.057650	6.885965	
25	1	9.960582	12.947060	
26	1	13.468460	15.112430	
27	1	20.628540	9.159885	
28	1	5.477694	20.699230	
29	1	16.404970	14.725550	
30	1	12.069310	17.857810	
31	3	15.308820	15.176110	14.685610	14.725550	7.880746	13.120220	
32	1	16.535870	10.728400	
33	1	27.784370	24.935190	
34	1	11.545650	14.352470	
35	1	23.309380	12.979480	
36	2	22.488690	14.725550	9.094330	12.857460	
37	2	8.675775	13.193050	8.614410	12.232040	
38	1	5.734889	20.699230	
39	1	18.910860	14.135800	
40	1	11.545650	12.238340	
