nice50.50.txt
40
50
100 43
1	1	13.024010	15.700260	
2	1	14.351030	15.288150	
3	1	14.351030	16.369570	
4	2	18.539930	5.809844	5.820771	18.306420	
5	1	8.096527	19.615590	
6	2	15.091200	13.869520	7.483337	18.306420	
7	3	13.024010	11.806190	11.077240	13.862900	8.440625	14.858280	
8	1	18.539930	14.069900	
9	2	12.360480	21.742920	14.216390	11.638200	
10	1	13.545450	10.764840	
11	2	10.732140	10.656080	18.539930	5.661702	
12	1	10.693250	12.508590	
13	1	10.732140	11.162950	
14	1	42.762820	15.244080	
15	1	13.545450	8.973472	
16	1	19.803200	10.154440	
17	1	22.442000	13.728640	
18	1	5.372260	21.169740	
19	1	18.380140	10.683170	
20	1	31.263600	23.396060	
21	1	14.216390	18.348920	
22	1	10.882390	15.244080	
23	1	11.077240	11.025650	
24	1	12.360480	9.339866	
25	1	10.693250	10.749050	
26	1	15.091200	25.606840	
27	1	12.360480	9.825263	
28	1	14.216390	10.920940	
29	1	12.697430	8.733745	
30	2	6.994672	19.615590	11.460400	10.154440	
31	2	14.351030	9.250329	12.849300	8.733745	
32	2	34.214150	18.306420	8.173187	21.169740	
33	2	11.077240	16.019500	13.024010	13.401600	
34	1	10.693250	17.650410	
35	1	10.732140	19.089010	
36	1	25.546730	9.715305	
37	1	22.442000	11.812810	
38	1	25.546730	7.092395	
39	1	9.939511	14.858280	
40	1	6.126940	18.306420	
