nice2.100.txt
80
100
100 21
1	1	15.758560	7.249833	
2	2	16.404970	9.755272	8.655120	13.120220	
3	1	11.039990	12.979480	
4	1	9.960582	7.248553	
5	1	10.931550	9.159885	
6	1	13.468460	6.984668	
7	1	6.790380	7.484222	
8	1	9.960582	12.947060	
9	1	16.404970	4.970274	
10	1	14.315910	7.133927	
11	1	8.264641	7.330624	
12	1	12.891320	10.869140	
13	1	13.741870	6.885965	
14	1	8.556919	14.256110	
15	1	13.608590	9.025190	
16	1	19.890730	17.604560	
17	1	10.021950	6.522788	
18	1	10.344050	8.697929	
19	1	5.248507	15.176110	
20	1	13.102250	5.061411	
21	1	10.418060	10.869140	
22	1	9.427398	10.124240	
23	1	4.681297	14.135800	
24	1	12.269390	6.205717	
25	1	10.299090	7.249833	
26	1	5.477694	10.489300	
27	1	10.845720	7.000448	
28	1	9.696987	9.159885	
29	1	12.069310	4.193867	
30	1	6.748427	18.962870	
31	1	9.094330	13.733350	
32	2	8.675775	7.991443	12.069310	4.269034	
33	1	10.845720	7.255666	
34	4	12.069310	9.394914	7.893644	12.910530	7.120039	14.256110	14.685610	6.193902	
35	1	8.456574	6.916512	
36	1	19.951330	5.326914	
37	1	5.475357	15.112430	
38	1	9.960582	6.873946	
39	2	12.269390	6.773763	5.477694	10.209930	
40	1	9.906689	5.294575	
41	1	13.734030	10.647570	
42	2	9.906689	7.590789	8.138102	7.645337	
43	2	8.614410	12.232040	14.350590	6.572933	
44	1	9.151882	8.259596	
45	1	15.130740	8.697929	
46	1	18.910860	14.135800	
47	1	14.685610	8.531645	
48	1	10.120560	7.245172	
49	1	6.053934	14.352470	
50	1	7.872416	11.054690	
51	1	15.308820	6.341043	
52	1	11.626090	7.330624	
53	1	8.138102	7.080210	
54	1	3.929466	14.135800	
55	1	7.993108	15.112430	
56	1	8.675775	5.885068	
57	1	13.468460	5.677670	
58	2	6.443490	20.640850	8.614410	13.408360	
59	1	9.094330	12.857460	
60	2	16.090890	8.259596	8.256000	8.697929	
61	1	15.308820	8.835066	
62	3	9.427398	10.574990	9.830766	7.245172	5.734889	8.894473	
63	1	5.734889	11.804760	
64	3	7.880746	13.120220	13.734030	5.223997	10.021950	4.994319	
65	1	6.097811	14.256110	
66	3	14.350590	8.152615	16.786200	6.916512	5.491717	14.352470	
67	4	10.021950	14.123290	7.872416	9.586155	13.102250	4.098475	6.818211	7.484222	
68	1	16.535870	10.728400	
69	2	13.179610	14.256110	8.675775	6.828405	
70	1	10.044640	12.885360	
71	1	19.951330	7.633581	
72	1	10.059790	14.199010	
73	1	9.891537	14.199010	
74	1	12.315780	6.885965	
75	1	11.545650	12.238340	
76	1	6.860163	18.962870	
77	1	13.734030	7.977048	
78	1	7.893644	12.024660	
79	1	8.675775	6.364645	
80	1	13.608590	11.817760	
