nice36.100.txt
80
100
100 33
1	1	9.408529	10.386200	
2	1	9.015635	7.605550	
3	1	13.564440	6.193034	
4	1	4.243352	11.716380	
5	1	8.295202	11.092580	
6	1	16.205360	13.038010	
7	1	10.254130	7.957359	
8	2	9.446528	7.809612	13.186300	5.351520	
9	3	8.078329	11.092580	6.667744	11.801570	4.063177	11.716380	
10	2	6.076877	23.671260	5.090312	14.448300	
11	1	14.740880	5.558118	
12	2	12.998020	5.587684	4.432039	13.558800	
13	1	10.123720	18.315010	
14	1	11.137590	7.728823	
15	1	15.672580	9.042319	
16	1	9.015635	9.730357	
17	1	7.311639	15.717020	
18	1	14.767250	5.094242	
19	2	9.281104	7.909114	9.740326	5.707474	
20	2	9.582182	8.529573	14.540230	3.641473	
21	1	11.137590	5.829973	
22	1	14.540230	5.818164	
23	1	23.788030	12.551940	
24	2	9.434738	11.654910	9.837422	7.071249	
25	1	7.009061	13.022220	
26	2	6.721011	26.103210	10.264940	9.402304	
27	1	3.986609	14.335450	
28	2	14.767250	5.699658	9.582182	7.791320	
29	1	12.593960	20.699210	
30	1	4.392682	15.868890	
31	2	12.565130	6.674696	4.793827	13.022220	
32	2	9.654270	9.219687	12.542380	6.052836	
33	1	23.047410	7.736917	
34	1	14.637310	10.386200	
35	1	6.667744	11.869680	
36	1	12.421490	6.439919	
37	1	5.202762	14.335450	
38	1	4.275211	13.022220	
39	1	6.075949	20.699210	
40	2	12.998020	5.504899	8.817675	5.918746	
41	1	9.205132	32.666920	
42	1	4.910553	13.038010	
43	1	6.751379	13.022220	
44	1	7.241791	26.103210	
45	1	14.540230	16.643570	
46	2	5.009940	12.183160	13.564440	4.440216	
47	1	4.996119	15.868890	
48	1	6.582376	26.103210	
49	2	8.663592	8.906683	9.837422	5.950968	
50	1	13.307090	16.757520	
51	1	12.542380	9.518087	
52	1	6.828468	13.022220	
53	1	4.680495	12.183160	
54	2	9.189371	11.767760	9.969639	5.918746	
55	2	10.763880	9.042319	8.663592	9.408331	
56	1	8.979469	12.183160	
57	1	5.634830	13.038010	
58	1	12.542380	5.700883	
59	3	7.896419	13.558800	14.740880	6.158257	4.954709	13.558800	
60	2	12.793280	7.957359	9.281104	7.959779	
61	1	9.654270	8.116220	
62	1	4.344426	14.448300	
63	1	9.223376	7.809612	
64	1	6.908806	13.558800	
65	1	4.165802	13.558800	
66	1	23.047410	12.494800	
67	1	8.068292	7.593808	
68	1	9.582182	7.484181	
69	1	10.625920	6.439919	
70	1	9.740326	11.050050	
71	1	13.186300	5.281729	
72	1	9.582182	8.861841	
73	1	13.871330	6.674696	
74	1	9.702259	10.386200	
75	1	15.707340	12.551940	
76	1	12.542380	4.831404	
77	1	10.123810	11.092580	
78	1	10.719020	7.593808	
79	1	8.522370	9.402304	
80	1	8.280160	10.793900	
