nice27.50.txt
40
50
100 28
1	2	26.705470	22.577350	13.988710	27.299500	
2	1	8.165664	17.519420	
3	1	21.080280	16.406380	
4	1	6.264114	15.007730	
5	3	22.671780	10.787970	25.040500	9.518572	12.813380	9.780082	
6	1	22.671780	13.619150	
7	1	13.916640	15.838290	
8	1	19.361540	11.461210	
9	1	9.522886	18.812600	
10	1	10.661800	8.901721	
11	1	20.682060	12.291770	
12	1	10.107760	19.449640	
13	1	21.080280	8.378499	
14	1	13.523840	9.780082	
15	1	10.773450	15.838290	
16	1	11.158450	10.616030	
17	1	10.412590	16.289350	
18	1	10.418480	8.901721	
19	1	14.417950	15.007730	
20	1	11.513330	10.616030	
21	1	13.148900	18.812600	
22	1	9.560538	9.029254	
23	1	14.154140	10.843850	
24	1	5.493052	20.295060	
25	1	22.866220	10.641160	
26	1	9.560538	12.580460	
27	1	10.107760	18.372880	
28	1	22.111870	10.843850	
29	1	9.874168	19.111860	
30	1	11.225510	9.518572	
31	1	22.671780	8.250524	
32	2	18.171550	17.519420	19.630470	5.920905	
33	2	22.866220	9.653905	9.874168	18.710660	
34	2	14.301920	15.838290	14.457220	9.465666	
35	1	9.569339	15.130460	
36	1	12.248260	9.465666	
37	2	21.080280	21.663530	9.560538	10.433300	
38	2	10.412590	18.588640	9.569339	19.747530	
39	3	22.671780	10.614230	7.906740	20.295060	19.630470	5.540304	
40	1	21.080280	17.350370	
