nice29.25.txt
20
25
100 49
1	1	19.311020	15.518660	
2	1	12.216870	26.255860	
3	1	21.066570	9.132236	
4	1	13.293440	29.382760	
5	1	23.886880	43.700410	
6	1	13.772440	30.043730	
7	1	14.960670	16.111260	
8	1	25.543750	26.255860	
9	1	48.081720	26.255860	
10	1	17.513680	21.858640	
11	1	21.066570	8.765941	
12	1	19.967560	12.579380	
13	1	19.311020	11.665660	
14	1	19.311020	16.516090	
15	2	26.308730	30.043730	23.100550	17.464350	
16	3	15.751710	17.464350	11.034310	24.390150	21.066570	12.145550	
17	3	18.884690	12.579380	11.034310	19.310260	13.293440	14.317650	
18	1	14.157660	26.255860	
19	1	17.513680	21.841770	
20	1	14.960670	27.589150	
