nice4.100.txt
80
100
100 25
1	1	12.633610	8.807929	
2	1	12.461960	6.748198	
3	1	6.022564	15.584120	
4	1	6.242932	11.289210	
5	1	8.615337	8.553255	
6	1	10.929860	10.692510	
7	1	11.064040	6.436337	
8	1	13.965630	5.825347	
9	1	8.256595	15.357070	
10	1	11.814990	11.822580	
11	1	5.445595	20.885940	
12	2	7.692842	17.731830	7.679376	15.584120	
13	6	8.586657	20.885940	13.294950	12.886910	6.922297	15.584120	11.823120	8.783281	10.763220	8.187973	5.828945	11.945220	
14	1	11.406910	10.505710	
15	2	11.814990	10.118260	11.004330	6.740870	
16	1	7.570623	9.923332	
17	1	11.534780	6.595047	
18	1	14.220490	6.432175	
19	1	9.159121	7.944510	
20	2	9.369744	7.497951	11.085840	5.785450	
21	1	11.488130	7.395413	
22	1	13.619880	6.042878	
23	2	13.965630	7.727980	4.827328	15.357070	
24	1	11.466950	6.800841	
25	1	19.051400	7.282673	
26	1	5.906304	11.945220	
27	2	12.820600	6.800841	4.640319	17.990190	
28	2	6.270883	15.584120	8.921518	8.103365	
29	2	9.380420	14.370280	6.775170	6.765708	
30	1	18.190320	6.408817	
31	2	12.407320	8.923905	9.290762	8.103365	
32	1	7.890882	15.107160	
33	1	13.069130	10.127010	
34	1	12.581000	8.807929	
35	1	6.529006	10.753560	
36	1	9.012229	10.692510	
37	1	10.436060	8.553255	
38	1	8.008059	13.955000	
39	1	6.694475	10.885090	
40	1	9.681657	7.497951	
41	1	10.778880	6.582219	
42	1	5.967479	15.357070	
43	1	10.853800	6.436337	
44	1	12.807290	4.684077	
45	1	8.933911	5.785450	
46	1	5.987498	20.885940	
47	1	8.008059	14.038100	
48	1	11.463480	9.611538	
49	1	12.461960	3.944311	
50	1	8.809903	14.370280	
51	1	18.190320	7.214003	
52	1	10.440160	7.023330	
53	1	6.826201	11.289210	
54	3	24.518040	12.886910	9.838606	11.945220	15.513730	6.582219	
55	1	5.799258	12.019560	
56	1	10.210280	9.543861	
57	1	18.556260	11.945220	
58	1	10.454360	9.611538	
59	2	13.619880	9.937784	21.016370	6.282017	
60	2	13.965630	7.674060	9.053160	7.944510	
61	2	9.528234	7.395413	12.807290	4.239828	
62	1	9.916971	9.923332	
63	2	20.325400	9.923332	6.908598	10.505710	
64	1	7.508439	10.692510	
65	1	11.004330	8.843252	
66	1	7.565736	10.505710	
67	2	6.416503	17.731830	11.814990	6.052253	
68	1	12.099840	8.187973	
69	1	12.652780	9.543861	
70	1	6.694475	10.531130	
71	1	13.619880	12.017780	
72	1	14.220490	5.587387	
73	1	4.841267	17.990190	
74	1	7.890882	12.885930	
75	1	10.576210	7.023330	
76	1	11.534780	11.395140	
77	1	11.931740	10.505710	
78	1	12.464440	8.783281	
79	1	6.529006	10.662670	
80	1	7.190460	6.765708	
