nice38.50.txt
40
50
100 43
1	1	12.457580	10.570630	
2	1	12.571680	11.333910	
3	1	18.023000	11.638170	
4	3	17.634410	12.827780	11.051450	11.333910	12.457580	10.039780	
5	3	10.649540	21.692390	16.602010	12.523310	11.586910	12.385410	
6	1	9.811434	18.961230	
7	1	16.197880	11.691310	
8	1	16.602010	11.018820	
9	1	22.629380	7.806311	
10	1	18.023000	10.054220	
11	1	14.590000	18.531890	
12	1	17.011480	12.415760	
13	1	17.011480	8.693377	
14	1	17.011480	10.980870	
15	1	12.457580	10.289180	
16	1	12.060190	12.811940	
17	1	17.096590	11.293120	
18	1	12.457580	11.603770	
19	1	12.666390	22.976470	
20	1	17.096590	10.399270	
21	1	28.134730	12.827780	
22	1	12.106140	11.157870	
23	1	10.205990	17.729450	
24	1	10.798470	13.000380	
25	1	42.885560	19.772320	
26	1	6.790578	18.961230	
27	1	17.011480	7.129117	
28	1	10.569180	12.811940	
29	1	14.590000	13.878310	
30	1	16.197880	21.090220	
31	1	11.879830	11.333910	
32	1	12.423390	17.729450	
33	1	17.011480	7.916772	
34	1	14.590000	14.725680	
35	2	35.502950	11.397130	9.409706	22.976470	
36	2	19.656060	10.360760	11.945420	10.360760	
37	2	8.193263	22.731040	16.197880	9.721823	
38	2	11.046310	22.731040	22.629380	6.148550	
39	2	11.856970	19.772320	11.830910	13.000380	
40	2	12.106140	11.818610	11.586910	10.591070	
