nice4.500.txt
400
500
100 12
1	1	5.502391	2.214737	
2	2	4.640319	4.305197	5.890211	2.932153	
3	1	3.442185	5.433754	
4	2	5.689443	3.088241	4.921078	3.551221	
5	3	4.011567	7.968724	8.189981	3.092146	4.453831	4.725859	
6	2	6.548345	3.989533	3.194244	5.786696	
7	1	3.851939	7.772310	
8	1	4.049422	5.648631	
9	2	3.480323	5.106328	7.565736	2.066374	
10	1	4.134292	3.105901	
11	1	3.011274	5.402495	
12	1	3.162989	6.800841	
13	1	3.005784	5.523743	
14	1	5.341176	5.401062	
15	1	5.314911	3.848897	
16	1	3.297738	4.569787	
17	1	4.656794	4.128481	
18	1	2.827475	4.078753	
19	1	4.670680	3.968328	
20	2	5.868444	3.326935	6.922297	1.792012	
21	2	2.936869	6.797116	7.679376	2.155326	
22	2	3.538685	8.553255	5.422486	3.428450	
23	1	5.498398	4.458953	
24	3	2.760255	7.282673	2.961695	5.523743	2.420853	4.839102	
25	1	2.923687	6.800841	
26	1	5.099013	6.408817	
27	1	5.822728	4.504030	
28	1	4.049422	4.857080	
29	2	4.962837	3.844193	1.782481	6.876323	
30	2	3.761647	7.466464	6.922297	1.835036	
31	2	3.879315	7.486776	2.566647	6.225606	
32	1	2.648965	8.843252	
33	1	2.379658	4.987314	
34	1	4.236568	6.277407	
35	1	4.180785	3.900122	
36	1	4.155813	7.497951	
37	1	3.748040	5.209577	
38	1	5.918705	4.113388	
39	1	2.262699	7.282673	
40	1	6.865018	2.136818	
41	1	6.022564	3.786949	
42	1	5.224061	2.639004	
43	1	2.607714	4.837407	
44	1	5.934913	3.100616	
45	1	2.426656	7.697001	
46	1	3.827029	4.364593	
47	1	2.608067	8.187973	
48	1	5.522396	4.483696	
49	1	9.699524	2.881077	
50	1	5.414874	3.007886	
51	1	5.799114	4.284622	
52	1	2.921673	4.031626	
53	1	2.260252	7.227950	
54	1	5.604580	3.810123	
55	1	2.958663	6.800841	
56	2	6.676064	3.829556	2.323164	5.015508	
57	3	7.214982	3.970143	6.123360	3.216320	3.263473	4.805272	
58	1	3.054151	4.275578	
59	1	4.775661	2.906625	
60	2	5.522396	4.440210	2.737881	7.070912	
61	1	3.472843	5.789745	
62	1	5.906304	3.047630	
63	1	6.922297	4.017641	
64	1	5.380006	2.973968	
65	2	2.810170	4.738589	5.174353	2.488959	
66	1	4.355082	5.875899	
67	6	6.416503	11.784360	4.924719	5.923799	6.022564	4.181660	5.934704	4.031626	5.445595	3.053385	2.769377	5.577708	
68	1	5.429897	2.999458	
69	1	5.502391	2.351870	
70	2	5.836679	3.531878	1.980108	5.786696	
71	2	4.772418	6.582219	5.230515	4.127213	
72	1	2.064363	5.554343	
73	1	4.132826	2.864413	
74	3	8.586657	2.410537	3.271160	5.640427	2.836755	5.595039	
75	1	4.784434	7.023330	
76	2	7.797150	2.189180	4.897977	2.951787	
77	1	2.724017	8.187973	
78	1	2.769377	5.114800	
79	1	6.215501	3.586957	
80	1	5.850182	3.652629	
81	1	4.640263	4.120422	
82	1	2.277670	8.103365	
83	1	6.473811	2.877958	
84	1	3.334533	5.682208	
85	1	2.610090	5.015508	
86	1	7.679376	2.248685	
87	1	5.592638	2.943408	
88	1	5.594215	2.323100	
89	1	4.517807	3.924353	
90	1	2.556548	4.738589	
91	1	3.214152	5.297984	
92	1	5.967479	5.353401	
93	1	6.022564	4.534692	
94	1	6.865018	2.547259	
95	1	2.588449	4.499463	
96	1	3.553219	3.235379	
97	1	6.270883	2.588396	
98	1	4.132826	3.194569	
99	2	5.802441	3.100616	3.931195	3.696602	
100	1	5.367438	5.686290	
101	1	6.775170	3.137375	
102	1	3.793340	5.524403	
103	1	8.391144	3.444124	
104	1	2.663645	7.674060	
105	1	6.374918	5.341310	
106	1	7.882323	2.689782	
107	1	7.565736	2.816936	
108	2	6.298594	3.372928	3.178142	5.555645	
109	1	4.517815	3.449617	
110	1	6.473811	2.523104	
111	3	3.389358	5.554343	4.451782	2.987687	4.132826	2.895454	
112	1	5.774613	2.330689	
113	1	5.932271	4.157506	
114	1	3.937387	7.060060	
115	1	3.766902	5.325620	
116	1	4.827328	3.810105	
117	2	2.626747	4.989101	3.334533	3.507775	
118	1	4.489159	4.093320	
119	1	5.588798	3.398777	
120	1	2.971772	5.729286	
121	1	5.424275	5.402495	
122	1	9.681657	3.369470	
123	1	10.440160	2.896117	
124	1	7.508439	2.460370	
125	1	5.967479	4.479925	
126	1	2.932990	6.638748	
127	1	3.027935	5.402495	
128	1	2.212894	8.553255	
129	1	6.393069	3.829556	
130	1	3.937387	6.978037	
131	1	5.460843	4.239828	
132	1	3.761647	5.378865	
133	1	4.457483	4.837407	
134	1	3.435755	5.481236	
135	1	4.003214	3.016914	
136	1	4.629118	3.900122	
137	2	5.596694	2.943594	4.897977	3.330230	
138	3	5.607947	5.037437	4.775661	3.370782	2.302185	4.989101	
139	3	2.862389	6.797116	4.841267	3.714632	5.594215	2.100175	
140	1	3.730869	6.595047	
141	2	7.890882	2.079443	3.058139	4.488564	
142	1	5.890211	2.893194	
143	1	4.705287	2.844911	
144	1	5.604580	3.300397	
145	1	3.441764	3.433451	
146	1	4.046487	7.545604	
147	1	7.072874	1.928258	
148	1	3.205656	8.807929	
149	1	4.359962	3.731812	
150	1	2.846605	6.638748	
151	1	7.797150	2.314850	
152	1	3.756590	3.105901	
153	1	1.887184	6.225606	
154	2	2.320481	7.944510	6.236664	1.954099	
155	1	6.416503	5.947473	
156	1	3.214152	5.233144	
157	1	3.587627	7.282673	
158	1	5.706452	3.975345	
159	1	3.530477	4.994848	
160	3	4.131758	4.878608	3.398688	5.587387	3.178142	5.450237	
161	1	6.471817	2.622488	
162	3	3.045296	10.470150	4.482129	5.785450	3.334533	3.696930	
163	1	3.297738	4.238142	
164	1	4.565975	2.956519	
165	1	4.114765	6.876323	
166	1	6.775170	3.628333	
167	1	2.588449	5.019235	
168	1	2.735666	4.381114	
169	1	5.528481	5.098872	
170	4	8.189981	2.950732	3.341553	7.023330	3.931195	5.416842	4.087399	3.433451	
171	1	3.150743	5.336737	
172	1	4.285824	6.052253	
173	1	6.214620	5.785450	
174	1	2.717808	6.436337	
175	1	6.694475	2.675222	
176	1	2.762104	10.662670	
177	1	5.528481	4.954875	
178	1	5.814275	2.943408	
179	2	6.191568	4.625775	6.884923	4.004513	
180	2	5.516394	3.372928	3.072073	4.882404	
181	1	3.490243	6.096602	
182	2	2.865577	7.545604	4.668984	3.994661	
183	2	3.091064	7.070912	2.560941	8.187973	
184	1	5.110969	4.209043	
185	1	5.828945	4.874310	
186	1	6.352515	4.209043	
187	1	6.338601	3.216320	
188	2	4.517815	3.277431	2.218027	5.286273	
189	2	3.548169	5.802077	4.132826	4.456191	
190	1	2.737732	5.312010	
191	2	4.607156	3.551221	2.202128	5.433754	
192	1	4.561556	3.731812	
193	2	3.553219	4.310225	2.827475	4.109221	
194	1	4.070672	7.454194	
195	1	3.490243	7.858396	
196	1	3.766902	5.337047	
197	1	2.986132	10.692510	
198	1	8.075418	2.624572	
199	1	4.070672	6.583904	
200	1	3.931195	3.731886	
201	1	2.054664	6.069323	
202	1	3.278032	5.610427	
203	1	4.131758	4.665254	
204	1	2.425555	9.611538	
205	1	4.640319	4.597715	
206	1	5.536972	3.398777	
207	4	3.879315	7.620389	3.548169	5.487135	7.890882	2.146244	2.437161	5.554343	
208	1	4.640319	4.794631	
209	1	4.746665	3.608250	
210	1	5.438930	3.007886	
211	1	6.922297	2.054620	
212	1	6.892756	1.901027	
213	1	7.679376	2.161269	
214	1	2.895220	4.837407	
215	1	5.735664	4.284622	
216	1	5.607947	4.574100	
217	1	6.165286	2.990417	
218	4	2.683473	7.944510	3.822583	5.209577	4.668984	4.108704	3.271160	5.648785	
219	1	6.296154	4.364593	
220	1	4.909674	4.989101	
221	1	5.255836	3.901755	
222	2	7.692842	2.353602	4.705287	2.742475	
223	2	6.378956	4.730970	4.640319	4.292645	
224	1	4.155166	4.017016	
225	3	3.851939	6.597966	6.270883	3.760004	6.270883	1.865573	
226	1	4.837231	5.341310	
227	1	2.420853	4.772436	
228	3	4.672189	4.415102	2.977874	6.595047	6.022564	3.080821	
229	2	5.528481	4.316528	6.694475	2.752690	
230	1	6.418018	5.027772	
231	1	2.300418	6.069323	
232	2	6.228179	3.944311	5.255836	3.643848	
233	1	3.563346	7.674060	
234	2	2.172158	7.497951	3.058139	4.319366	
235	2	3.041774	7.497951	2.699120	4.451819	
236	2	5.367438	3.188906	5.548684	3.048589	
237	1	3.921420	3.200775	
238	2	5.384686	6.436337	5.429897	3.043419	
239	1	3.065937	4.987314	
240	1	7.570623	2.476799	
241	1	5.445595	3.326540	
242	1	2.050146	6.595047	
243	1	2.897452	7.110520	
244	1	2.400671	7.697001	
245	1	6.270883	1.952926	
246	1	2.713985	6.582219	
247	1	6.046418	5.027772	
248	1	4.399889	4.566607	
249	1	2.775890	6.595047	
250	1	5.598509	3.326935	
251	1	6.032217	3.608250	
252	1	2.344108	8.103365	
253	1	4.871217	5.785450	
254	1	4.981645	3.551099	
255	1	2.888109	6.062766	
256	1	5.774613	2.235746	
257	1	4.222066	3.588215	
258	1	2.942497	5.587387	
259	1	2.809356	11.005880	
260	1	3.480323	5.424800	
261	1	5.649701	2.990417	
262	1	6.767311	1.939815	
263	1	3.174019	5.587387	
264	1	6.834078	2.748065	
265	1	2.845584	4.157506	
266	1	6.311580	3.755509	
267	1	6.852567	1.772971	
268	1	7.692842	2.532903	
269	1	4.841267	3.870158	
270	1	2.538976	9.923332	
271	1	6.266303	3.048589	
272	1	3.343670	3.588215	
273	1	5.398876	2.973968	
274	1	4.535164	4.371553	
275	1	4.827328	3.849962	
276	1	8.586657	2.237662	
277	1	6.834078	5.144000	
278	1	5.125909	3.848897	
279	1	4.266847	3.851190	
280	1	7.529163	2.618802	
281	1	2.580753	8.843252	
282	1	1.962847	7.545604	
283	1	5.906304	2.834826	
284	2	8.027328	3.212897	5.779181	3.473906	
285	1	3.018195	6.062766	
286	2	2.192701	8.553255	3.535326	4.919392	
287	1	5.431317	3.428450	
288	1	5.174353	2.416853	
289	1	7.679376	2.142521	
290	1	2.989761	4.451819	
291	1	5.942268	4.684077	
292	1	5.028022	5.433754	
293	1	4.220516	2.757636	
294	1	3.472843	4.715966	
295	3	6.202044	4.730970	6.270883	3.454448	3.317784	3.531878	
296	1	4.841267	5.219892	
297	1	2.971772	5.559927	
298	2	3.478535	6.765708	4.220516	3.920845	
299	1	2.450219	7.023330	
300	2	4.386354	4.371553	4.153998	3.200775	
301	1	3.031755	10.470150	
302	1	4.678218	2.639004	
303	1	5.024863	4.128481	
304	1	4.340040	4.415102	
305	3	2.704795	7.214003	5.228734	3.444124	3.349598	4.919392	
306	1	8.027328	3.369322	
307	1	2.732852	10.470150	
308	1	5.774613	2.009489	
309	1	6.471817	2.718822	
310	1	5.191412	3.586957	
311	1	6.152856	3.755509	
312	1	4.011567	7.138440	
313	1	3.748175	7.214003	
314	1	7.882323	2.532531	
315	1	4.924719	3.999533	
316	1	5.687773	3.473906	
317	1	2.958610	4.031626	
318	1	2.735666	6.372441	
319	1	4.451782	2.797763	
320	2	5.178552	8.553255	5.958109	6.408817	
321	1	6.946808	4.805272	
322	1	5.154150	3.652629	
323	1	11.125770	2.883240	
324	1	4.640263	5.802910	
325	1	4.841267	5.185507	
326	1	2.857146	9.518698	
327	1	6.233781	3.944311	
328	1	6.694475	2.774359	
329	1	5.774613	2.267328	
330	1	2.927972	6.282017	
331	1	4.036079	6.902803	
332	1	4.217858	3.084505	
333	1	1.782130	6.876323	
334	3	3.284401	7.674060	1.965185	6.765708	4.132826	2.827110	
335	3	9.960417	8.049506	5.268184	3.096220	6.892756	1.856810	
336	1	4.454238	7.674060	
337	1	2.707622	5.464379	
338	1	6.694475	2.682823	
339	1	3.054151	7.669643	
340	1	5.441846	3.433776	
341	1	3.278032	5.678785	
342	1	5.209644	4.127213	
343	1	6.236664	2.122860	
344	1	7.508439	3.216631	
345	1	7.072874	1.829578	
346	1	5.631551	4.625775	
347	1	2.575185	5.015508	
348	1	3.663255	6.408817	
349	1	5.594215	3.764698	
350	2	4.843564	4.738589	2.836755	4.285015	
351	2	3.793340	5.229152	3.045264	4.157506	
352	2	3.870191	5.283398	2.790776	5.464379	
353	2	4.998975	3.433776	5.367438	3.070026	
354	1	7.957366	3.212948	
355	1	7.565736	2.034186	
356	1	3.307498	3.531878	
357	1	3.739508	3.084505	
358	1	3.435755	5.024475	
359	1	6.922297	1.974506	
360	1	5.779594	5.306474	
361	1	4.036079	8.454266	
362	1	3.955046	2.956519	
363	1	4.003214	3.570428	
364	1	6.270883	1.962777	
365	1	6.750648	3.970143	
366	1	1.746739	6.765708	
367	1	3.303601	4.994848	
368	1	2.883952	8.553255	
369	1	4.786313	3.851190	
370	1	4.564001	4.093320	
371	1	3.032746	7.110520	
372	1	5.314889	3.088241	
373	1	4.520967	6.432175	
374	1	1.897624	6.800841	
375	1	7.570623	2.236956	
376	1	4.155166	3.927494	
377	1	2.961541	6.436337	
378	2	4.565398	3.844193	2.737732	4.611322	
379	2	9.902280	2.717721	4.012132	5.283398	
380	1	4.220516	8.678589	
381	1	3.044618	8.553255	
382	1	6.548345	4.198440	
383	1	2.947543	5.433754	
384	1	6.767311	2.269247	
385	1	5.799250	4.451819	
386	1	2.235804	5.286273	
387	2	3.469946	6.408817	4.517807	2.662990	
388	2	9.838606	2.987793	6.922297	3.910307	
389	1	5.700460	3.975345	
390	1	6.852567	2.436092	
391	2	6.546803	3.096220	2.064647	6.282017	
392	5	5.799258	5.222446	6.344336	4.076959	5.818648	4.113388	4.717879	3.551099	1.877639	6.800841	
393	1	7.346444	4.239828	
394	1	3.072073	3.925524	
395	1	3.496695	4.364593	
396	1	5.111766	6.297453	
397	1	5.167926	3.968328	
398	1	3.150743	4.543318	
399	1	2.257563	7.227950	
400	1	5.891437	2.943594	
