nice39.25.txt
20
25
100 43
1	1	20.444250	22.655060	
2	3	35.747600	15.690880	9.417789	30.324250	19.977300	13.439950	
3	1	8.118705	30.324250	
4	1	9.969827	35.949870	
5	1	7.830951	30.324250	
6	1	9.629177	32.827540	
7	1	19.977300	19.709770	
8	1	6.900577	25.704190	
9	1	11.219070	25.704190	
10	1	19.977300	41.146090	
11	1	18.907650	19.875810	
12	1	9.278475	32.827540	
13	1	15.303360	16.166940	
14	1	9.326449	21.592460	
15	2	15.303360	42.437990	16.145800	25.704190	
16	1	25.367440	18.705680	
17	1	25.775440	25.704190	
18	2	10.474420	35.949870	9.581203	21.592460	
19	1	25.367440	10.416210	
20	2	39.959110	25.704190	25.367440	14.849680	
