path37.50.txt
40
50
100 100
1	1	57.686020	37.111300	
2	1	29.801330	7.743598	
3	1	6.788746	4.815974	
4	1	11.793880	1.881830	
5	2	13.102040	3.131831	4.571753	7.743598	
6	1	36.575090	8.863035	
7	1	5.782970	10.261580	
8	1	5.625737	4.149912	
9	1	3.816561	13.970010	
10	1	31.773710	1.453277	
11	1	22.384330	2.160262	
12	1	18.122390	8.997530	
13	1	16.250700	8.997530	
14	1	34.373080	1.455394	
15	1	5.353793	4.149912	
16	1	100.000000	19.422680	
17	1	36.575090	5.106970	
18	1	97.175440	2.377961	
19	2	97.175440	8.131285	7.940902	37.111300	
20	4	11.661910	10.854970	34.373080	1.398843	9.873228	4.149912	13.102040	1.684143	
21	1	20.742490	1.453277	
22	1	34.373080	1.844988	
23	1	6.356701	4.149912	
24	1	6.322038	4.149912	
25	1	11.793880	2.268082	
26	1	6.708985	3.506922	
27	3	15.584530	7.348053	20.575030	4.149912	2.460508	10.261580	
28	2	22.384330	1.989650	4.830590	4.815974	
29	2	44.659230	2.282446	52.516210	0.829169	
30	1	9.651706	2.340623	
31	1	26.543290	2.928939	
32	1	65.213240	10.261580	
33	1	97.175440	2.292833	
34	1	7.126644	10.854970	
35	1	9.651706	2.475351	
36	1	59.608350	13.970010	
37	2	26.543290	7.332638	1.175787	19.234440	
38	1	1.648773	19.234440	
39	1	8.890703	4.149912	
40	1	8.875546	3.506922	
