path17.25.txt
20
25
100 77
1	1	29.232040	7.958536	
2	2	8.287739	6.260994	7.006729	5.535889	
3	1	8.700698	19.459420	
4	2	1.364339	59.220400	7.421437	5.535889	
5	1	3.686164	30.371550	
6	1	5.758151	10.408050	
7	2	32.848850	6.068276	7.707417	6.068276	
8	3	10.627540	6.973775	0.853660	59.220400	2.003221	19.459420	
9	1	76.135930	40.779600	
10	1	27.993690	6.068276	
11	1	68.549960	53.152120	
12	1	18.528120	39.464980	
13	1	7.478383	13.828140	
14	1	10.703920	20.005560	
15	1	12.699530	30.371550	
16	1	10.627540	3.434279	
17	1	5.120214	11.796880	
18	1	9.683662	11.796880	
19	1	6.140428	6.260994	
20	1	7.478383	26.951470	
