path43.100.txt
80
100
100 75
1	1	32.630580	1.160732	
2	1	5.604106	4.116546	
3	1	4.465373	5.557378	
4	1	6.533543	21.883700	
5	1	2.172161	26.857000	
6	1	4.465373	4.991400	
7	2	1.663619	56.226150	13.495630	1.729359	
8	1	10.639510	3.094190	
9	1	2.300945	26.857000	
10	1	28.238210	0.953146	
11	1	12.839050	39.690500	
12	1	16.638710	1.633136	
13	1	10.468380	2.414873	
14	1	14.704850	1.641619	
15	1	28.572590	1.364832	
16	1	5.518632	26.857000	
17	1	5.604106	3.781820	
18	1	26.717810	1.844785	
19	1	40.473050	0.877161	
20	1	12.839050	3.383621	
21	1	5.482874	5.343212	
22	1	16.007680	8.331519	
23	1	21.954660	0.712797	
24	2	40.473050	1.056330	1.224193	19.532970	
25	3	14.704850	1.634846	8.795296	2.662769	16.007680	1.174830	
26	3	3.909662	6.652807	1.182620	19.749870	1.528967	13.525180	
27	1	10.468380	1.437397	
28	1	3.848364	27.148480	
29	2	14.049240	2.526485	32.630580	0.785039	
30	1	9.852677	5.027483	
31	2	25.684630	1.453634	30.044790	0.877828	
32	2	14.704850	3.376342	32.630580	0.716785	
33	1	49.269290	0.755074	
34	1	14.398730	27.148480	
35	1	5.482874	5.205566	
36	1	1.272210	19.749870	
37	3	7.584965	5.797531	30.044790	1.197597	2.454830	6.657454	
38	2	15.076960	1.729359	0.841115	26.857000	
39	1	26.717810	1.573403	
40	1	28.238210	0.855843	
41	1	19.224490	2.075425	
42	1	2.926788	28.274510	
43	1	8.795296	2.791653	
44	1	49.269290	0.623564	
45	1	2.926788	14.799610	
46	1	25.208000	1.072850	
47	2	18.058660	32.293120	16.571130	2.674121	
48	1	6.183219	27.148480	
49	1	10.057180	3.094190	
50	1	24.430310	17.030570	
51	5	27.049050	51.925380	6.533543	21.190420	8.976151	5.797531	26.717810	1.668485	16.638710	1.764737	
52	1	28.238210	24.293080	
53	1	1.528967	13.331820	
54	1	25.654510	12.047100	
55	1	5.511105	6.100446	
56	1	4.239685	74.429850	
57	1	5.811853	43.074120	
58	1	25.684630	1.794702	
59	1	16.571130	2.353361	
60	1	26.455080	0.612679	
61	1	25.684630	3.679067	
62	1	27.049050	22.504470	
63	1	15.979490	2.423990	
64	1	19.959560	32.293120	
65	1	0.920089	56.226150	
66	1	28.776060	0.712797	
67	1	3.936965	6.652807	
68	1	26.717810	1.566134	
69	1	10.828460	1.516007	
70	1	12.361820	16.217120	
71	1	24.061280	1.072850	
72	1	25.684630	0.970963	
73	1	8.795296	5.094356	
74	1	32.630580	0.735317	
75	1	10.828460	4.281524	
76	1	2.454830	5.885795	
77	1	15.979490	2.024342	
78	4	23.341140	5.797531	10.468380	2.248176	16.007680	1.042428	24.275640	0.612679	
79	1	14.049240	2.500998	
80	1	1.224193	24.646080	
