path18.200.txt
160
200
100 67
1	1	24.910850	15.725470	
2	1	4.793907	5.208382	
3	1	27.075140	6.230769	
4	1	10.882450	15.725470	
5	1	3.920115	5.032938	
6	2	2.355068	6.551830	1.456789	6.581021	
7	2	6.818451	2.198033	15.819610	0.896671	
8	1	17.481270	6.230769	
9	1	11.531370	1.014153	
10	2	5.839704	2.604391	3.920115	3.662815	
11	2	14.983210	9.956395	4.592869	1.886713	
12	1	0.578955	27.331560	
13	1	1.928842	10.050290	
14	1	29.124300	0.597669	
15	1	11.751490	1.233333	
16	1	2.055898	5.449999	
17	1	4.939088	2.846373	
18	1	0.533707	20.816380	
19	1	0.670491	19.542000	
20	1	3.359143	3.981211	
21	1	0.920263	12.220090	
22	1	0.698520	15.642250	
23	1	8.687046	1.047949	
24	1	7.299878	43.197850	
25	1	13.589380	3.682237	
26	1	2.985853	3.973852	
27	1	0.737306	23.008920	
28	1	1.061388	9.550242	
29	1	8.687046	1.126536	
30	1	6.818451	2.630021	
31	1	4.411267	4.087131	
32	1	9.669264	6.022965	
33	1	53.153630	1.141159	
34	1	2.761100	13.697940	
35	1	1.376657	8.028646	
36	1	1.427371	6.796590	
37	1	1.061388	8.259405	
38	1	2.185501	6.565748	
39	1	32.835810	0.364037	
40	1	9.615158	1.372639	
41	1	35.324400	7.355245	
42	2	8.058691	6.551830	29.847620	0.358843	
43	3	15.630530	12.402330	2.266268	6.565748	0.517966	17.375170	
44	3	7.962914	9.824217	5.504327	2.261383	1.430822	6.998742	
45	2	0.899171	43.197850	1.320804	10.768730	
46	1	21.954990	0.680667	
47	1	4.772445	2.319718	
48	1	3.085110	3.738622	
49	1	0.418595	26.182820	
50	1	13.358840	1.166177	
51	1	2.621071	6.565748	
52	1	1.270018	15.816190	
53	1	40.639520	0.622760	
54	1	3.085110	11.691130	
55	1	2.023088	4.357995	
56	1	1.123489	7.733153	
57	1	0.464719	35.169200	
58	1	8.687046	1.824212	
59	1	6.958260	1.572306	
60	1	10.987870	9.824217	
61	1	1.255904	7.621753	
62	1	4.801999	2.796823	
63	2	0.575915	26.182820	1.928842	5.765892	
64	1	31.490930	27.331560	
65	1	1.905381	4.889470	
66	1	2.775867	14.232630	
67	1	7.981651	1.823282	
68	1	13.358840	1.107292	
69	1	48.381190	1.088825	
70	1	58.971920	0.637058	
71	1	3.085110	4.169158	
72	1	11.751490	0.907878	
73	1	1.449034	6.998742	
74	1	6.958260	2.673646	
75	1	1.192335	15.816190	
76	2	29.847620	0.578050	1.841434	5.396650	
77	1	3.320257	12.402330	
78	1	2.775867	6.606209	
79	1	0.628733	43.197850	
80	1	9.453364	1.860969	
81	1	2.730429	15.642250	
82	1	8.142310	1.908417	
83	1	0.656083	43.197850	
84	1	9.669264	2.446221	
85	1	6.958260	26.418660	
86	1	19.914210	28.807570	
87	1	6.818451	4.874602	
88	1	0.592086	17.375170	
89	1	26.823800	2.432503	
90	1	13.589380	4.984825	
91	1	0.964950	11.739410	
92	1	1.913213	35.209610	
93	3	25.940780	0.585952	2.365391	6.275629	1.668290	7.733153	
94	1	29.847620	0.851626	
95	1	2.599310	6.910333	
96	1	4.592869	1.884714	
97	1	35.324400	6.904010	
98	1	3.175620	6.551830	
99	3	38.865000	14.390280	12.054440	2.141211	4.821251	2.817008	
100	3	1.136064	17.375170	2.488793	7.030149	4.821251	2.391374	
101	2	42.573770	0.485562	4.939088	3.505571	
102	1	0.920263	15.111480	
103	1	20.502970	15.725470	
104	3	66.357750	2.432503	4.329658	7.030149	9.453364	0.918647	
105	2	6.958260	6.257599	5.318376	2.141211	
106	2	2.059233	6.998742	3.459307	3.981211	
107	1	10.408690	0.896671	
108	1	0.911938	35.169200	
109	1	2.163221	20.838840	
110	1	0.962246	15.642250	
111	1	6.818451	2.501482	
112	2	25.156240	0.743769	24.315030	0.605331	
113	2	40.027920	2.367427	6.818451	2.224385	
114	3	44.556410	6.841538	1.518119	20.671050	0.651782	27.331560	
115	3	23.404580	0.700046	0.670491	23.655850	0.533707	22.381470	
116	1	2.455988	6.565748	
117	1	16.345470	0.896671	
118	3	4.939088	3.611666	3.097654	5.396650	13.358840	1.155398	
119	1	3.363891	9.388453	
120	1	1.913213	7.988237	
121	1	9.453364	0.989310	
122	1	13.589380	8.514476	
123	2	18.332400	0.622760	3.923310	2.639560	
124	2	9.232006	14.259250	1.983068	4.357995	
125	1	13.358840	1.228463	
126	1	12.737100	17.375170	
127	1	6.818451	6.143070	
128	1	5.572183	1.823282	
129	2	4.002093	7.621753	5.216534	1.908417	
130	1	5.839704	3.976629	
131	1	1.566991	20.671050	
132	1	4.651365	2.796823	
133	1	3.363891	33.809390	
134	1	3.426245	11.739410	
135	1	3.923310	3.019620	
136	1	3.085110	2.927881	
137	1	6.818451	4.146138	
138	1	4.913070	4.889470	
139	3	2.761100	29.499900	1.055130	31.349120	30.299610	0.585952	
140	1	2.495939	6.796590	
141	1	4.411267	3.534622	
142	1	3.832598	3.973852	
143	1	48.381190	1.230892	
144	1	40.027920	1.093449	
145	1	1.061388	8.373175	
146	1	42.502720	0.743769	
147	1	2.055898	11.565030	
148	1	9.669264	1.112155	
149	1	21.804620	0.680667	
150	1	2.599310	3.858392	
151	1	3.186003	23.008920	
152	1	11.531370	0.809129	
153	1	29.847620	0.950360	
154	1	1.131531	7.733153	
155	1	2.039138	6.581021	
156	1	32.835810	0.336009	
157	1	4.592869	2.504202	
158	3	1.055130	11.848730	2.812295	4.357995	4.164937	2.261383	
159	3	36.885280	15.725470	42.573770	0.441049	19.444590	0.605331	
160	1	1.034707	43.197850	
