path10.500.txt
400
500
100 88
1	1	3.988298	1.157248	
2	1	2.623411	6.263992	
3	1	8.551703	1.904354	
4	1	1.856595	5.030074	
5	1	10.810190	1.186973	
6	1	15.203700	0.710444	
7	1	25.712430	0.538723	
8	1	38.236720	0.505374	
9	1	19.307970	0.271938	
10	1	0.935902	5.165139	
11	1	15.163020	0.638618	
12	1	2.297423	5.533620	
13	1	0.912543	5.165139	
14	1	3.892438	4.761731	
15	1	0.756375	15.991520	
16	1	7.435997	1.393571	
17	1	3.338424	4.593804	
18	1	7.723479	1.492368	
19	1	7.206027	6.402693	
20	1	14.157980	0.333091	
21	1	0.989043	10.191850	
22	1	2.964996	4.089095	
23	1	4.060761	1.291069	
24	1	4.798045	5.405581	
25	1	1.215289	6.475336	
26	1	14.618830	0.665698	
27	1	4.371058	1.326221	
28	1	26.805150	0.389127	
29	1	6.318751	0.810094	
30	1	3.389734	2.786287	
31	1	19.059550	0.520270	
32	1	87.092440	1.164315	
33	1	7.547961	1.605364	
34	1	15.562570	2.923126	
35	3	12.217320	0.938514	15.203700	0.678310	10.019370	0.502568	
36	1	1.709438	2.986573	
37	1	11.314740	1.053612	
38	1	1.795758	5.728607	
39	1	18.806140	1.135003	
40	1	1.911715	8.817715	
41	1	0.595256	8.257900	
42	2	4.860852	4.089095	3.568935	2.960080	
43	1	7.423370	1.965782	
44	2	7.849826	2.576547	10.810190	0.466081	
45	1	3.809952	2.513788	
46	1	2.622685	7.218630	
47	1	2.108473	7.251145	
48	1	14.119690	0.890113	
49	1	3.911573	2.923126	
50	1	1.764653	6.442715	
51	1	3.621473	1.418458	
52	3	38.464210	0.823957	2.108524	4.803657	5.511422	0.983894	
53	1	8.653426	2.053134	
54	1	15.186210	1.492368	
55	1	12.217320	0.864989	
56	1	3.276647	3.061603	
57	1	1.466406	8.257900	
58	1	3.941130	2.498410	
59	1	8.421777	0.772073	
60	1	25.010970	0.525560	
61	1	3.710452	1.327149	
62	1	10.810190	1.393179	
63	1	15.880490	0.748941	
64	1	0.673592	8.471907	
65	1	2.581484	2.930341	
66	1	0.949151	12.174380	
67	2	8.122818	0.678043	21.556250	0.232263	
68	2	0.701514	7.251145	6.791238	0.675796	
69	1	24.749240	0.544395	
70	1	6.729802	0.793131	
71	1	14.211320	0.321813	
72	1	14.157980	0.643278	
73	4	11.371300	4.048265	14.195010	1.091473	2.109324	2.920518	2.007971	2.273378	
74	1	18.111480	0.775820	
75	1	5.047086	5.405581	
76	1	14.888320	1.418458	
77	1	4.541398	1.090283	
78	1	2.654517	5.618675	
79	1	1.911715	5.554061	
80	1	18.111480	0.751804	
81	1	4.060761	3.302735	
82	1	10.019370	1.179892	
83	1	0.835925	9.990853	
84	1	11.357520	2.478646	
85	1	0.809554	10.627090	
86	1	3.398713	2.922606	
87	1	6.596791	2.740725	
88	1	3.568935	3.154377	
89	1	11.262060	2.117240	
90	1	25.313760	0.294249	
91	1	1.073562	8.186966	
92	1	15.018810	0.648892	
93	1	0.806531	14.371780	
94	1	18.111480	0.412613	
95	1	2.037497	7.218630	
96	1	48.001370	1.221331	
97	1	3.547577	1.566079	
98	1	34.523080	1.792258	
99	1	6.379191	8.059946	
100	1	0.881622	12.174380	
101	1	2.417720	4.524420	
102	1	7.543696	1.090283	
103	1	4.697025	12.542180	
104	3	11.917350	1.312093	2.816803	4.761731	15.163020	0.345276	
105	1	1.412472	9.906597	
106	1	7.493410	1.302179	
107	1	5.848029	2.384555	
108	2	0.456717	21.676020	2.133129	4.048265	
109	1	12.147420	0.926735	
110	2	87.092440	2.001890	15.096410	0.660953	
111	2	0.704410	14.309770	13.260090	0.696027	
112	1	5.346171	2.828437	
113	1	7.902716	2.188191	
114	2	71.483240	5.309898	7.134571	0.696342	
115	1	2.577387	7.182016	
116	1	11.917350	1.259345	
117	1	6.596791	2.545201	
118	3	2.173416	4.524420	20.891220	0.467168	17.000560	0.520311	
119	2	18.806140	0.815666	6.540397	1.898277	
120	2	3.128913	4.761731	5.735700	0.878361	
121	1	18.806140	0.754782	
122	3	7.493410	1.694901	6.653074	1.881709	2.319119	3.649653	
123	1	2.209791	6.475336	
124	1	9.773479	1.965782	
125	1	1.583925	7.058623	
126	1	2.120049	3.131419	
127	1	11.681220	0.881861	
128	1	1.062395	10.627090	
129	1	6.982141	5.285926	
130	1	19.725990	0.498649	
131	1	5.827668	1.052387	
132	1	12.224780	6.803973	
133	1	6.418929	1.199828	
134	1	4.264250	2.233603	
135	2	9.671175	1.053612	9.430052	1.074955	
136	2	2.623411	9.727530	2.109324	5.155482	
137	1	66.502240	1.274142	
138	1	7.393084	1.288051	
139	1	20.786050	8.074664	
140	1	12.147420	2.078129	
141	1	1.733113	2.726163	
142	2	4.711408	5.285926	8.193257	0.871184	
143	1	29.879320	0.592332	
144	1	9.250936	1.091473	
145	1	27.224720	1.023969	
146	4	20.325370	1.369150	15.203700	0.685911	1.764653	5.744845	7.493410	0.690397	
147	1	8.978680	0.715287	
148	2	5.108162	2.957894	3.726856	4.023396	
149	1	0.700174	14.309770	
150	1	3.848682	5.728607	
151	1	25.010970	0.430749	
152	1	47.929370	4.150489	
153	1	18.014080	0.712132	
154	1	7.822833	1.386078	
155	1	12.467380	0.678043	
156	1	13.329750	0.881861	
157	1	7.801617	1.671198	
158	1	1.587037	12.542180	
159	1	3.793420	2.835224	
160	2	4.219806	2.350125	10.447230	0.467185	
161	3	8.421777	1.685244	5.848029	1.735227	7.090253	1.418134	
162	1	6.379191	2.567140	
163	2	11.522710	0.552750	3.608219	1.401351	
164	1	3.458426	1.838096	
165	1	5.092613	3.502797	
166	1	10.111760	4.119782	
167	1	1.073562	7.804554	
168	1	14.157980	0.881379	
169	1	2.315062	4.128757	
170	1	0.679829	10.191850	
171	1	4.568888	2.338622	
172	1	26.330380	2.923126	
173	1	1.026904	7.182016	
174	1	3.006217	2.923126	
175	1	19.059550	0.947751	
176	1	6.720745	2.619294	
177	1	2.303653	2.672378	
178	1	14.157980	0.329746	
179	1	2.040819	4.119782	
180	1	19.219900	0.744787	
181	1	14.157980	0.343546	
182	1	9.955180	0.576689	
183	1	7.493410	1.389393	
184	1	0.940729	14.371780	
185	1	34.523080	0.706153	
186	1	18.928750	0.518595	
187	1	2.207061	5.319610	
188	1	1.151834	5.392445	
189	1	7.425345	0.648892	
190	3	0.855671	21.676020	10.474400	1.221062	2.733389	3.256414	
191	1	61.005970	5.577812	
192	1	17.350340	0.654930	
193	1	14.864510	0.354257	
194	1	18.111480	12.793750	
195	1	15.312890	0.990560	
196	1	18.806140	1.783642	
197	1	10.362560	1.023969	
198	1	4.247624	3.131419	
199	1	17.313820	0.654930	
200	1	10.648770	3.560891	
201	3	5.241348	2.930341	4.603344	3.061603	5.143976	1.052387	
202	4	2.482612	4.803657	2.072676	4.616301	10.870090	0.739720	9.955180	0.667525	
203	1	5.820336	3.496585	
204	1	12.063780	2.923126	
205	1	8.909070	1.489066	
206	1	10.285450	0.929192	
207	1	10.905660	1.112944	
208	1	25.313760	0.417883	
209	1	9.189618	1.042451	
210	3	10.912790	12.542180	2.028508	9.328077	2.149447	4.761731	
211	2	12.735730	1.418458	6.190488	0.983894	
212	1	1.772889	7.834433	
213	5	10.921500	1.623309	10.217710	1.221062	1.140741	10.191850	2.109324	5.344878	8.108671	1.077725	
214	1	6.005809	1.341712	
215	4	2.848577	4.616301	0.762946	15.434450	1.848969	5.728607	19.307970	0.246657	
216	1	13.861690	6.803973	
217	1	4.716134	5.392445	
218	1	25.020980	0.714127	
219	1	8.853790	0.585218	
220	1	87.092440	1.335133	
221	1	1.676427	8.552844	
222	1	1.102320	8.257900	
223	1	1.964157	8.257900	
224	2	4.660182	5.328100	2.315062	4.129143	
225	1	6.136743	2.553867	
226	1	12.336360	5.405581	
227	1	1.476270	7.182016	
228	1	17.000560	0.545191	
229	4	2.950412	7.488557	7.822833	1.217201	1.021759	7.251145	1.733113	3.276535	
230	1	2.247821	7.058623	
231	1	6.874401	1.393571	
232	1	15.013350	2.743063	
233	1	11.420490	0.929192	
234	1	3.710452	1.249398	
235	7	17.460350	2.338001	3.699630	9.935993	15.639930	1.447471	19.059550	0.601579	2.581154	2.923126	3.914688	1.326221	6.729802	0.738376	
236	1	39.163070	4.150489	
237	2	7.547961	1.669978	4.874200	1.566079	
238	2	7.285215	1.898277	5.462231	1.838096	
239	1	17.460350	2.321332	
240	1	14.864510	0.385463	
241	1	2.161536	5.319610	
242	1	6.549726	2.478646	
243	1	3.408834	1.369150	
244	2	6.282234	1.572163	10.663230	0.451995	
245	3	6.571517	8.074664	18.806140	1.194234	12.037430	0.585218	
246	1	19.126330	0.847187	
247	1	9.085219	1.221331	
248	3	9.955180	6.195595	3.692419	4.048265	24.175990	0.461058	
249	3	10.256270	11.685170	14.541650	0.552750	2.387328	2.986573	
250	2	26.805150	0.377854	2.109324	2.350610	
251	1	14.157980	0.744301	
252	1	8.193257	1.907059	
253	1	3.418639	1.418458	
254	1	4.096766	2.547048	
255	1	1.397142	9.906597	
256	1	1.080580	4.761731	
257	1	14.310400	2.258341	
258	1	3.799408	1.206144	
259	2	6.261684	1.447471	3.870341	1.235543	
260	1	8.287780	1.489066	
261	1	7.747117	2.478646	
262	1	10.106960	1.341712	
263	1	2.852584	4.137097	
264	1	25.010970	0.440835	
265	1	5.735700	1.460261	
266	1	1.848445	6.839521	
267	1	5.084126	1.199828	
268	1	3.296667	1.838096	
269	1	1.842585	9.990853	
270	1	7.206027	3.533300	
271	1	71.483240	6.369323	
272	1	25.400190	4.659333	
273	1	2.282342	8.257900	
274	1	38.464210	2.083214	
275	1	6.196897	1.447471	
276	1	1.764653	9.488463	
277	1	9.955180	4.239412	
278	1	15.416890	1.326221	
279	1	1.676427	7.438677	
280	1	18.806140	0.732542	
281	2	18.306850	0.714127	4.563405	1.157248	
282	1	7.778268	1.637281	
283	1	1.894832	2.478646	
284	1	2.303653	3.871654	
285	1	0.309328	15.991520	
286	1	0.413938	15.385410	
287	1	7.090253	1.542694	
288	1	0.368672	15.385410	
289	1	2.109324	5.904536	
290	1	8.643565	0.562911	
291	1	7.435167	0.648892	
292	1	15.759630	0.890113	
293	2	7.274262	1.326221	21.556250	0.219732	
294	1	13.063450	1.455377	
295	1	1.863487	5.149935	
296	1	13.399470	1.187911	
297	3	4.998974	2.259846	4.939303	2.233603	2.482607	4.089095	
298	2	7.778268	1.272609	3.331011	2.786287	
299	1	24.749240	0.547078	
300	1	14.618830	0.735653	
301	2	11.892400	2.957894	5.930077	1.682303	
302	1	3.094930	5.149935	
303	1	15.312890	1.840910	
304	1	0.874712	15.991520	
305	1	2.985095	3.256414	
306	1	13.260090	0.645685	
307	1	2.555092	4.089095	
308	1	7.657324	1.881709	
309	1	3.124512	1.623309	
310	1	6.010262	1.395354	
311	1	0.983232	7.182016	
312	1	12.147420	1.084231	
313	1	3.870341	1.243103	
314	1	7.961834	0.696342	
315	1	6.136743	2.979754	
316	1	1.474302	3.649653	
317	1	25.130650	0.739720	
318	1	4.402904	2.922606	
319	1	2.809614	6.102754	
320	2	22.784170	4.593804	10.019370	0.551143	
321	1	21.086670	3.256414	
322	2	25.010970	0.915307	6.779794	2.576547	
323	1	15.794530	1.221331	
324	1	7.090253	2.431616	
325	1	25.284640	0.810094	
326	1	1.021250	9.328077	
327	1	5.240496	2.233603	
328	1	7.778268	1.493369	
329	1	20.590200	0.596099	
330	1	2.809614	2.974549	
331	1	10.450980	0.451995	
332	1	19.059550	0.501839	
333	1	3.022786	4.761731	
334	3	8.193257	1.815562	14.211320	0.899518	15.532430	0.562911	
335	1	6.938822	2.478646	
336	5	2.720846	6.002698	2.654517	5.008411	9.189618	1.436194	7.816830	0.810094	2.809614	1.644114	
337	1	19.573700	0.810094	
338	1	11.754470	1.492368	
339	1	2.827395	1.623309	
340	2	8.121666	1.199828	1.624115	4.119782	
341	1	11.374850	0.931656	
342	2	0.653929	15.385410	2.020510	4.761731	
343	2	4.215721	2.923126	6.282234	1.930634	
344	1	9.814781	1.500132	
345	2	11.486430	0.450213	0.673592	6.962547	
346	1	18.111480	0.282025	
347	1	3.068102	8.257900	
348	2	4.664122	3.560891	6.513474	2.233603	
349	1	6.729802	2.491889	
350	2	58.993920	0.637377	2.150306	6.544032	
351	2	14.755530	0.715287	7.393084	1.288497	
352	1	7.825470	1.401351	
353	1	9.064486	1.237250	
354	1	26.092380	0.538723	
355	1	77.277660	1.500132	
356	1	4.433620	2.350125	
357	1	7.296071	4.616301	
358	3	23.640640	0.744787	9.382814	1.682303	10.061840	1.237250	
359	1	16.417710	0.914383	
360	1	6.791238	1.900751	
361	1	1.830773	9.501640	
362	1	17.196850	1.630736	
363	1	7.177580	2.478646	
364	1	2.791959	2.273378	
365	1	4.998974	3.026080	
366	1	13.063450	1.058411	
367	2	3.716182	4.023396	3.793420	3.405772	
368	1	3.793420	2.656080	
369	1	19.725990	0.769835	
370	1	0.378277	15.991520	
371	1	3.320348	1.401351	
372	4	61.005970	1.226161	4.687012	4.593804	5.346171	2.321499	1.535042	3.131419	
373	2	12.085090	0.807994	3.799408	1.370404	
374	1	8.306466	1.187911	
375	1	18.806140	2.110789	
376	1	1.946606	2.478646	
377	1	8.062410	2.576547	
378	1	9.430052	1.042285	
379	1	1.848445	9.671364	
380	1	11.464980	1.052387	
381	1	12.877250	1.077725	
382	1	7.577763	9.990853	
383	1	3.568935	5.564764	
384	1	6.010262	0.878024	
385	1	15.880490	0.608354	
386	1	1.020517	9.328077	
387	1	2.597618	7.182016	
388	1	25.740450	0.552750	
389	1	1.573036	5.030074	
390	1	10.447230	0.447198	
391	1	1.755177	14.371780	
392	1	4.217336	2.923126	
393	1	11.374850	0.851473	
394	1	2.390705	5.030074	
395	1	7.493410	3.566299	
396	1	1.652191	7.834433	
397	1	2.085091	11.679220	
398	1	20.692110	0.685093	
399	1	15.203700	0.848461	
400	1	13.524540	0.450213	
