path22.25.txt
20
25
100 100
1	1	100.000000	7.797902	
2	1	25.683050	6.992200	
3	1	12.801890	8.309081	
4	1	74.316960	5.924687	
5	1	95.113560	24.666770	
6	1	87.198100	4.320868	
7	1	32.419710	9.019436	
8	1	87.198100	1.339948	
9	1	4.886444	68.547610	
10	1	47.259280	2.587442	
11	1	100.000000	2.342786	
12	1	50.122540	9.019436	
13	1	25.467020	1.356305	
14	1	100.000000	1.185170	
15	2	74.316960	1.067512	27.273700	1.356305	
16	1	95.113560	34.861400	
17	4	100.000000	1.210672	100.000000	1.027139	43.117140	1.589553	44.080960	0.756292	
18	1	12.571300	9.019436	
19	2	87.198100	1.058712	44.080960	0.833261	
20	1	52.740720	1.231137	
