path17.200.txt
160
200
100 60
1	1	6.066319	2.812364	
2	1	0.747730	59.220400	
3	1	15.701030	1.295306	
4	1	33.359780	32.439490	
5	1	3.837407	4.499069	
6	1	1.813070	14.729580	
7	1	3.004929	7.539984	
8	1	11.308690	1.853331	
9	1	15.011630	1.118850	
10	1	2.197236	9.733977	
11	1	13.025520	1.137531	
12	1	7.180179	3.009264	
13	1	7.006729	1.921160	
14	1	18.496290	1.396716	
15	1	12.329490	1.743125	
16	1	4.851186	2.671975	
17	1	13.025520	1.048088	
18	1	11.462570	1.655660	
19	1	6.457501	5.685200	
20	1	1.296045	33.727410	
21	1	1.268728	16.310860	
22	1	3.165186	5.129719	
23	1	29.232040	5.056996	
24	1	10.838710	1.447627	
25	1	1.083362	15.705260	
26	1	2.635227	9.621686	
27	1	4.372330	11.104900	
28	1	4.836032	4.381611	
29	1	16.769630	1.247788	
30	1	6.589428	2.285544	
31	1	0.651708	30.371550	
32	1	2.003221	19.459420	
33	1	0.986342	19.459420	
34	1	10.838710	1.526991	
35	1	0.616609	35.642670	
36	1	1.946729	14.666290	
37	1	10.703920	1.989408	
38	1	3.294662	5.941349	
39	1	9.683662	4.900105	
40	1	1.026338	15.131500	
41	1	10.091650	1.655660	
42	1	33.359780	0.460969	
43	1	12.103680	3.009264	
44	1	18.496290	0.722859	
45	1	30.051730	40.779600	
46	1	1.813070	7.647531	
47	1	0.618823	20.946580	
48	1	4.111120	8.130278	
49	1	3.823327	6.260994	
50	1	1.499320	20.946580	
51	1	7.006729	3.614728	
52	1	1.534536	9.424971	
53	1	5.120214	11.796880	
54	1	10.447090	3.780526	
55	1	2.186249	6.198734	
56	1	10.270690	1.655660	
57	1	10.735750	1.248109	
58	1	6.337406	3.518397	
59	1	4.851186	3.013226	
60	1	11.430010	4.684566	
61	1	5.972135	3.009264	
62	1	6.824118	3.434279	
63	1	4.774807	3.311063	
64	1	4.908855	3.311063	
65	1	12.982060	1.118850	
66	1	10.447090	14.788590	
67	1	6.472655	2.512200	
68	1	3.100919	6.090822	
69	2	5.901784	5.283453	7.129691	3.766110	
70	1	10.703920	1.347230	
71	2	10.447090	3.579821	10.703920	3.197586	
72	2	27.086990	2.747719	1.047934	21.363390	
73	1	0.853660	31.260850	
74	3	9.683662	1.788704	12.067210	1.354265	4.178997	3.766110	
75	1	4.612363	9.851899	
76	1	20.057020	3.009264	
77	1	3.683562	6.581269	
78	1	27.993690	0.469106	
79	2	1.569277	18.878210	5.758151	3.859432	
80	1	0.853660	27.959550	
81	2	0.696110	33.727410	17.495740	0.826948	
82	1	4.351181	4.355507	
83	3	5.052556	16.612930	3.191170	9.851899	27.993690	0.698513	
84	1	3.165186	8.698416	
85	1	8.570882	1.655660	
86	4	1.832191	16.310860	16.769630	1.726830	1.432818	17.762860	1.235285	13.751660	
87	1	2.635227	5.509816	
88	3	2.582785	7.309486	2.278536	6.033888	8.121133	1.655660	
89	2	46.084190	27.386340	2.954590	6.186153	
90	4	5.758151	4.105743	12.067210	1.550693	10.735750	1.653431	5.000523	2.812364	
91	1	10.703920	2.246913	
92	1	52.235010	3.654891	
93	1	13.025520	1.070294	
94	1	9.683662	1.797011	
95	1	3.004929	6.288151	
96	1	5.206421	11.851210	
97	1	12.292660	1.295306	
98	1	9.452520	2.764009	
99	5	2.808187	13.199800	4.351181	5.263958	6.071113	3.654891	4.533065	4.327916	2.582785	5.299201	
100	1	12.826270	6.295014	
101	1	11.649770	3.009264	
102	1	4.836032	4.316743	
103	1	2.013015	6.554519	
104	1	0.871501	15.131500	
105	2	0.616609	23.577730	18.496290	0.781964	
106	2	6.924490	5.283453	1.569277	8.073254	
107	3	5.052556	17.114480	10.627540	6.973775	2.669175	6.581269	
108	1	3.518065	6.186153	
109	1	12.067210	1.706922	
110	2	11.587170	1.695017	3.100919	4.549783	
111	1	27.993690	1.101009	
112	2	3.942345	5.535889	1.995584	7.254881	
113	1	7.707417	6.068276	
114	1	11.308690	1.694626	
115	1	6.589428	2.766569	
116	1	5.675156	3.416394	
117	1	1.308267	13.828140	
118	1	2.169447	6.198734	
119	1	0.863367	15.705260	
120	1	10.370810	3.255912	
121	1	0.451672	30.371550	
122	1	4.324110	4.499069	
123	1	1.995584	12.204540	
124	2	2.863741	6.198734	3.822956	3.654891	
125	2	4.331657	9.424971	5.758151	2.442879	
126	3	6.420877	3.654891	5.729807	3.518397	10.703920	1.604962	
127	2	7.219436	5.529254	1.149966	17.762860	
128	1	27.086990	2.413084	
129	3	27.993690	0.831763	3.479093	5.535889	1.813070	7.994432	
130	3	11.430010	3.445712	10.304550	1.655660	2.030715	6.260994	
131	1	5.633532	3.416394	
132	1	3.147170	4.499069	
133	1	9.452520	3.304267	
134	1	2.927885	6.033888	
135	1	5.826890	3.792628	
136	1	1.572902	13.751660	
137	1	21.038360	8.800568	
138	2	3.073536	30.371550	6.589428	4.799786	
139	1	3.748051	20.946580	
140	1	11.587170	1.314248	
141	1	25.045830	13.393260	
142	1	2.532228	5.941349	
143	1	27.086990	4.573174	
144	1	6.257023	6.260994	
145	1	3.803425	3.434279	
146	1	2.379184	22.148940	
147	1	2.317101	6.260994	
148	1	12.329490	1.069238	
149	1	1.047934	12.364020	
150	1	36.569290	1.370918	
151	1	27.993690	0.553729	
152	1	1.458173	9.733977	
153	3	6.352737	3.038196	0.492795	33.727410	15.864040	0.826948	
154	1	2.739531	33.727410	
155	1	9.728477	1.655660	
156	1	2.013015	11.330570	
157	1	4.135162	9.851899	
158	1	11.038930	33.727410	
159	1	21.038360	4.592690	
160	1	1.185707	19.459420	
