path1.25.txt
20
25
100 100
1	1	68.198330	2.051177	
2	1	18.443390	1.748960	
3	1	3.947375	25.809700	
4	1	29.664580	64.659400	
5	1	70.335420	2.436572	
6	1	29.664580	3.739932	
7	1	70.335420	34.549190	
8	1	34.036860	1.748960	
9	1	41.204610	13.564650	
10	1	29.664580	1.735629	
11	1	3.947375	6.242819	
12	1	29.664580	1.250198	
13	3	16.732200	29.675930	32.430660	1.379453	15.718090	1.748960	
14	1	41.204610	18.487870	
15	1	32.430660	0.848866	
16	1	31.137650	2.346882	
17	2	5.538497	32.052520	2.912739	32.052520	
18	1	16.732200	2.376595	
19	3	100.000000	22.586380	39.197770	2.346882	35.767670	2.228320	
20	1	31.801670	6.028456	
