path4.500.txt
400
500
100 85
1	1	1.251427	6.506131	
2	1	0.290600	19.991500	
3	1	0.720766	11.062030	
4	1	12.388810	0.607611	
5	1	1.813799	3.843423	
6	1	2.519060	2.277480	
7	1	12.918420	0.566028	
8	1	1.429575	4.360635	
9	1	1.454739	11.149310	
10	1	15.167130	0.886165	
11	1	2.619694	6.671135	
12	1	4.533597	10.688150	
13	1	12.483160	0.751320	
14	1	2.521152	10.520220	
15	1	1.522928	13.017950	
16	1	1.158442	4.835224	
17	1	1.240413	8.355457	
18	1	16.742130	0.371734	
19	1	1.726359	4.835224	
20	1	17.556810	31.879010	
21	1	11.271230	19.893000	
22	1	10.338950	0.746714	
23	1	20.519870	1.564904	
24	1	0.450235	21.661690	
25	1	0.432472	25.905550	
26	1	1.762343	6.148978	
27	1	0.745536	10.520220	
28	1	1.677056	8.659718	
29	1	22.801030	0.362642	
30	1	2.307423	3.186263	
31	1	18.949800	3.351344	
32	1	55.817780	0.883915	
33	1	7.714117	0.962885	
34	1	0.978010	7.462623	
35	1	1.819633	3.140076	
36	1	2.475080	2.282282	
37	1	31.957860	8.659718	
38	3	84.829650	2.323795	2.378182	4.248100	5.791404	1.073654	
39	2	7.356105	0.932915	0.794034	7.492998	
40	1	17.602090	0.801706	
41	1	4.182491	1.839842	
42	1	17.202070	0.816696	
43	1	4.402014	2.402869	
44	1	0.935225	10.524840	
45	1	7.286477	1.286591	
46	1	0.298344	25.905550	
47	3	12.046770	1.623495	11.223070	0.922224	24.939670	0.249751	
48	2	4.911146	1.761031	21.974610	0.365990	
49	1	2.663940	2.582858	
50	2	5.964880	1.435127	7.907379	0.886165	
51	1	24.946700	4.360635	
52	1	10.694260	0.757848	
53	1	6.565405	1.448345	
54	3	4.911146	2.454047	0.805099	10.270540	8.422701	0.682926	
55	1	3.475741	2.059174	
56	4	33.234260	2.408551	4.911110	1.721783	0.769780	10.520220	7.886519	0.883915	
57	1	2.632493	5.946128	
58	1	0.896026	6.506131	
59	1	9.495418	0.871730	
60	1	19.407830	0.581177	
61	1	2.812274	2.224039	
62	3	6.772782	2.630592	3.344575	2.205426	15.316210	0.371734	
63	1	9.081933	2.630592	
64	1	0.741759	9.269024	
65	1	12.918420	0.546746	
66	2	12.021760	1.096349	2.779728	2.110959	
67	1	7.440532	0.939816	
68	5	2.900333	3.656955	10.102910	1.007139	1.324056	5.605371	0.442569	13.216320	2.939207	1.931916	
69	1	11.063490	0.883915	
70	1	12.205980	0.801706	
71	1	0.794034	7.249271	
72	1	2.541988	8.758545	
73	1	3.145936	2.221910	
74	1	0.876945	6.506131	
75	1	4.117365	2.356784	
76	3	3.537937	2.410484	4.630472	1.659767	5.791404	1.285743	
77	1	0.850753	8.097147	
78	2	1.977785	4.360635	2.519060	2.353134	
79	2	16.058730	2.974184	1.297340	6.148978	
80	1	7.356105	0.845985	
81	1	2.806551	6.504101	
82	1	15.782260	0.672911	
83	1	9.629046	0.750174	
84	1	4.453058	1.584215	
85	1	4.322524	1.474333	
86	3	8.463895	1.276867	11.234000	0.784536	2.092882	3.971566	
87	1	9.228553	1.054628	
88	2	4.916578	2.630592	7.435030	1.045884	
89	6	19.484210	0.866676	1.168541	9.269024	2.498619	4.248100	11.802140	0.853483	9.228553	0.781726	0.693170	8.355457	
90	1	5.651620	3.464143	
91	3	25.232210	0.516979	2.897621	3.294009	0.716926	8.267924	
92	3	2.295331	4.642093	4.529259	2.146476	1.467383	3.851203	
93	1	5.651620	1.814930	
94	1	5.681275	13.926110	
95	1	0.753640	9.269024	
96	3	33.144150	0.746714	3.496768	2.487198	4.317443	1.721783	
97	1	1.269639	6.894225	
98	1	17.303720	0.612041	
99	3	4.050737	2.217278	9.378602	0.866676	3.707011	1.839842	
100	1	0.746239	10.688150	
101	1	0.767047	18.558640	
102	1	21.974610	0.494619	
103	1	7.435030	1.159541	
104	1	3.915156	16.661260	
105	1	6.565405	15.618040	
106	1	5.701790	20.521830	
107	1	15.406710	4.127392	
108	1	6.436795	1.286591	
109	1	25.054210	2.410484	
110	1	2.420423	4.630614	
111	1	46.633540	1.083832	
112	1	3.044513	2.630592	
113	1	1.217828	7.452593	
114	1	6.864383	1.523522	
115	1	8.558407	4.360635	
116	1	2.269871	9.068770	
117	1	30.204970	1.286591	
118	1	0.836203	8.659718	
119	1	0.559801	14.474850	
120	1	1.687416	11.062030	
121	1	24.399710	0.381344	
122	1	12.811990	0.575131	
123	1	4.630472	1.854649	
124	1	4.470508	1.597198	
125	1	7.714117	1.467110	
126	1	3.438350	2.356784	
127	1	2.663940	3.833745	
128	1	8.496363	1.047275	
129	1	2.072648	2.974184	
130	1	10.124010	0.795738	
131	1	0.709055	15.832580	
132	1	0.887082	6.506131	
133	1	6.300215	1.088522	
134	1	12.669260	0.612041	
135	1	19.407830	0.358639	
136	1	4.322280	1.584640	
137	1	9.228553	1.045372	
138	1	6.729284	1.101023	
139	1	21.974610	0.477496	
140	1	2.028147	4.776309	
141	1	6.128280	4.248100	
142	1	8.702719	2.630592	
143	1	2.291478	4.401830	
144	1	1.726152	4.248100	
145	1	11.234000	1.102282	
146	1	8.275774	0.682926	
147	1	1.197759	9.753254	
148	1	0.935225	11.136860	
149	1	6.352188	1.292506	
150	1	4.496963	1.538754	
151	1	1.526226	5.012350	
152	1	5.822315	1.298226	
153	1	1.444943	3.997509	
154	1	3.024805	3.351344	
155	1	1.337865	7.839434	
156	1	6.396536	1.759196	
157	1	43.207610	0.449046	
158	1	8.446737	1.083832	
159	1	1.111379	7.266165	
160	1	43.207610	0.645262	
161	1	0.511811	13.320720	
162	1	11.234000	0.523666	
163	1	1.766346	6.894225	
164	1	21.974610	0.297639	
165	1	3.266821	2.246001	
166	1	10.694260	0.648732	
167	1	15.747120	4.499285	
168	1	5.623111	1.644476	
169	1	9.629046	1.012117	
170	1	4.911146	1.211384	
171	1	16.456250	0.375795	
172	1	4.322524	1.511886	
173	1	0.794034	9.319755	
174	2	28.758990	0.410749	3.104696	3.328247	
175	1	10.694260	1.003904	
176	1	1.522928	5.349731	
177	1	1.722197	19.991500	
178	1	4.998455	1.538754	
179	1	15.782260	0.836943	
180	1	2.082528	2.974184	
181	1	9.760767	17.598640	
182	1	13.424080	0.424243	
183	1	1.041890	8.097147	
184	1	2.566703	2.980507	
185	1	33.234260	1.952084	
186	1	10.102910	4.319231	
187	1	2.275870	4.642093	
188	1	8.544025	1.110124	
189	1	7.114965	1.096349	
190	1	0.978010	7.012224	
191	1	1.878186	3.149350	
192	1	5.304481	2.129687	
193	1	12.307350	0.455706	
194	1	4.967521	2.205426	
195	1	4.545304	2.599428	
196	1	2.307423	2.715457	
197	1	21.063610	1.083832	
198	1	13.636930	3.119454	
199	1	0.428889	17.159840	
200	1	5.032173	4.776309	
201	1	3.938166	7.393405	
202	1	1.455324	7.266165	
203	1	0.646732	9.753254	
204	1	9.826483	1.101023	
205	1	2.072043	4.065899	
206	1	2.164186	3.456181	
207	1	0.398729	30.178900	
208	1	8.152268	1.029253	
209	1	0.418441	18.558640	
210	1	2.188030	19.893000	
211	1	22.801030	0.477907	
212	1	5.922962	1.286591	
213	1	4.889308	14.474850	
214	1	2.663940	2.682057	
215	1	48.484550	2.037276	
216	1	1.222005	10.688150	
217	1	25.193450	0.403511	
218	1	7.536643	1.365456	
219	1	0.752262	8.355457	
220	1	1.010543	8.607001	
221	1	0.525295	10.688150	
222	1	8.037027	3.119454	
223	1	3.206252	2.221910	
224	1	11.050560	0.866676	
225	1	9.629046	1.939517	
226	1	0.426758	16.661260	
227	1	10.440390	8.659718	
228	1	0.442569	12.689230	
229	1	48.484550	0.727944	
230	1	2.566703	4.444848	
231	1	14.865900	0.647534	
232	1	12.884710	1.094308	
233	1	10.102910	1.145317	
234	1	0.307132	21.661690	
235	1	18.870720	0.388709	
236	1	24.939670	0.251260	
237	1	4.272921	2.356784	
238	1	5.733404	12.892610	
239	1	3.475741	5.349513	
240	1	7.927351	0.866676	
241	1	5.232884	1.202961	
242	1	1.150904	11.118560	
243	1	3.368447	2.146476	
244	1	0.919647	10.520220	
245	1	43.483110	0.539878	
246	1	7.430902	1.597198	
247	1	7.536643	1.661717	
248	1	9.401290	0.853483	
249	1	2.539417	4.248100	
250	1	1.524517	19.893000	
251	1	25.193450	4.279446	
252	1	2.421423	2.974184	
253	1	15.882940	0.516770	
254	1	4.850561	1.449037	
255	1	3.475741	2.344567	
256	1	0.400319	26.442850	
257	1	7.356105	0.820528	
258	1	12.821070	0.439944	
259	1	11.046180	0.700417	
260	1	5.681275	1.875124	
261	1	5.953404	2.146476	
262	1	2.602289	3.294009	
263	1	27.034060	20.521830	
264	1	21.974610	0.568041	
265	1	5.791404	1.148748	
266	1	5.471543	1.523522	
267	1	4.764465	1.581649	
268	1	10.914400	0.539380	
269	1	1.570851	9.753254	
270	1	10.124010	0.848738	
271	1	0.950137	6.506131	
272	1	13.130830	0.853483	
273	1	1.582422	6.010677	
274	1	0.716926	10.099760	
275	1	1.819633	3.631166	
276	1	2.307423	2.453737	
277	1	1.022376	10.520220	
278	1	3.104696	4.124346	
279	1	1.314862	5.219278	
280	1	3.496768	2.399762	
281	1	1.444943	3.944417	
282	1	0.910601	9.596413	
283	1	9.847665	0.865184	
284	1	2.588207	4.127392	
285	1	7.737069	1.112774	
286	1	2.847364	2.146476	
287	1	13.424080	0.442432	
288	1	6.182945	1.088522	
289	1	10.524090	0.612041	
290	1	3.496768	1.784175	
291	1	2.633425	6.771242	
292	3	9.228553	0.934612	0.794034	10.857780	2.276141	3.120105	
293	1	17.202070	1.018255	
294	1	2.621674	2.653635	
295	1	2.900333	2.340114	
296	1	15.188470	0.551876	
297	1	8.463895	1.750962	
298	1	3.838514	1.540146	
299	1	1.480762	26.442850	
300	1	17.952370	0.384680	
301	1	6.335751	1.453703	
302	1	4.764465	1.932767	
303	1	0.511811	12.584820	
304	1	7.714117	1.766631	
305	1	5.232884	1.207523	
306	1	0.413711	25.905550	
307	4	3.617391	3.971566	1.010543	13.054690	0.794034	8.589425	12.886100	0.467776	
308	1	12.046770	0.656901	
309	1	2.291478	3.231862	
310	1	2.541988	9.609140	
311	1	5.681275	10.104310	
312	1	14.865900	0.627340	
313	1	23.966120	0.484307	
314	1	2.632493	9.434691	
315	1	1.087543	10.270540	
316	1	0.446034	21.661690	
317	1	4.740849	4.776309	
318	1	2.621674	2.647309	
319	1	2.072043	5.002872	
320	1	21.673950	1.128646	
321	1	59.120580	2.630592	
322	1	10.914400	0.544452	
323	1	2.636157	4.360635	
324	1	10.544140	0.886165	
325	1	2.475080	2.359810	
326	2	2.837134	3.290150	4.850561	1.181555	
327	1	6.901459	3.971566	
328	1	16.530950	0.484307	
329	1	6.396536	1.530954	
330	1	41.118580	3.971566	
331	1	14.619600	0.551876	
332	2	11.849340	1.094308	2.812274	3.055034	
333	3	0.587814	17.159840	4.322280	1.564710	0.323594	19.991500	
334	2	12.722150	4.127392	17.952370	1.616997	
335	1	1.150904	7.440084	
336	1	74.767790	1.010601	
337	1	2.291478	4.367988	
338	2	5.925872	4.248100	2.018780	4.127392	
339	2	32.058340	0.346779	24.399710	0.303572	
340	2	8.103507	1.112774	15.022810	0.573527	
341	1	15.345790	0.464789	
342	2	2.051830	15.380820	1.881575	4.630614	
343	2	0.843206	9.753254	17.952370	0.408808	
344	2	12.941700	0.614757	3.266821	2.002099	
345	1	5.027838	12.892610	
346	1	2.354594	7.941258	
347	1	2.295896	3.149350	
348	1	1.282231	6.148978	
349	1	12.886100	0.443632	
350	1	12.388810	0.971328	
351	2	0.493959	19.893000	15.345790	0.400394	
352	2	16.222130	0.669538	2.566703	3.810003	
353	3	2.347253	4.248100	10.761240	0.806082	1.467383	4.090055	
354	3	0.500977	25.249700	0.910601	12.065280	2.248801	4.776309	
355	2	32.601610	0.516770	12.307350	0.455702	
356	1	8.544025	1.246660	
357	1	9.127748	1.101023	
358	1	0.358033	25.905550	
359	1	12.388810	0.831546	
360	2	0.500977	18.259530	1.582422	4.893210	
361	2	16.996080	0.575131	0.831198	7.941926	
362	1	26.860690	3.547182	
363	2	17.079940	1.029253	0.628389	10.520220	
364	3	2.291452	8.659718	9.228553	0.961259	1.165936	4.835224	
365	2	2.182272	4.642093	11.343710	0.866676	
366	2	3.510335	2.630592	9.629046	0.783269	
367	1	3.384920	5.012350	
368	3	48.484550	2.254979	3.075775	10.688150	0.899073	7.839434	
369	1	2.558119	2.974184	
370	3	7.389632	1.523522	11.223070	0.820565	14.747930	0.388709	
371	1	4.410119	2.410484	
372	1	11.754850	0.700417	
373	2	8.641907	0.939816	1.306812	5.219278	
374	1	0.342770	30.178900	
375	2	21.974610	0.320614	2.614110	2.590331	
376	2	2.806551	7.970746	1.813799	3.996011	
377	2	5.571678	1.298226	25.193450	0.283901	
378	1	1.281594	8.659718	
379	1	15.782260	0.384971	
380	1	1.732294	4.776309	
381	3	15.022810	0.522822	2.779728	2.586395	4.887321	1.453703	
382	2	12.221140	0.866676	16.222130	0.426811	
383	1	2.900333	3.756185	
384	2	4.597436	1.931916	0.588450	9.753254	
385	3	4.402014	2.227745	4.772532	1.834951	15.602080	0.375795	
386	1	25.232210	0.348285	
387	2	1.582422	4.928691	24.399710	0.254899	
388	1	82.049920	1.150171	
389	4	3.654922	3.508145	14.150290	0.853483	0.317556	25.905550	2.614110	3.015040	
390	2	4.050737	2.267904	0.902181	6.894225	
391	3	20.519870	9.584408	10.761240	5.161317	6.665688	1.286591	
392	1	25.193450	0.266302	
393	1	24.939670	0.438804	
394	3	11.223070	8.325188	1.296872	8.306902	9.121264	1.096349	
395	2	1.103263	6.506131	3.838514	1.753863	
396	3	31.099340	3.971566	11.393990	0.831460	12.862450	0.439944	
397	1	9.233670	15.305420	
398	1	12.941700	0.469075	
399	2	0.741498	13.330330	0.368461	25.905550	
400	4	55.189220	3.547182	7.464860	3.456181	12.046770	2.080238	2.566703	3.160170	
