path40.50.txt
40
50
100 100
1	2	7.142778	14.983920	27.821400	1.151555	
2	1	17.917210	4.557563	
3	1	53.467280	0.683669	
4	2	26.909110	33.784630	2.878581	14.983920	
5	2	10.119150	13.618980	22.216260	0.846577	
6	1	74.829060	11.292730	
7	1	71.928020	1.150969	
8	1	52.562990	10.122470	
9	1	30.349440	1.151555	
10	2	44.020680	17.470210	19.275170	1.181514	
11	1	2.807502	13.618980	
12	2	8.796814	36.169290	10.817020	2.354127	
13	1	18.743190	1.338845	
14	1	71.928020	1.233689	
15	1	100.000000	2.266751	
16	1	47.437010	9.275892	
17	1	48.076260	0.737906	
18	1	100.000000	17.659910	
19	1	100.000000	1.519126	
20	1	1.591304	14.983920	
21	1	46.532720	0.957713	
22	1	17.116160	13.618980	
23	1	1.329884	13.618980	
24	1	100.000000	1.019631	
25	1	14.458580	13.618980	
26	1	44.020680	12.010300	
27	1	20.273390	33.784630	
28	1	2.540425	14.983920	
29	1	48.076260	0.627041	
30	1	46.532720	0.502779	
31	1	19.795970	4.304126	
32	1	2.244974	13.618980	
33	1	24.224710	4.304126	
34	2	22.025830	2.354127	10.911330	2.354127	
35	1	37.770660	14.983920	
36	2	41.829160	1.151555	19.275170	1.203145	
37	2	53.467280	0.776824	14.713320	2.354127	
38	1	17.917210	6.735166	
39	2	7.253739	11.292730	22.789300	2.354127	
40	2	25.220750	0.846577	18.743190	1.015282	
