path16.25.txt
20
25
100 76
1	2	19.163970	24.707460	39.905200	5.470948	
2	2	46.175550	14.597110	39.905200	1.653823	
3	1	1.313335	48.436030	
4	1	28.306280	2.985572	
5	1	2.309090	23.379690	
6	1	4.576455	10.420180	
7	3	57.586990	75.292540	4.576455	15.399430	6.270345	7.124771	
8	2	2.526768	75.292540	4.576455	14.305060	
9	1	1.359012	48.436030	
10	1	4.576455	35.167880	
11	1	2.672347	26.856510	
12	1	2.309090	29.146590	
13	1	14.634840	75.292540	
14	1	17.869270	2.985572	
15	1	1.390548	75.292540	
16	1	14.302960	75.292540	
17	1	27.698830	24.707460	
18	1	3.573421	24.707460	
19	1	3.388227	24.707460	
20	1	2.309090	22.766260	
