path35.200.txt
160
200
100 54
1	1	14.094860	1.439516	
2	1	13.247300	1.081411	
3	1	9.198748	16.150530	
4	1	6.386794	2.320378	
5	1	15.510370	1.549051	
6	1	2.755051	11.020200	
7	1	1.099534	16.637210	
8	1	6.813999	6.754408	
9	1	10.458210	1.492474	
10	3	15.081820	2.384903	8.401127	1.497637	16.414190	0.649735	
11	2	6.462296	3.095428	7.862193	2.466588	
12	1	9.952708	4.925061	
13	1	0.736793	34.744590	
14	4	4.317160	7.467376	3.282353	8.926054	4.952009	3.763132	1.303692	10.473890	
15	2	5.378058	10.234510	2.977172	7.660333	
16	1	4.532716	4.776706	
17	1	3.035368	5.697151	
18	1	2.977172	12.055030	
19	2	2.399973	8.073845	0.482641	22.827810	
20	1	8.881902	6.095135	
21	1	16.060210	2.642727	
22	1	1.067453	44.006250	
23	1	12.154860	33.413530	
24	1	3.507813	3.476027	
25	1	3.147988	10.836390	
26	1	28.382300	1.540914	
27	1	19.316040	53.124550	
28	1	7.502472	4.776706	
29	1	28.382300	1.258040	
30	1	20.441730	3.894050	
31	1	8.802283	2.325242	
32	1	13.018490	2.642727	
33	1	16.414190	0.900942	
34	3	9.737080	5.170223	28.382300	1.358978	5.064459	3.988964	
35	1	1.304571	33.532360	
36	1	10.752830	1.522590	
37	2	2.875395	13.278450	5.231780	6.892744	
38	2	5.853099	7.375882	0.837145	34.484390	
39	1	2.046568	17.111410	
40	2	15.211230	3.495851	1.499558	26.455060	
41	2	14.136050	1.911069	2.588254	4.032386	
42	1	7.749906	2.639867	
43	1	2.378384	8.926054	
44	2	7.461327	2.639867	0.959641	13.278450	
45	2	1.479879	29.627230	0.421240	34.484390	
46	2	12.154860	19.711020	1.393625	10.836390	
47	1	4.937989	8.040166	
48	1	24.757010	13.278450	
49	1	37.243210	6.892744	
50	1	1.339856	17.372990	
51	2	1.391310	33.532360	3.034365	4.776706	
52	1	0.827343	34.484390	
53	2	17.060420	53.124550	2.942809	7.888455	
54	1	2.399973	8.098928	
55	2	9.737080	3.426825	2.651810	5.697151	
56	3	7.862193	2.458473	0.360086	34.484390	2.279764	5.158897	
57	1	43.143230	0.763685	
58	1	17.648000	50.632900	
59	1	0.408180	34.484390	
60	1	6.464060	10.234510	
61	1	7.535285	4.683523	
62	1	7.535285	4.245754	
63	1	16.414190	0.714328	
64	1	6.548062	2.320378	
65	1	3.934855	3.003190	
66	2	4.265491	53.124550	12.708520	2.684852	
67	2	6.342563	3.080889	0.403747	34.484390	
68	2	3.134336	10.836390	0.870939	17.957540	
69	2	3.342025	8.586234	8.874326	2.325242	
70	3	0.782243	44.006250	0.995321	34.460130	0.847855	15.095130	
71	2	4.048550	16.150530	2.977172	9.195754	
72	1	1.161492	44.006250	
73	1	17.676610	1.107345	
74	1	28.382300	1.483434	
75	1	1.609459	15.181860	
76	1	6.462296	2.999707	
77	1	28.382300	1.486680	
78	1	0.488621	34.484390	
79	1	27.614880	0.840573	
80	1	0.633847	50.632900	
81	1	3.207045	5.697151	
82	1	16.414190	4.137701	
83	1	7.880536	1.592199	
84	1	2.942809	10.462040	
85	3	7.440126	4.925061	5.064459	4.937090	7.535285	1.366338	
86	1	2.197695	6.755996	
87	1	12.708520	2.923317	
88	1	4.186718	7.375882	
89	1	15.069550	2.079228	
90	1	10.129810	3.763132	
91	3	0.495588	44.006250	1.499558	8.029333	13.247300	0.789858	
92	1	9.048120	3.877447	
93	1	7.218398	1.492474	
94	1	3.728305	5.697151	
95	1	7.535285	3.072034	
96	1	3.215046	3.214617	
97	1	1.404652	34.460130	
98	1	0.924531	13.278450	
99	1	13.247300	1.613106	
100	1	3.630441	6.095135	
101	1	3.745453	50.632900	
102	1	6.957307	50.632900	
103	1	0.736793	15.888310	
104	1	28.382300	0.584275	
105	1	1.773117	10.234510	
106	1	1.565177	11.020200	
107	1	0.706712	17.372990	
108	1	14.917150	3.877447	
109	1	28.382300	1.270086	
110	1	28.382300	1.283927	
111	1	1.600896	19.949810	
112	1	5.131413	3.014247	
113	1	15.528350	0.840573	
114	1	10.752830	2.371461	
115	1	0.466140	22.827810	
116	1	1.600896	14.534590	
117	1	2.206272	5.158897	
118	1	5.287748	4.264200	
119	1	3.519574	3.080889	
120	1	2.014664	5.697151	
121	1	1.859244	5.697151	
122	1	13.247300	1.518983	
123	5	4.333923	8.586234	20.501770	1.592199	10.160010	3.003190	2.864025	10.473890	0.393386	34.484390	
124	1	15.447450	2.320378	
125	1	0.348564	34.484390	
126	1	3.507813	3.416718	
127	1	2.798953	10.234510	
128	1	28.382300	0.909254	
129	1	16.496440	2.744819	
130	1	1.333350	15.181860	
131	1	4.486036	3.767157	
132	1	15.069550	1.575309	
133	1	4.856727	3.214617	
134	1	3.090054	6.755996	
135	1	4.317160	3.552820	
136	1	14.942650	1.911069	
137	1	8.424664	3.214617	
138	1	1.479879	14.379020	
139	1	7.535285	1.413503	
140	1	15.081820	2.423238	
141	1	8.401127	2.396413	
142	2	12.871930	1.549051	1.470973	10.473890	
143	1	12.708520	2.823074	
144	1	0.608362	44.006250	
145	1	2.129316	15.095130	
146	1	0.660366	34.484390	
147	1	1.707914	22.827810	
148	2	1.139860	34.484390	5.042001	7.375882	
149	1	7.535285	4.641471	
150	1	15.081820	3.957943	
151	1	6.387122	3.894050	
152	1	0.592445	22.827810	
153	1	4.225745	4.032386	
154	1	5.113433	3.877447	
155	1	4.730724	3.014247	
156	1	13.247300	1.673915	
157	1	4.799091	8.040166	
158	1	14.094860	1.652430	
159	2	2.604802	13.278450	1.223667	16.637210	
160	1	0.870939	26.048710	
