path32.50.txt
40
50
100 98
1	1	73.288600	3.573797	
2	1	41.794680	9.046205	
3	1	27.571260	1.619057	
4	1	12.543200	3.677903	
5	1	39.268910	1.012808	
6	2	4.839666	29.231950	14.310700	5.368301	
7	1	4.142731	21.014770	
8	1	6.547552	7.365757	
9	1	2.640395	19.342220	
10	1	2.966655	24.690210	
11	1	8.902049	4.885029	
12	1	97.033350	18.160410	
13	1	10.900420	3.986962	
14	1	14.279410	2.757385	
15	1	9.200591	5.368301	
16	1	7.090590	5.217426	
17	1	2.216005	19.570500	
18	1	10.968080	3.677903	
19	1	15.350480	4.713534	
20	1	39.268910	1.379737	
21	1	2.690123	21.014770	
22	1	2.640395	13.492090	
23	2	3.512864	11.666570	10.900420	3.378795	
24	1	66.840160	1.248832	
25	3	39.361140	41.644050	14.279410	4.608372	2.966655	12.180510	
26	3	48.833420	11.886660	3.589771	11.886660	10.976500	1.887550	
27	1	42.829510	41.644050	
28	1	1.885253	29.231950	
29	1	2.035580	19.570500	
30	1	27.571260	1.845645	
31	1	3.512864	11.506280	
32	4	1.634963	42.114500	10.976500	4.934163	10.976500	3.902761	39.268910	1.072158	
33	1	97.033350	9.664112	
34	1	18.150150	11.886660	
35	2	5.197890	42.114500	4.526715	11.886660	
36	1	73.288600	1.311232	
37	1	7.090590	6.669230	
38	1	3.212055	23.172860	
39	1	1.611189	32.834300	
40	1	31.727380	1.680447	
