path45.25.txt
20
25
100 87
1	1	1.246102	38.700310	
2	1	62.043640	46.380620	
3	1	14.149360	20.319970	
4	1	86.698970	1.774324	
5	1	48.308250	7.518446	
6	1	15.352440	4.822683	
7	1	84.408700	3.435456	
8	1	32.955820	1.437549	
9	1	10.723710	11.483620	
10	1	32.955820	3.385135	
11	2	16.712400	39.328490	21.905930	12.839650	
12	3	7.522267	5.540686	6.627089	5.540686	2.577313	11.483620	
13	1	48.308250	7.457941	
14	1	28.539710	38.700310	
15	1	27.627000	6.169730	
16	1	21.243960	39.328490	
17	1	15.591300	3.435456	
18	1	10.329360	6.169730	
19	2	86.698970	9.709297	7.756574	25.860650	
20	2	48.308250	18.901240	37.956360	0.882395	
