path37.200.txt
160
200
100 98
1	1	1.912151	4.149912	
2	1	11.090130	0.773160	
3	1	7.940902	37.111300	
4	1	16.914720	0.680116	
5	2	3.481062	2.814011	4.350848	1.816455	
6	1	16.077380	19.422680	
7	1	9.917673	2.160262	
8	1	4.830590	4.815974	
9	1	24.848110	0.613428	
10	1	20.742490	1.453277	
11	2	6.660301	3.290515	12.069680	0.818804	
12	1	20.808990	2.282446	
13	1	43.891320	1.274555	
14	2	22.170270	1.355456	0.913633	13.326360	
15	3	11.793880	1.881830	15.709840	0.640214	16.424070	0.545224	
16	2	3.047085	3.473130	8.540182	0.967596	
17	1	13.203580	1.584478	
18	2	15.584530	7.348053	43.891320	1.305570	
19	1	12.669190	13.970010	
20	2	14.531110	2.358028	29.485490	0.781005	
21	2	51.783940	2.937867	13.475250	0.636044	
22	3	29.801330	5.058753	8.890703	4.149912	4.571753	1.703405	
23	1	6.821728	3.131831	
24	2	13.102040	0.746310	9.971611	0.857749	
25	1	10.286040	1.584478	
26	1	4.401564	2.475351	
27	2	19.088220	1.511828	9.651706	1.038437	
28	2	15.709840	0.768195	12.069680	0.940252	
29	1	4.098236	3.077928	
30	3	29.801330	0.475372	26.543290	0.456300	2.272164	3.952851	
31	1	5.250142	2.475351	
32	2	35.318480	7.263800	20.575030	2.828920	
33	1	97.175440	1.836712	
34	1	19.943180	3.290515	
35	1	9.483964	3.257595	
36	1	29.801330	1.341561	
37	2	15.709840	2.864392	9.942132	1.816455	
38	2	52.516210	0.829169	11.564000	1.320992	
39	1	43.891320	2.353168	
40	2	21.059920	0.739054	16.610060	0.677103	
41	1	8.572843	7.263800	
42	1	18.285970	0.877427	
43	1	17.762480	1.278428	
44	1	65.213240	4.965682	
45	1	6.280310	1.786721	
46	1	9.483964	4.363514	
47	1	6.788746	3.219579	
48	1	16.250700	0.583656	
49	1	9.762881	0.967596	
50	1	41.308800	18.815450	
51	1	3.113555	13.970010	
52	1	8.257312	1.354847	
53	1	21.059920	0.663699	
54	1	9.483964	1.376421	
55	1	34.373080	0.762799	
56	1	2.399801	4.272800	
57	1	4.517390	2.814011	
58	1	29.801330	0.336642	
59	1	14.926650	0.531269	
60	1	5.463306	8.997530	
61	1	13.794700	25.077510	
62	1	21.080980	19.422680	
63	1	1.187858	7.149279	
64	1	16.843190	1.455394	
65	1	8.240222	0.967596	
66	1	24.675050	14.706390	
67	1	4.079559	3.473130	
68	1	5.353793	4.149912	
69	1	9.873228	2.095143	
70	1	8.875546	1.433794	
71	1	2.066739	4.149912	
72	1	8.842554	2.292833	
73	2	11.793880	2.268082	4.571753	4.335706	
74	2	65.081050	0.975208	1.994557	5.582798	
75	3	7.126644	4.108967	16.250700	1.544162	1.175787	19.234440	
76	2	3.641928	4.149912	9.971611	0.823752	
77	1	30.966170	0.689935	
78	1	14.874670	0.531269	
79	1	20.401700	1.584478	
80	1	13.429300	2.937867	
81	1	14.324830	0.689935	
82	1	10.397270	1.511828	
83	1	14.858990	0.680116	
84	1	6.655572	13.970010	
85	1	10.003290	0.920588	
86	1	2.272164	6.902124	
87	1	20.897830	0.636044	
88	1	4.723941	2.160262	
89	1	16.610600	0.513166	
90	1	12.282940	2.358028	
91	1	2.628703	13.970010	
92	2	12.381040	0.920588	18.285970	0.477420	
93	3	18.109640	6.619277	97.175440	1.030987	36.052390	1.438599	
94	1	21.789130	0.677103	
95	1	3.729072	2.160262	
96	1	14.011400	3.077928	
97	1	8.365686	13.970010	
98	1	7.838925	1.438599	
99	1	7.126644	3.272878	
100	1	26.543290	0.304333	
101	1	24.675050	4.716293	
102	1	20.683580	0.773160	
103	3	22.384330	1.069062	9.873228	1.237394	4.301278	1.866177	
104	1	32.094390	0.651065	
105	5	13.794700	12.033790	23.850230	2.282446	26.543290	0.925092	17.762480	0.566560	1.187858	6.820727	
106	1	9.971611	0.943842	
107	1	3.175115	8.997530	
108	1	6.147512	19.422680	
109	1	14.473610	1.759056	
110	1	3.158867	2.814011	
111	1	21.721050	1.355456	
112	1	17.529890	1.455394	
113	1	10.686720	0.947834	
114	1	36.575090	8.863035	
115	1	25.487220	0.712818	
116	1	16.424070	0.857529	
117	1	8.628052	2.292833	
118	1	1.983809	4.149912	
119	1	6.385438	1.866177	
120	1	1.668890	13.326360	
121	1	28.553530	19.422680	
122	1	9.389742	10.854970	
123	1	19.043210	0.613428	
124	1	43.891320	0.627606	
125	1	97.175440	4.168842	
126	1	16.250700	3.593491	
127	1	13.102040	0.937833	
128	1	2.343148	4.149912	
129	1	4.013647	2.160262	
130	1	10.694710	13.970010	
131	1	43.891320	0.479190	
132	1	16.250700	0.916127	
133	1	9.873228	0.817375	
134	1	5.063588	1.816455	
135	1	2.582524	5.489089	
136	1	26.543290	0.555101	
137	1	3.788414	10.261580	
138	1	38.399190	1.680925	
139	1	4.699251	2.814011	
140	3	16.610600	1.331821	8.875546	2.073128	6.280310	1.345110	
141	1	14.400450	0.689935	
142	2	9.011029	1.320992	9.971611	1.115076	
143	2	10.670270	2.360094	1.994557	4.678779	
144	1	97.175440	1.094744	
145	1	3.465553	19.422680	
146	1	26.543290	0.645608	
147	1	26.543290	0.479632	
148	1	6.356701	4.149912	
149	1	6.708985	3.506922	
150	1	9.971611	1.366551	
151	1	2.460508	4.316174	
152	1	17.684020	0.712818	
153	1	5.580429	2.360094	
154	2	6.788746	1.596395	32.094390	0.324143	
155	1	2.460508	5.945403	
156	1	4.571753	1.704487	
157	2	50.219350	2.292833	16.520210	0.712818	
158	1	7.246914	1.816455	
159	1	1.648773	19.234440	
160	1	9.651706	1.302186	
