path35.100.txt
80
100
100 54
1	2	1.541226	22.827810	12.934860	2.320378	
2	1	12.073400	50.632900	
3	1	7.440126	4.925061	
4	1	0.837145	34.484390	
5	1	7.873519	5.697151	
6	1	8.622918	5.697151	
7	1	17.648000	50.632900	
8	1	4.317160	11.020200	
9	1	14.161550	3.877447	
10	1	12.708520	2.684852	
11	1	52.796810	53.124550	
12	1	2.942809	33.532360	
13	1	2.864025	10.473890	
14	1	2.046568	17.111410	
15	1	2.977172	16.856090	
16	1	15.081820	3.763132	
17	1	1.067453	44.006250	
18	1	43.143230	0.763685	
19	3	1.391310	33.532360	2.323201	16.637210	43.143230	0.840573	
20	1	15.081820	2.384903	
21	1	28.382300	1.549051	
22	1	12.708520	2.923317	
23	2	14.094860	3.003190	0.870939	44.006250	
24	1	1.600896	34.484390	
25	1	28.382300	1.486680	
26	1	1.499558	34.484390	
27	1	1.597147	34.484390	
28	1	15.069550	3.654537	
29	1	15.211230	3.495851	
30	1	16.496440	3.214617	
31	1	16.060210	2.642727	
32	1	4.186718	7.375882	
33	1	28.382300	1.270086	
34	1	7.535285	4.641471	
35	1	29.078700	1.911069	
36	1	5.853099	7.375882	
37	1	0.782243	44.006250	
38	1	2.774665	10.473890	
39	1	16.496440	2.744819	
40	1	7.567081	4.776706	
41	1	2.399973	50.632900	
42	2	17.676610	2.599819	2.046568	17.372990	
43	1	4.799091	8.040166	
44	1	4.486036	8.926054	
45	1	15.447450	2.320378	
46	1	1.161492	44.006250	
47	1	1.479879	44.006250	
48	1	5.064459	8.926054	
49	1	7.862193	4.925061	
50	1	7.502472	4.776706	
51	1	15.211230	2.639867	
52	1	1.707914	22.827810	
53	1	7.535285	5.851875	
54	2	6.813999	10.786790	7.535285	4.683523	
55	3	45.982810	10.786790	15.081820	3.957943	3.134336	10.836390	
56	1	9.952708	4.925061	
57	2	2.977172	15.095130	2.977172	12.055030	
58	1	12.708520	2.823074	
59	1	5.042001	7.375882	
60	2	32.121380	13.278450	15.081820	2.423238	
61	1	14.917150	3.877447	
62	1	0.892368	34.484390	
63	1	28.382300	1.358978	
64	1	17.676610	2.325242	
65	1	16.414190	16.637210	
66	4	9.862137	6.095135	4.320228	11.020200	1.304571	33.532360	14.094860	3.091946	
67	3	4.541612	10.836390	28.382300	1.483434	1.020452	34.484390	
68	1	7.675949	8.586234	
69	1	28.382300	1.540914	
70	1	7.535285	4.245754	
71	1	12.512340	6.095135	
72	1	5.660738	8.926054	
73	1	28.382300	1.283927	
74	1	5.287748	11.020200	
75	5	1.941427	34.484390	9.737080	5.170223	28.382300	1.493529	4.937989	8.040166	13.018490	2.642727	
76	1	6.462296	6.095135	
77	2	13.247300	22.827810	28.382300	1.258040	
78	1	1.103950	44.006250	
79	1	28.382300	1.592199	
80	1	9.737080	3.426825	
