path33.25.txt
20
25
100 92
1	1	85.333920	5.389913	
2	1	57.793790	2.157357	
3	1	47.460750	1.197836	
4	2	36.462320	61.962650	60.682860	30.466150	
5	1	18.353650	11.760770	
6	1	53.546560	4.485681	
7	1	18.353650	17.749370	
8	1	37.822350	4.485681	
9	1	28.411800	1.597990	
10	1	11.705870	2.344882	
11	3	42.329220	31.496490	52.572140	2.344882	42.206210	2.157357	
12	2	85.333920	12.473200	16.732100	3.942871	
13	1	85.333920	3.213489	
14	1	18.353650	1.986352	
15	1	6.034983	21.076600	
16	1	43.908150	1.197836	
17	1	91.368900	5.177011	
18	1	18.989890	2.344882	
19	1	8.631095	31.937130	
20	2	2.854820	61.962650	54.856100	1.597990	
