path49.25.txt
20
25
100 100
1	1	20.621890	5.909304	
2	1	36.048180	54.465710	
3	1	1.683129	54.465710	
4	1	100.000000	5.071746	
5	3	14.931870	3.045147	30.789090	1.028223	20.715500	1.412615	
6	1	61.673050	11.035890	
7	1	10.073590	15.171530	
8	1	30.789090	20.698060	
9	1	20.715500	1.720687	
10	1	7.649066	54.465710	
11	1	10.073590	9.289153	
12	1	3.738603	54.465710	
13	1	30.789090	1.017841	
14	1	14.931870	2.544854	
15	1	10.167200	5.909304	
16	3	100.000000	12.726300	20.715500	21.327380	1.322146	54.465710	
17	2	100.000000	16.700360	38.326950	11.035890	
18	1	3.837916	54.465710	
19	1	14.931870	48.875710	
20	1	30.789090	1.351596	
