path19.25.txt
20
25
100 100
1	1	61.614470	4.617701	
2	3	64.964800	8.857054	31.280930	8.910316	14.096780	2.496877	
3	1	55.521980	25.906000	
4	1	35.035200	8.857054	
5	1	57.546010	4.977650	
6	1	6.645149	19.768860	
7	1	36.422190	1.929246	
8	1	63.577810	3.438339	
9	1	23.027410	2.496877	
10	1	28.830060	1.435789	
11	1	38.385530	30.523700	
12	1	100.000000	26.398370	
13	2	36.422190	1.474758	36.422190	0.752521	
14	1	28.715940	1.435789	
15	1	20.421820	2.496877	
16	1	6.382480	8.910316	
17	1	4.790590	8.910316	
18	1	63.577810	0.718186	
19	3	72.899820	19.768860	20.455030	19.768860	6.092495	25.906000	
20	1	100.000000	1.385181	
