path2.50.txt
40
50
100 79
1	1	13.607650	24.240780	
2	1	78.897580	3.492360	
3	1	10.376820	11.082750	
4	2	16.994000	5.648863	8.155201	5.648863	
5	1	25.149200	5.244150	
6	1	5.214631	28.767350	
7	1	12.301610	2.289944	
8	1	25.149200	4.053853	
9	1	2.763925	32.846720	
10	1	10.103210	26.366410	
11	1	2.327881	26.366410	
12	2	6.304934	4.365708	9.109040	2.400320	
13	1	13.607650	7.045364	
14	2	5.214631	15.921130	54.910770	0.932150	
15	1	52.216540	18.724290	
16	1	45.089230	12.999730	
17	2	45.089230	16.074830	6.475764	15.122740	
18	1	8.815178	4.365708	
19	1	78.897580	18.529800	
20	1	12.847600	4.185468	
21	1	10.376820	7.641538	
22	1	11.792700	44.688480	
23	1	16.040160	2.400320	
24	2	45.089230	3.708677	12.231140	8.845542	
25	1	78.897580	3.942030	
26	1	4.095092	44.688480	
27	3	45.089230	6.198042	12.301610	1.895524	45.089230	0.482808	
28	1	45.089230	0.549445	
29	1	14.927840	32.846720	
30	1	11.180260	2.688753	
31	1	12.431100	6.480311	
32	1	2.888972	8.845542	
33	2	45.089230	1.079409	13.607650	1.560578	
34	1	2.229630	15.122740	
35	3	29.969120	13.211250	11.180260	11.709660	45.089230	1.007334	
36	1	11.180260	3.325559	
37	1	29.761560	5.983424	
38	1	16.304220	18.724290	
39	1	29.761560	15.549230	
40	1	2.474870	15.122740	
