path4.100.txt
80
100
100 100
1	1	15.747120	4.499285	
2	1	3.938166	19.893000	
3	1	22.394270	0.866676	
4	1	4.764465	3.514416	
5	1	43.483110	1.286591	
6	1	4.545304	2.599428	
7	2	25.193450	2.974184	6.352188	3.514416	
8	2	9.233670	29.034390	4.402014	4.630614	
9	1	2.114002	21.661690	
10	1	7.714117	1.766631	
11	3	25.193450	4.279446	33.618650	0.886165	40.497070	0.484307	
12	1	9.228553	21.661690	
13	2	84.829650	4.360635	42.398250	8.659718	
14	1	25.193450	0.953714	
15	1	15.477740	19.893000	
16	1	11.223070	21.274930	
17	4	20.372660	4.196626	2.336392	18.558640	0.794034	43.509230	0.741498	43.509230	
18	1	6.565405	43.509230	
19	1	21.898730	38.550140	
20	1	32.735850	4.127392	
21	1	100.000000	4.072656	
22	1	1.582422	15.832580	
23	1	9.446326	8.355457	
24	1	2.291478	12.001680	
25	1	5.067440	17.159840	
26	1	15.747120	2.205426	
27	1	21.974610	18.860010	
28	1	2.566703	6.140677	
29	1	9.495418	2.410484	
30	2	15.747120	1.644476	22.801030	0.840549	
31	1	6.086305	8.659718	
32	1	29.808070	0.801706	
33	1	25.683520	1.540967	
34	1	49.469150	2.410484	
35	1	33.618650	0.388709	
36	1	39.632690	0.866676	
37	1	22.802680	0.866676	
38	1	14.865900	1.274874	
39	1	13.952160	1.286591	
40	1	60.429940	0.939816	
41	1	48.484550	5.142226	
42	1	16.236230	1.096349	
43	1	25.193450	0.865184	
44	1	9.629046	6.001741	
45	1	29.808070	0.551876	
46	1	2.566703	11.076170	
47	1	24.399710	0.939816	
48	1	30.204970	1.286591	
49	1	0.500977	43.509230	
50	1	15.442040	25.905550	
51	1	25.193450	0.911408	
52	1	12.388810	1.578938	
53	1	7.356105	2.599428	
54	1	12.359760	1.286591	
55	1	0.935225	21.661690	
56	1	7.714117	2.429995	
57	1	90.232860	2.630592	
58	1	0.709055	15.832580	
59	1	17.303720	0.612041	
60	1	12.388810	0.831546	
61	1	17.952370	2.410484	
62	1	1.010543	21.661690	
63	1	32.735850	20.521830	
64	1	12.021760	1.096349	
65	1	48.484550	2.771749	
66	1	10.761240	18.860010	
67	3	2.313590	25.905550	9.446326	3.508145	16.222130	1.096349	
68	4	2.336392	19.991500	10.694260	2.410484	29.808070	0.575131	23.193350	0.612041	
69	1	9.767138	2.630592	
70	1	8.496363	4.196626	
71	1	0.829367	25.905550	
72	1	84.829650	10.992710	
73	2	3.821976	7.941258	15.022810	1.096349	
74	3	10.102910	17.159840	5.964880	7.941258	2.566703	4.444848	
75	1	24.235120	4.959089	
76	1	6.821058	4.630614	
77	1	48.484550	4.248100	
78	1	4.630472	3.514416	
79	3	9.338425	21.661690	9.233670	14.474850	11.901410	1.597198	
80	2	9.629046	1.939517	22.801030	0.700417	
