path21.100.txt
80
100
100 72
1	2	29.823120	15.518750	0.938218	43.661640	
2	1	36.098510	0.392619	
3	2	36.499080	0.603327	16.213830	1.210803	
4	1	61.359450	5.342580	
5	1	3.874809	5.229369	
6	1	3.874809	5.642482	
7	1	4.939032	3.668422	
8	1	15.204320	1.019967	
9	1	50.084220	1.170760	
10	1	21.205490	1.410291	
11	1	45.856930	0.658167	
12	1	34.584480	1.740147	
13	1	71.370210	1.162454	
14	1	36.499080	0.464055	
15	1	3.699464	10.871850	
16	1	9.479025	6.734634	
17	1	28.542720	1.210803	
18	1	2.647846	9.771471	
19	1	46.542860	0.914400	
20	1	5.116959	9.771471	
21	1	5.166091	4.300848	
22	1	3.259230	43.661640	
23	1	48.629630	9.775454	
24	1	26.613660	1.210803	
25	1	8.299991	1.972730	
26	1	57.336470	3.968262	
27	1	2.172260	9.771471	
28	1	15.851510	2.085097	
29	1	8.918623	6.734634	
30	1	16.261360	1.200865	
31	1	15.483610	1.410291	
32	1	10.612380	2.400040	
33	1	46.542860	1.326838	
34	1	46.542860	0.890969	
35	1	10.612380	7.371431	
36	1	24.401000	4.761875	
37	1	57.336470	2.766372	
38	1	16.502200	0.954672	
39	1	35.187190	1.410291	
40	3	13.914320	18.509600	61.359450	3.477122	28.209380	0.818982	
41	1	21.517520	3.132207	
42	1	10.910740	12.574480	
43	1	2.066090	47.962480	
44	1	19.596310	0.954672	
45	1	7.551523	1.972730	
46	1	13.914320	31.013480	
47	3	65.384900	0.800136	4.046760	5.632194	18.621250	0.797306	
48	1	18.621250	10.961280	
49	1	6.665273	8.819702	
50	1	12.661670	1.767367	
51	1	48.629630	2.799026	
52	1	50.084220	2.573193	
53	1	4.046760	6.942286	
54	1	21.397610	40.659790	
55	1	5.843459	6.734634	
56	1	28.629790	0.867389	
57	2	36.098510	1.163747	28.629790	1.025850	
58	1	7.129072	2.511038	
59	1	45.856930	1.334018	
60	1	71.876280	4.617228	
61	1	28.629790	2.040619	
62	3	4.939032	8.452803	2.567791	7.071167	9.130397	1.767367	
63	1	9.199265	1.619117	
64	1	21.294760	1.019967	
65	1	21.792060	1.976586	
66	1	8.347691	7.071167	
67	1	10.226010	1.831269	
68	7	4.939032	9.781866	0.968644	43.661640	7.574273	5.125344	14.500360	1.619117	13.226590	1.516760	0.677926	21.903090	7.774950	1.831269	
69	3	10.848150	6.734634	8.549491	4.057827	37.175520	0.818982	
70	1	31.939620	0.768516	
71	2	29.823120	34.004330	31.939620	0.846932	
72	1	18.000960	1.109743	
73	1	27.632760	49.523080	
74	1	36.499080	0.853663	
75	1	18.713030	1.516760	
76	1	10.217340	12.574480	
77	1	45.856930	0.518852	
78	1	1.063596	21.903090	
79	1	21.397610	7.302694	
80	3	18.323120	1.200865	0.893719	21.903090	18.621250	0.815894	
