path34.25.txt
20
25
100 100
1	2	55.000580	0.917791	55.000580	0.782414	
2	1	73.768770	38.923180	
3	1	44.999420	1.076728	
4	1	96.981670	10.277730	
5	1	39.734100	1.314390	
6	2	53.779350	2.878912	26.231230	4.324912	
7	1	100.000000	14.765400	
8	1	39.018280	1.052409	
9	1	100.000000	16.107640	
10	3	46.220650	2.878912	29.223640	2.051142	25.825980	1.517751	
11	2	26.231230	21.066350	60.265900	0.621792	
12	1	19.173430	1.517751	
13	1	60.981720	1.869040	
14	1	26.231230	13.531920	
15	1	60.265900	0.692598	
16	1	67.758030	11.269220	
17	1	29.223640	9.218081	
18	1	55.000580	0.894274	
19	1	3.018335	21.546950	
20	1	39.018280	0.816632	
