path42.100.txt
80
100
100 87
1	1	11.195240	2.232145	
2	1	4.557707	11.047830	
3	1	4.853680	37.003490	
4	1	32.085920	1.112297	
5	1	42.217770	0.533068	
6	2	0.862774	86.169970	2.294196	15.266380	
7	1	11.195240	5.330171	
8	1	1.306686	15.203120	
9	1	4.557707	12.876660	
10	1	12.816040	1.726774	
11	2	0.892973	86.169970	11.764870	1.601692	
12	2	8.494935	2.998453	11.764870	1.368184	
13	1	10.318350	18.254770	
14	2	2.052557	15.839020	17.342290	1.112297	
15	3	63.185230	1.007233	1.499336	27.250010	1.306686	18.035250	
16	2	22.249060	10.551610	25.103860	1.154629	
17	3	2.294196	39.705460	2.404565	27.369970	29.715520	0.667258	
18	1	5.398516	3.735756	
19	1	2.294196	21.965920	
20	1	19.674690	1.021912	
21	1	56.296110	2.998453	
22	1	48.727260	0.567487	
23	1	63.185230	0.652914	
24	2	25.049900	12.578590	4.557707	13.079000	
25	1	12.172530	2.081146	
26	1	11.957730	1.519525	
27	1	4.697507	27.369970	
28	1	11.178820	2.030210	
29	1	32.925720	0.642472	
30	1	12.233860	1.726774	
31	2	13.990660	15.839020	13.368910	1.598145	
32	2	7.102072	9.681424	13.871070	2.030210	
33	1	5.586203	6.066720	
34	4	1.424057	86.169970	1.294222	34.885780	0.952488	22.677160	9.006680	2.008837	
35	1	7.102072	40.806580	
36	1	0.520912	33.238370	
37	2	22.249060	26.157750	11.195240	1.524884	
38	1	15.638510	39.449150	
39	1	3.808439	34.885780	
40	1	1.940458	18.254770	
41	1	1.019737	86.169970	
42	1	23.396770	1.598145	
43	1	10.159060	2.998453	
44	1	30.569370	1.021912	
45	1	48.471020	1.519525	
46	1	25.521890	0.978505	
47	1	3.784408	18.254770	
48	1	23.623400	1.154629	
49	1	3.656363	51.284190	
50	1	0.622915	38.373110	
51	1	25.521890	1.021496	
52	1	7.102072	5.847879	
53	1	21.016550	1.598145	
54	1	42.217770	1.065077	
55	1	33.469720	0.667258	
56	1	14.521350	1.519525	
57	1	5.398516	3.839542	
58	1	1.499336	13.498780	
59	1	7.102072	2.464112	
60	1	11.195240	1.992311	
61	1	12.877370	2.081146	
62	1	0.952488	22.744010	
63	2	1.446299	51.284190	4.012870	7.575298	
64	1	4.625408	38.373110	
65	2	14.969810	1.722116	30.259510	0.642472	
66	1	24.706050	1.021912	
67	1	11.253040	1.722116	
68	1	2.436932	33.238370	
69	1	6.930707	33.238370	
70	1	15.638510	5.129633	
71	1	11.195240	1.945999	
72	2	49.428220	0.887704	25.049900	1.312556	
73	2	2.294196	9.232214	3.420478	6.066720	
74	1	5.946914	38.373110	
75	1	22.249060	49.460610	
76	1	11.195240	1.532979	
77	1	0.546848	45.421170	
78	1	18.619040	86.169970	
79	1	9.006680	26.018240	
80	1	2.688952	86.169970	
