path42.200.txt
160
200
100 69
1	1	1.547586	9.681424	
2	1	15.661950	0.887704	
3	1	23.623400	1.154629	
4	3	0.637359	51.284190	23.396770	0.891642	5.586203	3.038252	
5	1	15.638510	5.129633	
6	1	2.739292	8.484451	
7	1	15.599770	1.034024	
8	1	2.404565	8.416282	
9	1	1.050269	18.254770	
10	2	3.737257	12.968240	1.978518	9.833205	
11	1	0.403466	34.885780	
12	2	0.539119	37.003490	3.784408	4.449617	
13	1	18.619040	7.338150	
14	1	11.195240	1.945999	
15	1	24.706050	1.021912	
16	1	33.766270	0.887704	
17	1	1.019737	12.650280	
18	1	14.872580	13.361390	
19	1	4.697507	5.202531	
20	1	1.593249	22.965650	
21	1	0.765928	18.229740	
22	1	29.487870	0.652914	
23	1	0.598096	24.867700	
24	1	2.294196	39.705460	
25	3	33.697360	0.652914	0.719647	27.250010	1.885388	9.833205	
26	1	6.222804	2.081146	
27	2	2.610161	26.018240	19.519000	1.065077	
28	1	1.110467	26.018240	
29	1	1.019737	14.144680	
30	1	2.013448	12.876660	
31	3	2.688952	63.204320	13.368910	1.598145	3.420478	6.066720	
32	2	0.622915	38.373110	1.609805	9.681424	
33	3	42.217770	0.533068	32.085920	0.537301	0.458495	32.928080	
34	2	32.925720	0.642472	2.066859	7.575298	
35	1	25.521890	1.021496	
36	1	9.276418	12.578590	
37	1	8.159832	1.774879	
38	1	16.784740	3.018057	
39	2	5.398516	3.839542	15.642830	1.034024	
40	1	1.039565	18.953690	
41	1	2.544259	6.330403	
42	1	48.727260	0.567487	
43	1	1.424057	15.794050	
44	1	14.872580	26.087760	
45	1	2.158518	9.793793	
46	1	2.158518	8.460976	
47	1	0.428221	34.885780	
48	1	0.825962	29.511620	
49	1	3.414423	5.330171	
50	1	1.510487	11.817740	
51	2	22.698760	1.065077	4.557707	4.759012	
52	1	2.436932	33.238370	
53	1	14.561580	1.007233	
54	1	2.817255	33.238370	
55	1	3.944680	5.362715	
56	1	1.946012	7.575298	
57	1	14.521350	1.519525	
58	1	7.255978	1.786705	
59	1	1.499158	21.965920	
60	1	9.006680	2.008837	
61	1	1.332052	37.003490	
62	2	0.929377	26.018240	3.944680	4.318709	
63	2	3.784408	5.424940	21.016550	0.682052	
64	1	1.731412	8.319988	
65	3	2.104168	11.817740	2.826295	8.319988	11.195240	1.524884	
66	2	5.247473	22.531400	25.521890	0.978505	
67	1	2.294196	9.232214	
68	1	29.715520	0.667258	
69	1	1.365000	18.953690	
70	2	14.993090	26.157750	18.619040	2.631096	
71	1	0.862774	16.333640	
72	1	2.294196	7.985781	
73	1	2.522099	29.360940	
74	1	4.697507	10.349700	
75	1	12.458040	1.312556	
76	1	1.040484	22.531400	
77	1	1.499336	13.498780	
78	1	0.862774	53.448190	
79	1	7.310857	2.030210	
80	1	3.808439	13.739560	
81	2	0.779689	27.250010	30.259510	0.642472	
82	1	11.195240	2.232145	
83	1	5.586203	3.028467	
84	1	0.520912	33.238370	
85	1	5.464328	3.018057	
86	3	19.395750	49.460610	1.699395	26.018240	0.825962	26.957010	
87	1	25.103860	0.560919	
88	1	7.255978	1.839638	
89	1	0.862774	16.388130	
90	1	1.446299	34.498090	
91	1	11.195240	1.532979	
92	1	2.544259	6.546254	
93	1	13.732000	2.325888	
94	1	5.946914	29.888660	
95	1	18.619040	1.319420	
96	1	1.095703	22.965650	
97	1	3.808439	21.146220	
98	1	11.178820	2.030210	
99	1	30.569370	1.021912	
100	1	17.342290	1.112297	
101	1	19.674690	1.021912	
102	1	11.253040	1.722116	
103	1	2.294196	7.280600	
104	1	4.625408	38.373110	
105	1	14.181050	2.325888	
106	1	0.795037	21.965920	
107	1	15.998200	1.007233	
108	1	0.765928	21.219410	
109	1	14.969810	1.722116	
110	1	31.242610	0.485501	
111	1	28.383050	2.325888	
112	1	0.890189	18.254770	
113	1	0.892973	16.799510	
114	1	12.816040	1.726774	
115	1	0.598096	31.600930	
116	1	11.764870	1.368184	
117	1	0.546848	45.421170	
118	1	6.560215	2.030210	
119	1	0.952488	22.744010	
120	1	2.853316	49.460610	
121	1	6.654565	2.081146	
122	2	0.968021	22.531400	0.822724	22.801440	
123	1	1.306686	18.035250	
124	1	2.657281	26.018240	
125	2	12.591860	1.312556	2.648767	5.330171	
126	1	7.102072	3.462590	
127	1	3.207621	8.484451	
128	1	18.011770	1.007233	
129	2	7.102072	18.005140	21.016550	0.916092	
130	4	10.159060	2.998453	17.228420	1.519525	1.446299	16.786100	1.424057	13.907290	
131	2	0.892973	36.442380	11.957730	1.519525	
132	2	7.102072	2.464112	1.082852	11.817740	
133	3	8.494935	2.998453	0.460411	37.003490	7.102072	2.385289	
134	1	18.619040	68.705080	
135	2	13.990660	15.839020	2.542090	12.968240	
136	1	0.952488	22.677160	
137	1	0.462536	34.885780	
138	1	3.019003	51.284190	
139	2	3.784408	8.380211	11.764870	1.601692	
140	3	4.557707	11.047830	5.398516	3.735756	1.306686	15.203120	
141	2	2.052557	15.839020	2.522099	7.642548	
142	2	18.619040	6.176222	12.233860	1.726774	
143	1	5.132048	5.330171	
144	1	12.172530	2.081146	
145	1	4.113453	33.238370	
146	1	1.019737	45.562410	
147	1	11.195240	1.992311	
148	1	17.635870	7.533556	
149	1	14.613680	1.007233	
150	1	1.019737	13.812600	
151	1	2.415441	9.833205	
152	1	32.085920	0.574996	
153	1	0.434479	32.928080	
154	1	23.396770	0.706503	
155	1	56.296110	0.672565	
156	1	33.469720	0.667258	
157	1	4.613192	7.533556	
158	1	15.773480	12.578590	
159	1	8.159832	16.479890	
160	1	25.103860	0.593710	
