path45.200.txt
160
200
100 87
1	2	6.893648	24.640660	5.655512	3.602966	
2	1	7.756574	5.051547	
3	2	4.002730	7.027026	5.421776	3.742518	
4	1	31.491780	0.952017	
5	1	3.472857	5.540686	
6	1	3.442350	8.213658	
7	1	1.045637	26.871030	
8	1	20.530490	0.894436	
9	1	10.723710	2.392997	
10	1	5.494568	9.285965	
11	4	7.822673	4.165858	5.301939	3.742518	8.839502	2.124883	14.675670	1.022452	
12	1	11.168900	3.306689	
13	2	86.698970	1.333858	10.062170	1.967623	
14	1	7.222990	4.433280	
15	3	1.437539	23.366830	10.824910	2.362970	8.580263	2.116670	
16	4	1.141448	22.285690	0.983593	24.094750	4.790186	4.684009	0.540211	26.328330	
17	1	33.286550	0.956214	
18	1	6.084267	8.147040	
19	1	2.192175	10.539040	
20	3	2.618914	7.443944	14.540510	1.022452	1.822898	7.907730	
21	2	2.192175	10.726660	25.456130	0.879889	
22	1	13.568940	32.504350	
23	1	4.636748	7.052836	
24	1	22.353520	2.031523	
25	1	21.905930	1.158987	
26	1	48.094740	0.894436	
27	1	8.468719	2.375612	
28	1	4.959572	4.167442	
29	1	0.452610	38.700310	
30	1	43.173580	0.863768	
31	1	10.723710	3.250452	
32	1	10.508070	38.700310	
33	1	4.653359	3.155669	
34	1	1.141448	16.414620	
35	1	18.372360	5.537166	
36	2	22.353520	3.427821	25.164860	0.820150	
37	1	4.002730	6.381551	
38	3	5.494568	15.354700	4.565543	4.165858	36.307990	0.419254	
39	1	24.934320	1.456791	
40	1	7.534394	3.435456	
41	1	8.810040	10.521970	
42	1	25.415940	0.649049	
43	5	22.353520	2.235071	3.442350	9.705720	2.577313	11.483620	3.753843	5.168608	14.659770	1.089029	
44	2	8.405608	11.639270	2.740135	24.094750	
45	3	11.054550	2.375612	15.833030	1.623931	2.852724	7.052836	
46	1	4.653359	3.653223	
47	1	7.356228	4.399742	
48	1	4.537214	3.448611	
49	1	3.338607	38.700310	
50	1	1.080138	20.780930	
51	1	1.085130	17.204350	
52	1	16.816470	1.194761	
53	1	0.944004	26.871030	
54	1	0.907729	16.853800	
55	1	48.888060	11.639270	
56	1	12.382040	1.943885	
57	2	42.528780	0.912940	11.184620	3.306689	
58	1	48.308250	0.601972	
59	1	10.754910	6.808892	
60	1	27.762450	1.022452	
61	1	16.712400	26.995720	
62	1	19.520090	0.956214	
63	1	0.466521	38.700310	
64	1	14.149360	1.951394	
65	1	3.632499	24.094750	
66	1	37.956360	0.412058	
67	1	10.628140	8.147040	
68	1	42.528780	0.610296	
69	2	10.723710	2.097655	19.149090	0.901046	
70	1	4.959572	2.907426	
71	1	19.897290	1.021806	
72	1	2.097497	26.328330	
73	1	1.107226	17.272580	
74	1	48.308250	0.812720	
75	2	4.302494	13.000160	2.618914	9.409853	
76	1	86.698970	2.247848	
77	1	86.698970	4.737157	
78	1	27.430070	1.022452	
79	1	34.309510	0.820150	
80	1	3.981157	5.537166	
81	1	7.522267	2.963068	
82	1	14.149360	1.514780	
83	1	7.091381	11.475930	
84	2	8.057518	3.385135	14.659770	1.629872	
85	3	0.708571	44.143620	3.465265	7.052836	5.990369	3.769792	
86	1	3.610545	7.400532	
87	1	10.029230	1.506943	
88	1	2.362212	20.780930	
89	1	12.300280	4.433280	
90	1	1.085130	21.495960	
91	1	4.959572	4.773536	
92	1	3.185437	4.822683	
93	1	37.956360	0.470337	
94	1	19.514860	1.523236	
95	1	2.730349	7.907730	
96	1	2.099278	10.205820	
97	2	2.991397	11.848400	28.268780	0.713762	
98	2	36.307990	0.460635	0.586267	26.328330	
99	3	3.507676	18.901240	3.753843	8.239969	16.816470	1.123662	
100	1	21.905930	4.955976	
101	1	1.437539	20.776780	
102	1	32.955820	1.437549	
103	1	16.712400	1.563795	
104	1	0.855385	16.853800	
105	1	16.703880	1.366406	
106	1	21.905930	0.976035	
107	1	8.056907	3.435456	
108	1	18.073750	0.894436	
109	2	14.787900	1.366406	3.971876	4.822683	
110	3	4.553247	5.999352	4.169648	4.822683	18.348790	0.891413	
111	3	0.748751	38.700310	43.173580	0.526666	3.154232	5.540686	
112	1	9.767326	16.853800	
113	1	16.712400	1.076291	
114	1	1.488882	11.475930	
115	1	11.528610	2.362970	
116	1	5.990369	2.399938	
117	1	9.254589	1.943885	
118	1	4.049316	4.684009	
119	1	11.607400	1.506943	
120	1	7.390981	3.602966	
121	1	24.934860	0.879889	
122	1	0.561328	38.700310	
123	1	22.892310	0.649049	
124	1	43.525400	1.390434	
125	1	1.149895	21.265710	
126	1	7.522267	2.577618	
127	1	0.882415	17.272580	
128	1	3.578176	10.521970	
129	1	4.025474	4.822683	
130	1	2.912059	7.052836	
131	1	21.905930	0.969347	
132	1	29.159170	0.901046	
133	1	18.348790	1.076210	
134	1	25.374820	0.636640	
135	1	4.537214	3.360281	
136	1	31.602060	0.489240	
137	1	4.146029	7.400532	
138	1	0.684774	38.700310	
139	1	4.553247	4.155700	
140	1	5.013121	2.851127	
141	1	8.580263	5.308640	
142	1	34.099560	0.636640	
143	1	48.308250	0.916662	
144	1	21.905930	1.176343	
145	1	5.316239	6.169730	
146	1	19.897290	0.945818	
147	1	1.078519	26.328330	
148	1	0.614219	44.143620	
149	1	5.013121	3.318604	
150	1	16.712400	1.545645	
151	1	33.774860	0.713762	
152	1	1.426947	11.848400	
153	1	43.724730	32.504350	
154	1	8.859436	3.602966	
155	1	9.065273	3.385135	
156	2	15.833030	1.761204	1.211177	21.265710	
157	1	4.488878	11.848400	
158	1	31.602060	0.466973	
159	1	5.256950	10.205820	
160	1	6.976862	2.718901	
