path18.25.txt
20
25
100 94
1	1	3.920115	19.464480	
2	1	9.453364	6.565748	
3	3	32.236130	43.197850	4.939088	20.838840	2.055898	43.197850	
4	1	93.181550	15.725470	
5	1	3.923310	43.197850	
6	1	13.358840	6.565748	
7	1	4.939088	9.963611	
8	1	93.181550	33.224940	
9	1	9.528829	6.565748	
10	2	67.658970	1.823282	43.759610	1.285998	
11	1	6.818451	6.171885	
12	2	13.589380	23.733370	6.818451	8.504133	
13	1	56.240390	0.585952	
14	2	43.256200	43.197850	6.818451	15.255780	
15	1	9.669264	19.464480	
16	1	67.658970	4.742466	
17	1	56.240390	0.700046	
18	1	4.939088	12.395390	
19	1	6.818451	14.144000	
20	1	6.818451	4.874602	
