path46.100.txt
80
100
100 74
1	1	9.679404	5.987017	
2	1	2.723850	8.036492	
3	1	29.172080	2.305719	
4	4	6.432351	9.172771	1.586421	29.795310	4.561285	9.172771	1.702869	13.030260	
5	1	7.276699	10.902690	
6	1	12.276600	6.073519	
7	1	11.458390	3.681298	
8	1	5.082621	12.789860	
9	1	3.283526	10.902690	
10	1	1.260875	40.420250	
11	1	8.880001	10.840300	
12	1	6.537419	5.893429	
13	1	4.640418	5.790754	
14	1	44.090160	0.449821	
15	1	2.452815	9.842041	
16	2	2.278906	19.551680	1.557912	24.943460	
17	3	1.939312	30.980710	5.306820	10.902690	3.653575	11.224070	
18	1	12.276600	8.350564	
19	1	52.980190	3.650515	
20	2	8.123379	10.902690	0.653078	35.771650	
21	2	12.276600	10.663200	11.710290	3.052645	
22	1	1.043669	40.420250	
23	1	0.573995	35.771650	
24	1	33.079010	54.227700	
25	2	1.141625	40.420250	7.952767	3.581522	
26	2	9.746424	6.918389	5.739181	5.893429	
27	1	13.155950	3.052645	
28	2	44.090160	0.860330	17.900770	1.421217	
29	1	1.767917	20.069100	
30	3	15.390580	5.987017	7.279071	6.342423	1.557912	15.476790	
31	1	12.422550	54.227700	
32	1	11.364470	6.918389	
33	2	17.713690	1.425721	44.090160	0.470590	
34	1	1.586421	44.142220	
35	1	5.855676	7.071157	
36	1	1.702869	10.993150	
37	1	8.520887	10.884990	
38	1	17.713690	2.255576	
39	1	1.511055	40.420250	
40	1	5.701973	5.768856	
41	2	5.855676	7.473957	3.131826	8.036492	
42	1	8.520887	19.397930	
43	1	8.399039	5.987017	
44	1	3.880470	15.632800	
45	1	5.563125	73.937520	
46	2	2.870146	9.767126	1.356650	20.069100	
47	2	9.355548	6.886438	5.855676	10.052690	
48	1	4.428002	10.840300	
49	1	19.458130	2.934372	
50	1	7.952767	9.427258	
51	1	13.308000	24.931350	
52	1	0.602843	35.771650	
53	1	5.082621	11.669380	
54	1	9.355548	4.270666	
55	1	1.991948	24.023420	
56	1	44.090160	5.805069	
57	1	2.278906	16.219980	
58	1	5.701973	5.455213	
59	1	1.082487	73.937520	
60	1	1.304746	30.980710	
61	1	8.520887	28.021800	
62	1	44.090160	1.586961	
63	1	12.492660	3.052645	
64	1	7.952767	2.952230	
65	2	0.569504	35.771650	0.763460	24.023420	
66	1	66.199030	7.252178	
67	1	16.634620	21.763740	
68	1	45.501560	19.709830	
69	1	1.738563	24.023420	
70	1	0.787317	40.420250	
71	1	13.218840	3.650515	
72	3	1.113961	30.980710	1.082230	24.023420	2.187603	9.842041	
73	1	9.355548	7.984666	
74	1	4.729805	10.902690	
75	1	3.124566	15.702550	
76	1	5.855676	7.785957	
77	1	17.900770	1.513155	
78	1	5.080743	10.902690	
79	1	7.170690	9.172771	
80	1	2.870146	14.692110	
