path8.50.txt
40
50
100 100
1	1	0.789506	28.583940	
2	1	29.220770	4.727318	
3	1	3.200322	8.560877	
4	1	19.875060	32.884150	
5	1	7.986121	2.278490	
6	1	25.664410	19.419330	
7	1	9.468125	32.884150	
8	2	7.353967	32.884150	25.164010	1.194380	
9	1	5.371288	56.875670	
10	1	11.922240	1.826633	
11	1	58.803190	5.677348	
12	3	83.591520	1.821513	58.803190	1.467811	48.974660	0.774418	
13	2	9.510113	19.419330	18.575490	1.194380	
14	2	58.803190	3.965471	41.196810	4.839071	
15	1	3.724937	3.947545	
16	1	1.744758	46.383600	
17	2	14.588370	19.419330	8.683801	2.278490	
18	1	0.789506	28.291730	
19	1	29.220770	20.712560	
20	4	52.885600	23.068020	100.000000	1.109966	10.604450	5.445549	41.196810	0.865735	
21	2	83.330080	2.278490	34.616870	0.659331	
22	1	58.803190	0.863783	
23	1	34.616870	0.694809	
24	1	41.196810	22.294540	
25	1	16.408480	3.175652	
26	1	29.220770	31.435790	
27	1	2.506343	46.383600	
28	1	4.251101	10.492070	
29	1	48.445100	3.377814	
30	1	33.787140	8.560877	
31	1	48.974660	0.579721	
32	1	10.604450	13.973780	
33	1	16.627840	1.194380	
34	1	5.917592	23.068020	
35	1	19.945250	32.884150	
36	1	3.724937	9.521741	
37	1	4.209350	8.560877	
38	1	11.922240	1.551180	
39	1	3.724937	19.414860	
40	1	58.803190	1.517787	
