path47.25.txt
20
25
100 96
1	1	18.291760	12.332040	
2	1	3.007483	32.428020	
3	1	19.853570	12.332040	
4	1	70.651500	15.976140	
5	1	9.144957	7.688624	
6	1	5.848783	7.688624	
7	1	5.688818	25.273230	
8	1	81.202930	1.087468	
9	1	20.396220	1.807933	
10	3	60.254540	3.856103	43.914710	4.178963	1.685577	32.428020	
11	1	25.178340	15.976140	
12	1	9.933835	32.428020	
13	1	20.396220	2.371030	
14	1	31.518900	4.178963	
15	1	0.682211	67.038150	
16	3	22.109210	12.332040	3.487955	67.038150	7.656442	16.773710	
17	2	81.202930	31.340550	24.751720	32.961850	
18	1	52.598090	16.773710	
19	1	95.829830	14.455030	
20	1	9.304922	25.273230	
