path23.100.txt
80
100
100 100
1	1	0.906349	31.418400	
2	1	10.832670	2.517371	
3	1	4.187295	60.784550	
4	1	26.436640	1.123773	
5	1	3.274777	9.136042	
6	1	2.879507	15.825870	
7	1	2.972781	21.550740	
8	1	12.373730	1.935161	
9	1	6.202623	7.355292	
10	1	5.519626	5.962119	
11	1	8.197192	3.855636	
12	1	10.026970	7.355292	
13	3	3.623042	8.579479	2.049246	14.416660	6.735722	4.344938	
14	1	22.719700	2.287257	
15	1	3.227772	9.136042	
16	1	18.598600	1.305956	
17	1	12.093410	3.734583	
18	1	22.719700	3.950639	
19	1	1.654860	14.614250	
20	1	27.118990	1.121194	
21	1	8.197192	4.490471	
22	1	47.238550	6.239186	
23	1	31.178010	2.206206	
24	5	21.499110	2.949021	22.719700	2.308726	3.525554	8.288889	2.049246	13.917840	3.623042	7.246387	
25	1	3.607983	6.573635	
26	1	43.521600	1.123773	
27	1	0.925085	31.418400	
28	1	8.197192	5.088966	
29	1	0.951114	28.334500	
30	1	5.334737	5.942706	
31	2	100.000000	13.542420	25.932400	1.393174	
32	2	18.356870	4.124200	3.071139	8.088387	
33	3	69.339600	16.249210	18.147440	2.623970	1.654860	14.751900	
34	1	3.071139	13.452620	
35	1	31.178010	0.829844	
36	1	12.099500	4.124200	
37	1	5.041761	8.288889	
38	1	16.866500	2.115548	
39	1	18.147440	4.962829	
40	2	47.238550	5.508515	15.434100	8.845540	
41	1	19.876840	1.956457	
42	1	3.071139	7.825142	
43	1	6.502549	6.456489	
44	1	50.081410	0.606225	
45	1	10.832670	3.740535	
46	1	21.499110	1.641606	
47	1	50.081410	0.595029	
48	1	50.081410	0.755203	
49	1	8.197192	3.476234	
50	1	6.735722	3.673201	
51	1	3.607983	6.765060	
52	1	31.178010	1.088150	
53	1	3.869857	7.355292	
54	1	8.197192	23.049130	
55	1	18.405060	1.305956	
56	1	21.499110	1.663807	
57	1	3.607983	16.027450	
58	1	4.708445	9.078820	
59	1	3.683578	7.355292	
60	1	5.638011	8.018140	
61	1	8.197192	4.363972	
62	1	33.638100	1.009041	
63	1	19.624170	1.393174	
64	1	3.235226	12.200610	
65	1	16.866500	2.008652	
66	1	51.381900	0.586403	
67	1	12.373730	2.247311	
68	1	4.666930	10.899310	
69	1	53.905490	8.845540	
70	1	12.093410	3.138706	
71	1	8.197192	3.294093	
72	1	17.639010	1.606483	
73	1	5.274997	60.784550	
74	1	8.567315	3.911724	
75	2	32.954590	1.305956	17.310290	1.606483	
76	1	100.000000	10.111430	
77	4	40.036950	5.962119	8.197192	13.166050	1.694149	21.550740	51.381900	0.534791	
78	2	100.000000	9.307169	18.147440	1.492021	
79	5	22.719700	3.201079	34.949300	1.515309	5.497938	5.942706	1.047927	28.334500	12.093410	2.205531	
80	1	44.862790	1.009041	
