path28.200.txt
160
200
100 95
1	1	2.378029	10.417510	
2	1	20.656380	0.804481	
3	4	68.631260	9.173949	4.305347	5.702044	10.469300	2.125466	9.091576	1.883354	
4	1	12.105180	2.125466	
5	1	33.863580	0.505320	
6	1	26.919700	0.854037	
7	3	25.737690	1.613594	13.977520	1.753356	4.130025	5.552979	
8	2	41.456320	1.391675	18.156880	1.223215	
9	2	13.657790	1.719184	0.899707	21.579160	
10	2	10.470120	2.576926	35.639780	0.754604	
11	1	21.703660	0.854037	
12	1	4.183675	6.319379	
13	1	25.737690	0.876323	
14	1	4.270797	4.602514	
15	1	1.707873	15.383880	
16	1	8.994502	2.686267	
17	1	7.358003	2.325108	
18	1	7.358003	2.199084	
19	1	1.714543	11.325650	
20	1	17.969300	1.037320	
21	1	21.553930	1.014624	
22	3	17.260500	9.173949	6.013793	4.314269	2.860574	6.570581	
23	1	4.933008	5.452174	
24	2	2.580294	14.040390	41.456320	0.531715	
25	1	1.871143	10.364650	
26	2	64.351780	1.371024	26.793900	1.223215	
27	2	17.314530	1.371024	0.865751	22.085500	
28	1	40.567520	15.195400	
29	1	35.639780	0.600189	
30	1	6.409065	2.347976	
31	1	13.977520	1.520965	
32	1	9.938805	3.349679	
33	1	64.707650	17.773050	
34	1	23.537840	0.877770	
35	1	46.287880	0.793199	
36	1	2.580294	12.244150	
37	1	12.496650	1.845456	
38	1	7.639622	3.017082	
39	1	14.369520	1.168744	
40	1	20.517010	0.841022	
41	1	41.815820	2.448061	
42	1	38.853520	0.477589	
43	1	2.096376	15.195400	
44	1	13.478550	1.838394	
45	1	14.865640	1.354793	
46	1	46.661450	0.572026	
47	1	17.969300	1.088147	
48	1	1.807073	6.602762	
49	1	18.315890	1.354793	
50	1	3.092446	6.570581	
51	1	13.657790	1.232698	
52	1	1.598587	15.172650	
53	1	16.535380	1.207833	
54	1	0.835514	36.817260	
55	2	0.835514	19.972540	5.221966	3.176521	
56	2	20.493540	3.836174	1.993749	10.163650	
57	1	0.835514	21.631040	
58	1	13.219960	1.371024	
59	2	3.952322	6.570581	7.388825	2.284943	
60	1	10.624570	1.845456	
61	1	9.352442	2.797791	
62	1	9.612707	2.347976	
63	1	9.203805	2.552325	
64	2	0.875490	21.817320	4.130025	4.610669	
65	1	24.767550	0.827739	
66	1	1.147811	15.195400	
67	1	94.886260	1.784415	
68	1	13.478550	1.305349	
69	1	2.177925	14.291890	
70	1	16.535380	1.240228	
71	1	13.657790	2.156286	
72	2	2.378029	11.161650	8.601149	2.900123	
73	1	10.263960	1.477936	
74	1	2.978909	7.382313	
75	1	0.981707	15.172650	
76	2	16.144350	1.806178	6.018167	3.017082	
77	1	22.188200	9.550835	
78	1	41.456320	0.485148	
79	2	24.767550	2.246611	38.853520	0.443106	
80	1	32.007560	2.271135	
81	1	27.674030	1.144236	
82	1	42.473710	0.704555	
83	1	30.120230	0.457092	
84	1	31.265190	0.920695	
85	1	3.357269	8.043845	
86	1	43.811710	0.744322	
87	2	20.686600	0.829777	4.933008	3.373811	
88	1	0.875490	33.301490	
89	1	3.019456	8.043845	
90	1	6.518658	3.349679	
91	4	34.813360	0.877770	43.011770	0.446994	2.069535	8.078225	10.470120	1.209374	
92	1	28.307470	17.773050	
93	1	14.719680	0.793199	
94	1	9.203805	2.155458	
95	2	8.372264	10.731990	40.543770	0.494939	
96	2	2.172750	10.731990	26.347610	0.704555	
97	1	50.743610	1.477936	
98	1	94.886260	3.468508	
99	1	39.998490	0.849068	
100	1	13.932570	1.806178	
101	1	7.358003	2.763082	
102	1	1.632096	21.579160	
103	1	43.822070	3.176521	
104	1	13.030780	2.837564	
105	1	24.473250	9.550835	
106	1	41.456320	1.367545	
107	1	28.274280	0.707570	
108	1	1.390193	13.535320	
109	1	4.270797	4.223472	
110	1	29.585110	3.672154	
111	1	5.180079	6.213664	
112	1	21.189400	1.262447	
113	1	10.470120	1.345710	
114	1	20.197960	0.854037	
115	1	9.352442	2.904253	
116	2	13.977520	1.594301	2.433505	6.964736	
117	3	25.737690	1.824352	13.977520	1.450757	2.624932	5.037989	
118	1	8.994502	3.711971	
119	1	11.829780	1.966293	
120	4	0.875490	23.302030	10.405850	1.948436	33.863580	0.509305	0.864498	13.535320	
121	2	16.554330	7.875553	28.753270	0.676713	
122	2	10.405850	3.089552	1.376626	21.579160	
123	1	6.123774	6.443447	
124	1	21.222340	4.129230	
125	2	2.580294	6.944324	1.874138	6.602762	
126	1	8.994502	2.775711	
127	1	7.388825	3.511292	
128	1	2.580294	7.933824	
129	1	20.939310	0.841022	
130	1	9.560049	2.900123	
131	1	39.468740	1.014624	
132	1	30.120230	0.391976	
133	1	13.657790	1.556586	
134	1	17.541120	6.602762	
135	1	70.118710	1.304587	
136	1	28.274280	1.098608	
137	1	43.011770	0.568685	
138	1	1.714543	10.759850	
139	1	22.325170	0.829777	
140	1	40.543770	0.556115	
141	1	2.595459	6.964736	
142	1	19.386250	1.144236	
143	1	4.876378	6.964736	
144	1	3.110543	8.078225	
145	1	14.383750	1.168744	
146	1	1.871143	9.679543	
147	2	9.091576	1.952821	20.799940	0.804481	
148	3	41.456320	2.535469	94.886260	0.999373	43.811710	0.667373	
149	3	47.825990	1.144236	46.661450	0.609131	7.388825	2.247611	
150	1	94.886260	3.985104	
151	1	20.266920	1.262447	
152	1	1.605518	13.535320	
153	1	0.822442	78.420840	
154	1	0.944889	21.579160	
155	1	11.600990	1.966293	
156	1	2.823784	21.579160	
157	1	5.298445	3.176521	
158	1	4.435260	4.314269	
159	1	13.478550	4.238570	
160	1	7.408998	2.347976	
