path29.100.txt
80
100
100 100
1	1	14.384630	2.275462	
2	1	18.088210	1.535316	
3	1	10.284310	6.806918	
4	1	10.313880	7.536597	
5	1	1.549902	16.283160	
6	1	20.623600	2.615345	
7	1	8.589482	4.838473	
8	1	11.516890	1.653722	
9	1	13.233880	1.415847	
10	1	10.299870	2.734698	
11	1	3.795948	20.948440	
12	1	14.109830	3.769021	
13	1	13.718270	1.527084	
14	1	5.128789	4.838473	
15	1	29.512850	1.263242	
16	1	13.856820	3.295456	
17	1	14.109830	3.155417	
18	1	1.011523	29.618640	
19	1	4.606247	8.034161	
20	1	6.923139	2.987590	
21	1	9.970796	2.275462	
22	2	0.677261	38.144760	3.772222	5.826317	
23	1	44.582870	1.003355	
24	1	13.712590	2.014424	
25	4	7.505805	6.899533	6.098206	4.071378	1.170376	17.914770	12.112260	1.563992	
26	1	15.729090	8.876275	
27	1	5.418685	4.071378	
28	1	30.343460	0.927039	
29	1	34.686370	8.876275	
30	1	11.516890	1.754661	
31	1	18.969110	9.755223	
32	1	13.233880	1.488307	
33	2	3.289559	37.275340	18.088210	1.199382	
34	2	54.551920	4.612613	14.983280	1.563992	
35	1	18.448940	1.141033	
36	1	5.790715	8.034161	
37	1	50.522620	1.263242	
38	1	24.208460	0.927039	
39	2	16.639220	1.862337	18.448940	1.134429	
40	1	12.219920	2.402696	
41	1	20.623600	1.478157	
42	2	10.313880	13.411840	10.492090	3.295456	
43	2	7.505805	4.272323	14.596230	1.862337	
44	3	3.887838	49.316620	1.549902	19.843010	3.433966	6.806918	
45	2	9.833063	7.479761	24.348910	1.230002	
46	3	5.658168	38.144760	100.000000	1.008761	36.691220	1.003355	
47	1	4.290633	21.443740	
48	2	20.623600	3.386259	13.718270	1.536898	
49	1	39.777920	37.275340	
50	1	5.026019	37.275340	
51	1	19.964530	1.263242	
52	1	2.182214	49.316620	
53	1	54.551920	1.582546	
54	1	54.551920	0.674299	
55	1	1.549902	13.190450	
56	1	7.308941	5.489338	
57	1	6.923139	5.046570	
58	2	97.989780	4.315054	14.321980	1.510080	
59	3	47.574330	8.876275	6.458416	37.275340	9.946050	5.826317	
60	3	1.960566	49.316620	12.128990	2.402696	16.839280	1.510080	
61	1	18.035800	2.014424	
62	1	23.390660	1.510080	
63	1	30.917580	2.275462	
64	1	0.998696	29.618640	
65	1	13.718270	25.635790	
66	1	24.348910	1.106006	
67	1	7.308941	4.265885	
68	1	18.725910	1.003355	
69	1	13.861660	6.470169	
70	1	26.163840	2.734698	
71	1	13.718270	3.145142	
72	1	0.533651	49.316620	
73	1	31.235450	1.695680	
74	1	97.989780	16.427310	
75	1	31.235450	4.476143	
76	1	9.819201	21.443740	
77	1	31.748390	5.465337	
78	1	13.233880	1.598767	
79	1	1.170376	20.230000	
80	1	13.233880	1.967247	
