path41.50.txt
40
50
100 100
1	3	39.851100	20.057210	46.418780	2.349569	15.393730	1.826293	
2	3	49.759250	2.638730	32.038440	1.055148	19.382170	1.713715	
3	1	18.353900	1.683255	
4	2	38.329700	3.400603	13.298780	1.654722	
5	2	18.353900	1.927539	14.362580	2.268831	
6	1	18.353900	1.962179	
7	1	18.353900	1.013544	
8	1	4.471873	6.586518	
9	2	9.879625	2.103938	14.362580	0.949420	
10	1	29.049340	1.078621	
11	1	100.000000	1.082072	
12	1	18.947530	1.713715	
13	1	29.631860	1.055148	
14	1	24.911270	1.125899	
15	1	49.759250	15.063390	
16	1	47.951160	1.826293	
17	2	100.000000	1.416018	19.611860	1.826293	
18	1	89.468570	14.964660	
19	2	10.531430	12.266270	15.251520	1.262617	
20	1	100.000000	2.385512	
21	1	8.027679	3.735869	
22	1	24.911270	2.452835	
23	1	13.298780	4.931796	
24	1	11.073200	2.464235	
25	1	19.100880	2.850649	
26	1	14.362580	3.368267	
27	1	100.000000	12.577130	
28	1	10.531430	2.698392	
29	1	100.000000	10.538560	
30	1	17.043250	1.826293	
31	1	14.980200	1.709601	
32	1	50.240750	17.702120	
33	1	24.911270	3.007784	
34	1	100.000000	3.645652	
35	1	17.640760	1.709601	
36	1	5.500720	6.586518	
37	1	11.073200	1.271634	
38	1	15.251520	1.086952	
39	2	90.120380	2.103938	29.049340	0.630980	
40	1	60.148900	20.057210	
