path49.100.txt
80
100
100 100
1	1	1.180429	21.327380	
2	1	36.048180	20.333390	
3	1	0.619037	54.465710	
4	1	29.961340	1.841205	
5	1	20.715500	1.720687	
6	1	8.506842	9.124820	
7	1	14.931870	1.446235	
8	1	5.222344	54.465710	
9	1	36.048180	20.371280	
10	1	2.591665	5.677038	
11	1	6.612341	4.110917	
12	1	12.960370	1.351596	
13	1	1.683129	54.465710	
14	1	16.298590	1.785049	
15	3	30.789090	1.017841	8.579989	2.054142	2.917190	4.378840	
16	1	4.724776	3.604461	
17	1	8.365616	1.841205	
18	1	100.000000	4.027218	
19	2	12.160710	7.831951	20.621890	2.402126	
20	1	21.467980	6.924459	
21	1	21.467980	9.775896	
22	1	9.345091	2.292601	
23	1	16.895900	11.035890	
24	1	1.451577	9.793834	
25	1	1.289931	10.544020	
26	1	13.083070	2.292601	
27	1	9.145033	8.057856	
28	1	7.586864	2.544854	
29	1	8.360932	2.292601	
30	1	22.736010	1.785049	
31	1	30.789090	0.451842	
32	1	10.167200	1.346761	
33	2	3.837916	9.723590	20.621890	1.453036	
34	4	36.048180	3.570736	39.497430	3.033446	39.034600	1.248397	11.204570	1.188808	
35	1	78.532020	7.736208	
36	1	17.828720	1.351596	
37	7	1.230334	48.360770	19.055890	2.978034	19.713510	2.358346	0.836307	48.360770	28.530320	1.413009	0.420152	41.503590	9.796630	1.413009	
38	2	16.334660	2.358346	0.703109	54.465710	
39	1	78.532020	2.032744	
40	1	1.451577	15.482840	
41	1	30.789090	10.683360	
42	1	38.326950	2.825381	
43	1	3.837916	14.938790	
44	1	2.591665	6.518760	
45	1	2.386339	13.431120	
46	2	4.805112	3.260330	1.566748	9.124820	
47	2	3.807141	8.057856	30.789090	0.576381	
48	1	7.345007	2.544854	
49	1	30.789090	7.722095	
50	1	100.000000	1.044528	
51	1	7.156400	9.289153	
52	1	3.738603	6.104939	
53	1	2.426722	7.353755	
54	1	0.618796	48.360770	
55	1	14.931870	1.598912	
56	1	3.461249	6.046711	
57	1	27.122380	1.188808	
58	1	14.200440	7.831951	
59	1	5.362087	3.260330	
60	1	2.426722	5.608359	
61	1	20.715500	1.412615	
62	1	1.521127	41.503590	
63	2	6.103713	8.057856	6.612341	1.935794	
64	1	1.053165	48.360770	
65	3	13.520370	21.327380	25.721270	11.035890	2.010969	33.857730	
66	1	3.837916	4.526653	
67	2	0.485443	41.503590	1.289931	10.783360	
68	1	78.532020	3.897958	
69	1	12.920900	3.548670	
70	1	2.010969	15.017980	
71	1	12.041910	2.054142	
72	1	12.920900	45.327030	
73	1	2.386339	11.845550	
74	1	38.326950	3.767487	
75	1	9.687036	7.831951	
76	1	2.917190	4.910313	
77	1	2.133111	12.195800	
78	1	4.724776	5.527124	
79	1	10.167200	1.302212	
80	1	100.000000	12.726300	
