path25.50.txt
40
50
100 72
1	1	37.244320	1.217515	
2	1	35.388540	0.928063	
3	1	2.957969	19.151740	
4	2	38.878900	0.999394	16.012850	1.042571	
5	1	25.732560	1.669532	
6	2	20.338470	4.254070	23.573480	2.026193	
7	1	6.179231	71.358500	
8	1	53.640400	6.280263	
9	1	12.142810	6.280263	
10	1	2.557790	17.570050	
11	2	36.114350	10.107600	36.114350	7.462445	
12	1	24.240410	0.916379	
13	2	20.364090	71.358500	21.231470	1.042571	
14	2	39.652240	35.383940	26.218460	0.644162	
15	1	39.652240	16.186800	
16	1	51.185330	15.717320	
17	1	35.388540	0.741470	
18	1	37.244320	18.431620	
19	1	28.497230	2.217703	
20	1	0.980101	17.570050	
21	1	26.944920	0.916379	
22	1	51.185330	0.630332	
23	1	11.155010	2.217703	
24	1	1.110595	23.617830	
25	1	3.546536	7.297701	
26	1	2.824810	19.151740	
27	1	0.791962	71.358500	
28	1	5.241340	2.881907	
29	1	38.878900	0.670138	
30	2	1.996131	13.242980	1.996131	7.448727	
31	1	15.964570	71.358500	
32	2	6.027687	17.908200	1.110595	47.740660	
33	2	57.213020	2.207624	13.878330	1.372163	
34	2	0.723584	71.358500	3.546536	13.394000	
35	1	10.643320	2.026193	
36	1	5.782780	52.206760	
37	1	5.608353	71.358500	
38	1	3.822597	71.358500	
39	2	57.213020	0.575882	24.966870	0.644162	
40	1	8.636988	2.881907	
