path35.50.txt
40
50
100 64
1	2	42.931640	4.925061	16.324430	6.095135	
2	1	7.535285	8.929276	
3	1	15.211230	3.495851	
4	1	3.643716	34.484390	
5	1	12.708520	2.923317	
6	1	2.977172	27.150160	
7	1	28.382300	1.493529	
8	1	29.078700	1.911069	
9	1	1.729513	34.484390	
10	1	15.211230	2.639867	
11	1	15.069550	3.654537	
12	1	28.382300	1.549051	
13	1	8.637387	11.020200	
14	1	28.382300	1.358978	
15	2	26.607200	6.095135	0.870939	44.006250	
16	1	14.161550	3.877447	
17	1	15.081820	7.375882	
18	1	2.171403	44.006250	
19	1	12.708520	2.823074	
20	2	28.382300	3.024348	7.535285	10.493350	
21	1	15.069550	4.776706	
22	1	7.675949	8.586234	
23	2	28.382300	2.770607	5.287748	11.020200	
24	1	3.440985	34.484390	
25	2	28.382300	2.850239	12.708520	2.684852	
26	1	5.638690	33.532360	
27	1	52.796810	63.911350	
28	2	2.641371	44.006250	28.382300	1.270086	
29	1	32.121380	63.911350	
30	1	16.496440	34.484390	
31	1	15.211230	8.926054	
32	1	0.782243	44.006250	
33	1	28.382300	2.320378	
34	1	5.638690	10.473890	
35	1	2.977172	16.856090	
36	1	28.474470	16.637210	
37	1	15.081820	3.763132	
38	1	14.917150	3.877447	
39	2	2.621348	34.484390	29.078700	2.642727	
40	4	7.675949	10.836390	15.081820	4.808142	43.143230	1.604258	15.081820	3.957943	
