path1.100.txt
80
100
100 71
1	1	11.109120	1.473467	
2	1	32.430660	0.584768	
3	2	41.204610	5.355551	7.552056	3.701800	
4	1	32.430660	0.848866	
5	1	8.107682	2.228320	
6	1	41.204610	0.651416	
7	1	2.631681	34.549190	
8	1	9.653809	29.675930	
9	3	6.715201	12.539110	11.785120	2.346882	4.548562	6.028456	
10	1	29.664580	1.112942	
11	1	1.314470	11.693380	
12	2	10.303170	1.748960	3.984951	4.266823	
13	1	26.025000	1.116649	
14	1	42.173330	0.481379	
15	1	21.201800	6.580703	
16	1	0.848066	20.051930	
17	2	1.736806	10.603970	1.705037	9.877637	
18	1	18.621810	2.626990	
19	1	2.912739	8.132191	
20	3	49.898780	26.425710	23.599490	1.640380	41.204610	0.432389	
21	1	1.016037	50.443830	
22	1	41.204610	0.593152	
23	2	1.179846	50.443830	2.888855	10.826190	
24	1	18.443390	0.874603	
25	4	10.535870	2.346882	13.154660	1.735629	7.603799	2.571012	20.511070	0.850640	
26	2	7.817509	22.586380	1.697029	9.877637	
27	1	10.808390	50.443830	
28	1	14.966990	2.228320	
29	1	18.799120	6.028456	
30	1	11.042770	2.626990	
31	1	9.304220	2.376595	
32	1	3.984951	6.337144	
33	1	7.441764	50.443830	
34	1	5.023225	34.549190	
35	1	16.509920	1.735629	
36	1	70.335420	2.436572	
37	1	42.173330	0.635269	
38	1	15.699420	2.845096	
39	1	7.603799	8.255175	
40	1	1.320217	14.097400	
41	4	5.538497	22.174880	5.556846	18.302680	16.828340	1.473467	2.136431	9.877637	
42	1	36.585800	0.934528	
43	1	66.410140	22.586380	
44	1	0.848066	30.391900	
45	1	49.898780	8.123472	
46	2	29.664580	1.250198	9.153507	2.078303	
47	1	1.995210	36.138070	
48	1	9.153507	12.137270	
49	1	31.612530	0.934528	
50	1	1.312688	25.809700	
51	2	1.333192	12.539110	18.443390	0.874357	
52	1	9.360808	1.748960	
53	4	6.154009	34.549190	9.556726	8.781500	5.986324	13.364930	3.947375	6.242819	
54	1	9.556726	3.757611	
55	1	1.320217	11.712300	
56	1	21.201800	13.160580	
57	1	7.078392	29.675930	
58	1	5.556846	17.835390	
59	1	14.524750	13.364930	
60	1	12.693000	2.228320	
61	1	1.314470	14.116320	
62	1	7.427980	2.376595	
63	1	11.260310	1.473467	
64	1	6.627722	34.549190	
65	1	41.204610	1.654715	
66	1	14.372880	1.748960	
67	1	2.873327	6.028456	
68	1	0.818425	50.443830	
69	1	4.570549	22.586380	
70	1	39.197770	0.873415	
71	1	5.580657	6.028456	
72	1	23.599490	10.898730	
73	1	32.430660	0.794685	
74	1	15.718090	1.748960	
75	1	8.816664	2.346882	
76	1	2.912739	13.999730	
77	1	2.912739	9.920597	
78	1	5.502379	2.845096	
79	1	1.830299	10.603970	
80	1	30.711950	10.826190	
