path20.25.txt
20
25
100 100
1	1	10.254730	4.697548	
2	1	28.180570	4.697548	
3	1	100.000000	1.125362	
4	1	28.721010	32.602990	
5	3	22.908960	19.497150	38.435310	2.464770	38.435310	0.594588	
6	2	71.278990	14.642510	71.278990	9.711567	
7	1	100.000000	4.351664	
8	2	100.000000	1.342291	44.056040	1.468311	
9	1	86.622590	3.305003	
10	1	32.843690	16.151240	
11	1	13.377410	4.773314	
12	1	100.000000	19.356980	
13	1	38.435310	8.394337	
14	1	11.086460	5.703442	
15	1	28.721010	27.399480	
16	2	40.839460	19.497150	42.566550	1.468311	
17	1	27.414200	5.703442	
18	1	100.000000	3.344478	
19	1	61.499340	5.703442	
20	1	7.530576	19.497150	
