1000 39221
1000
262 291
262 291
262 291
262 291
262 291
262 291
262 291
262 291
262 291
262 291
283 265
283 265
283 265
283 265
283 265
283 265
283 265
283 265
283 265
283 265
292 254
292 254
292 254
292 254
292 254
292 254
292 254
292 254
292 254
292 254
260 283
260 283
260 283
260 283
260 283
260 283
260 283
260 283
260 283
260 283
291 249
291 249
291 249
291 249
291 249
291 249
291 249
291 249
291 249
291 249
286 247
286 247
286 247
286 247
286 247
286 247
286 247
286 247
286 247
286 247
275 251
275 251
275 251
275 251
275 251
275 251
275 251
275 251
275 251
275 251
253 265
253 265
253 265
253 265
253 265
253 265
253 265
253 265
253 265
253 265
234 280
234 280
234 280
234 280
234 280
234 280
234 280
234 280
234 280
234 280
236 277
236 277
236 277
236 277
236 277
236 277
236 277
236 277
236 277
236 277
297 216
297 216
297 216
297 216
297 216
297 216
297 216
297 216
297 216
297 216
244 254
244 254
244 254
244 254
244 254
244 254
244 254
244 254
244 254
244 254
221 280
221 280
221 280
221 280
221 280
221 280
221 280
221 280
221 280
221 280
276 222
276 222
276 222
276 222
276 222
276 222
276 222
276 222
276 222
276 222
270 224
270 224
270 224
270 224
270 224
270 224
270 224
270 224
270 224
270 224
228 247
228 247
228 247
228 247
228 247
228 247
228 247
228 247
228 247
228 247
193 288
193 288
193 288
193 288
193 288
193 288
193 288
193 288
193 288
193 288
260 207
260 207
260 207
260 207
260 207
260 207
260 207
260 207
260 207
260 207
265 203
265 203
265 203
265 203
265 203
265 203
265 203
265 203
265 203
265 203
171 291
171 291
171 291
171 291
171 291
171 291
171 291
171 291
171 291
171 291
295 168
295 168
295 168
295 168
295 168
295 168
295 168
295 168
295 168
295 168
165 300
165 300
165 300
165 300
165 300
165 300
165 300
165 300
165 300
165 300
247 200
247 200
247 200
247 200
247 200
247 200
247 200
247 200
247 200
247 200
166 294
166 294
166 294
166 294
166 294
166 294
166 294
166 294
166 294
166 294
251 191
251 191
251 191
251 191
251 191
251 191
251 191
251 191
251 191
251 191
225 212
225 212
225 212
225 212
225 212
225 212
225 212
225 212
225 212
225 212
174 272
174 272
174 272
174 272
174 272
174 272
174 272
174 272
174 272
174 272
215 219
215 219
215 219
215 219
215 219
215 219
215 219
215 219
215 219
215 219
246 190
246 190
246 190
246 190
246 190
246 190
246 190
246 190
246 190
246 190
227 200
227 200
227 200
227 200
227 200
227 200
227 200
227 200
227 200
227 200
160 282
160 282
160 282
160 282
160 282
160 282
160 282
160 282
160 282
160 282
269 166
269 166
269 166
269 166
269 166
269 166
269 166
269 166
269 166
269 166
229 193
229 193
229 193
229 193
229 193
229 193
229 193
229 193
229 193
229 193
281 156
281 156
281 156
281 156
281 156
281 156
281 156
281 156
281 156
281 156
292 145
292 145
292 145
292 145
292 145
292 145
292 145
292 145
292 145
292 145
172 246
172 246
172 246
172 246
172 246
172 246
172 246
172 246
172 246
172 246
194 216
194 216
194 216
194 216
194 216
194 216
194 216
194 216
194 216
194 216
167 243
167 243
167 243
167 243
167 243
167 243
167 243
167 243
167 243
167 243
205 195
205 195
205 195
205 195
205 195
205 195
205 195
205 195
205 195
205 195
176 225
176 225
176 225
176 225
176 225
176 225
176 225
176 225
176 225
176 225
210 185
210 185
210 185
210 185
210 185
210 185
210 185
210 185
210 185
210 185
287 134
287 134
287 134
287 134
287 134
287 134
287 134
287 134
287 134
287 134
137 280
137 280
137 280
137 280
137 280
137 280
137 280
137 280
137 280
137 280
254 151
254 151
254 151
254 151
254 151
254 151
254 151
254 151
254 151
254 151
201 190
201 190
201 190
201 190
201 190
201 190
201 190
201 190
201 190
201 190
189 202
189 202
189 202
189 202
189 202
189 202
189 202
189 202
189 202
189 202
271 136
271 136
271 136
271 136
271 136
271 136
271 136
271 136
271 136
271 136
160 230
160 230
160 230
160 230
160 230
160 230
160 230
160 230
160 230
160 230
138 265
138 265
138 265
138 265
138 265
138 265
138 265
138 265
138 265
138 265
122 298
122 298
122 298
122 298
122 298
122 298
122 298
122 298
122 298
122 298
139 261
139 261
139 261
139 261
139 261
139 261
139 261
139 261
139 261
139 261
199 181
199 181
199 181
199 181
199 181
199 181
199 181
199 181
199 181
199 181
259 138
259 138
259 138
259 138
259 138
259 138
259 138
259 138
259 138
259 138
259 137
259 137
259 137
259 137
259 137
259 137
259 137
259 137
259 137
259 137
220 161
220 161
220 161
220 161
220 161
220 161
220 161
220 161
220 161
220 161
254 139
254 139
254 139
254 139
254 139
254 139
254 139
254 139
254 139
254 139
187 187
187 187
187 187
187 187
187 187
187 187
187 187
187 187
187 187
187 187
178 194
178 194
178 194
178 194
178 194
178 194
178 194
178 194
178 194
178 194
128 267
128 267
128 267
128 267
128 267
128 267
128 267
128 267
128 267
128 267
248 135
248 135
248 135
248 135
248 135
248 135
248 135
248 135
248 135
248 135
218 153
218 153
218 153
218 153
218 153
218 153
218 153
218 153
218 153
218 153
121 275
121 275
121 275
121 275
121 275
121 275
121 275
121 275
121 275
121 275
257 128
257 128
257 128
257 128
257 128
257 128
257 128
257 128
257 128
257 128
119 268
119 268
119 268
119 268
119 268
119 268
119 268
119 268
119 268
119 268
130 241
130 241
130 241
130 241
130 241
130 241
130 241
130 241
130 241
130 241
152 205
152 205
152 205
152 205
152 205
152 205
152 205
152 205
152 205
152 205
243 127
243 127
243 127
243 127
243 127
243 127
243 127
243 127
243 127
243 127
126 241
126 241
126 241
126 241
126 241
126 241
126 241
126 241
126 241
126 241
196 152
196 152
196 152
196 152
196 152
196 152
196 152
196 152
196 152
196 152
139 213
139 213
139 213
139 213
139 213
139 213
139 213
139 213
139 213
139 213
216 133
216 133
216 133
216 133
216 133
216 133
216 133
216 133
216 133
216 133
179 159
179 159
179 159
179 159
179 159
179 159
179 159
179 159
179 159
179 159
103 274
103 274
103 274
103 274
103 274
103 274
103 274
103 274
103 274
103 274
204 137
204 137
204 137
204 137
204 137
204 137
204 137
204 137
204 137
204 137
111 247
111 247
111 247
111 247
111 247
111 247
111 247
111 247
111 247
111 247
105 261
105 261
105 261
105 261
105 261
105 261
105 261
105 261
105 261
105 261
138 194
138 194
138 194
138 194
138 194
138 194
138 194
138 194
138 194
138 194
203 130
203 130
203 130
203 130
203 130
203 130
203 130
203 130
203 130
203 130
154 170
154 170
154 170
154 170
154 170
154 170
154 170
154 170
154 170
154 170
212 123
212 123
212 123
212 123
212 123
212 123
212 123
212 123
212 123
212 123
163 156
163 156
163 156
163 156
163 156
163 156
163 156
163 156
163 156
163 156
112 218
112 218
112 218
112 218
112 218
112 218
112 218
112 218
112 218
112 218
176 132
176 132
176 132
176 132
176 132
176 132
176 132
176 132
176 132
176 132
108 215
108 215
108 215
108 215
108 215
108 215
108 215
108 215
108 215
108 215
164 140
164 140
164 140
164 140
164 140
164 140
164 140
164 140
164 140
164 140
110 208
110 208
110 208
110 208
110 208
110 208
110 208
110 208
110 208
110 208
138 165
138 165
138 165
138 165
138 165
138 165
138 165
138 165
138 165
138 165
158 144
158 144
158 144
158 144
158 144
158 144
158 144
158 144
158 144
158 144
127 174
127 174
127 174
127 174
127 174
127 174
127 174
127 174
127 174
127 174
103 214
103 214
103 214
103 214
103 214
103 214
103 214
103 214
103 214
103 214
154 139
154 139
154 139
154 139
154 139
154 139
154 139
154 139
154 139
154 139
117 178
117 178
117 178
117 178
117 178
117 178
117 178
117 178
117 178
117 178
131 150
131 150
131 150
131 150
131 150
131 150
131 150
131 150
131 150
131 150
102 192
102 192
102 192
102 192
102 192
102 192
102 192
102 192
102 192
102 192
166 115
166 115
166 115
166 115
166 115
166 115
166 115
166 115
166 115
166 115
109 174
109 174
109 174
109 174
109 174
109 174
109 174
109 174
109 174
109 174
138 122
138 122
138 122
138 122
138 122
138 122
138 122
138 122
138 122
138 122
142 110
142 110
142 110
142 110
142 110
142 110
142 110
142 110
142 110
142 110
102 149
102 149
102 149
102 149
102 149
102 149
102 149
102 149
102 149
102 149
105 138
105 138
105 138
105 138
105 138
105 138
105 138
105 138
105 138
105 138
