1000 40214
1000
300 289
300 289
300 289
300 289
300 289
300 289
300 289
300 289
300 289
300 289
287 292
287 292
287 292
287 292
287 292
287 292
287 292
287 292
287 292
287 292
273 295
273 295
273 295
273 295
273 295
273 295
273 295
273 295
273 295
273 295
287 273
287 273
287 273
287 273
287 273
287 273
287 273
287 273
287 273
287 273
283 269
283 269
283 269
283 269
283 269
283 269
283 269
283 269
283 269
283 269
258 295
258 295
258 295
258 295
258 295
258 295
258 295
258 295
258 295
258 295
253 296
253 296
253 296
253 296
253 296
253 296
253 296
253 296
253 296
253 296
268 278
268 278
268 278
268 278
268 278
268 278
268 278
268 278
268 278
268 278
285 254
285 254
285 254
285 254
285 254
285 254
285 254
285 254
285 254
285 254
268 254
268 254
268 254
268 254
268 254
268 254
268 254
268 254
268 254
268 254
261 257
261 257
261 257
261 257
261 257
261 257
261 257
261 257
261 257
261 257
251 249
251 249
251 249
251 249
251 249
251 249
251 249
251 249
251 249
251 249
237 260
237 260
237 260
237 260
237 260
237 260
237 260
237 260
237 260
237 260
298 205
298 205
298 205
298 205
298 205
298 205
298 205
298 205
298 205
298 205
237 257
237 257
237 257
237 257
237 257
237 257
237 257
237 257
237 257
237 257
290 205
290 205
290 205
290 205
290 205
290 205
290 205
290 205
290 205
290 205
197 299
197 299
197 299
197 299
197 299
197 299
197 299
197 299
197 299
197 299
225 258
225 258
225 258
225 258
225 258
225 258
225 258
225 258
225 258
225 258
201 274
201 274
201 274
201 274
201 274
201 274
201 274
201 274
201 274
201 274
236 229
236 229
236 229
236 229
236 229
236 229
236 229
236 229
236 229
236 229
186 287
186 287
186 287
186 287
186 287
186 287
186 287
186 287
186 287
186 287
242 220
242 220
242 220
242 220
242 220
242 220
242 220
242 220
242 220
242 220
296 178
296 178
296 178
296 178
296 178
296 178
296 178
296 178
296 178
296 178
178 291
178 291
178 291
178 291
178 291
178 291
178 291
178 291
178 291
178 291
166 300
166 300
166 300
166 300
166 300
166 300
166 300
166 300
166 300
166 300
164 296
164 296
164 296
164 296
164 296
164 296
164 296
164 296
164 296
164 296
204 233
204 233
204 233
204 233
204 233
204 233
204 233
204 233
204 233
204 233
262 180
262 180
262 180
262 180
262 180
262 180
262 180
262 180
262 180
262 180
174 269
174 269
174 269
174 269
174 269
174 269
174 269
174 269
174 269
174 269
270 171
270 171
270 171
270 171
270 171
270 171
270 171
270 171
270 171
270 171
263 174
263 174
263 174
263 174
263 174
263 174
263 174
263 174
263 174
263 174
171 265
171 265
171 265
171 265
171 265
171 265
171 265
171 265
171 265
171 265
238 188
238 188
238 188
238 188
238 188
238 188
238 188
238 188
238 188
238 188
182 241
182 241
182 241
182 241
182 241
182 241
182 241
182 241
182 241
182 241
289 151
289 151
289 151
289 151
289 151
289 151
289 151
289 151
289 151
289 151
210 206
210 206
210 206
210 206
210 206
210 206
210 206
210 206
210 206
210 206
214 198
214 198
214 198
214 198
214 198
214 198
214 198
214 198
214 198
214 198
181 234
181 234
181 234
181 234
181 234
181 234
181 234
181 234
181 234
181 234
203 207
203 207
203 207
203 207
203 207
203 207
203 207
203 207
203 207
203 207
215 192
215 192
215 192
215 192
215 192
215 192
215 192
215 192
215 192
215 192
158 248
158 248
158 248
158 248
158 248
158 248
158 248
158 248
158 248
158 248
136 288
136 288
136 288
136 288
136 288
136 288
136 288
136 288
136 288
136 288
166 235
166 235
166 235
166 235
166 235
166 235
166 235
166 235
166 235
166 235
130 300
130 300
130 300
130 300
130 300
130 300
130 300
130 300
130 300
130 300
170 228
170 228
170 228
170 228
170 228
170 228
170 228
170 228
170 228
170 228
277 139
277 139
277 139
277 139
277 139
277 139
277 139
277 139
277 139
277 139
171 225
171 225
171 225
171 225
171 225
171 225
171 225
171 225
171 225
171 225
171 223
171 223
171 223
171 223
171 223
171 223
171 223
171 223
171 223
171 223
158 240
158 240
158 240
158 240
158 240
158 240
158 240
158 240
158 240
158 240
177 208
177 208
177 208
177 208
177 208
177 208
177 208
177 208
177 208
177 208
146 252
146 252
146 252
146 252
146 252
146 252
146 252
146 252
146 252
146 252
226 162
226 162
226 162
226 162
226 162
226 162
226 162
226 162
226 162
226 162
151 241
151 241
151 241
151 241
151 241
151 241
151 241
151 241
151 241
151 241
176 200
176 200
176 200
176 200
176 200
176 200
176 200
176 200
176 200
176 200
173 203
173 203
173 203
173 203
173 203
173 203
173 203
173 203
173 203
173 203
292 119
292 119
292 119
292 119
292 119
292 119
292 119
292 119
292 119
292 119
244 142
244 142
244 142
244 142
244 142
244 142
244 142
244 142
244 142
244 142
114 297
114 297
114 297
114 297
114 297
114 297
114 297
114 297
114 297
114 297
210 161
210 161
210 161
210 161
210 161
210 161
210 161
210 161
210 161
210 161
149 226
149 226
149 226
149 226
149 226
149 226
149 226
149 226
149 226
149 226
154 215
154 215
154 215
154 215
154 215
154 215
154 215
154 215
154 215
154 215
186 172
186 172
186 172
186 172
186 172
186 172
186 172
186 172
186 172
186 172
268 119
268 119
268 119
268 119
268 119
268 119
268 119
268 119
268 119
268 119
138 227
138 227
138 227
138 227
138 227
138 227
138 227
138 227
138 227
138 227
119 262
119 262
119 262
119 262
119 262
119 262
119 262
119 262
119 262
119 262
114 270
114 270
114 270
114 270
114 270
114 270
114 270
114 270
114 270
114 270
115 265
115 265
115 265
115 265
115 265
115 265
115 265
115 265
115 265
115 265
197 154
197 154
197 154
197 154
197 154
197 154
197 154
197 154
197 154
197 154
218 139
218 139
218 139
218 139
218 139
218 139
218 139
218 139
218 139
218 139
125 237
125 237
125 237
125 237
125 237
125 237
125 237
125 237
125 237
125 237
241 120
241 120
241 120
241 120
241 120
241 120
241 120
241 120
241 120
241 120
151 190
151 190
151 190
151 190
151 190
151 190
151 190
151 190
151 190
151 190
191 149
191 149
191 149
191 149
191 149
191 149
191 149
191 149
191 149
191 149
219 129
219 129
219 129
219 129
219 129
219 129
219 129
219 129
219 129
219 129
165 169
165 169
165 169
165 169
165 169
165 169
165 169
165 169
165 169
165 169
160 174
160 174
160 174
160 174
160 174
160 174
160 174
160 174
160 174
160 174
101 275
101 275
101 275
101 275
101 275
101 275
101 275
101 275
101 275
101 275
236 116
236 116
236 116
236 116
236 116
236 116
236 116
236 116
236 116
236 116
189 144
189 144
189 144
189 144
189 144
189 144
189 144
189 144
189 144
189 144
153 170
153 170
153 170
153 170
153 170
153 170
153 170
153 170
153 170
153 170
175 146
175 146
175 146
175 146
175 146
175 146
175 146
175 146
175 146
175 146
115 214
115 214
115 214
115 214
115 214
115 214
115 214
115 214
115 214
115 214
139 177
139 177
139 177
139 177
139 177
139 177
139 177
139 177
139 177
139 177
109 225
109 225
109 225
109 225
109 225
109 225
109 225
109 225
109 225
109 225
162 151
162 151
162 151
162 151
162 151
162 151
162 151
162 151
162 151
162 151
210 116
210 116
210 116
210 116
210 116
210 116
210 116
210 116
210 116
210 116
157 155
157 155
157 155
157 155
157 155
157 155
157 155
157 155
157 155
157 155
203 112
203 112
203 112
203 112
203 112
203 112
203 112
203 112
203 112
203 112
136 160
136 160
136 160
136 160
136 160
136 160
136 160
136 160
136 160
136 160
142 131
142 131
142 131
142 131
142 131
142 131
142 131
142 131
142 131
142 131
161 113
161 113
161 113
161 113
161 113
161 113
161 113
161 113
161 113
161 113
176 103
176 103
176 103
176 103
176 103
176 103
176 103
176 103
176 103
176 103
137 125
137 125
137 125
137 125
137 125
137 125
137 125
137 125
137 125
137 125
122 140
122 140
122 140
122 140
122 140
122 140
122 140
122 140
122 140
122 140
117 139
117 139
117 139
117 139
117 139
117 139
117 139
117 139
117 139
117 139
108 142
108 142
108 142
108 142
108 142
108 142
108 142
108 142
108 142
108 142
143 105
143 105
143 105
143 105
143 105
143 105
143 105
143 105
143 105
143 105
142 100
142 100
142 100
142 100
142 100
142 100
142 100
142 100
142 100
142 100
121 113
121 113
121 113
121 113
121 113
121 113
121 113
121 113
121 113
121 113
101 135
101 135
101 135
101 135
101 135
101 135
101 135
101 135
101 135
101 135
