1000 39298
1000
282 293
282 293
282 293
282 293
282 293
282 293
282 293
282 293
282 293
282 293
293 271
293 271
293 271
293 271
293 271
293 271
293 271
293 271
293 271
293 271
290 261
290 261
290 261
290 261
290 261
290 261
290 261
290 261
290 261
290 261
282 260
282 260
282 260
282 260
282 260
282 260
282 260
282 260
282 260
282 260
265 263
265 263
265 263
265 263
265 263
265 263
265 263
265 263
265 263
265 263
238 292
238 292
238 292
238 292
238 292
238 292
238 292
238 292
238 292
238 292
265 260
265 260
265 260
265 260
265 260
265 260
265 260
265 260
265 260
265 260
252 273
252 273
252 273
252 273
252 273
252 273
252 273
252 273
252 273
252 273
242 279
242 279
242 279
242 279
242 279
242 279
242 279
242 279
242 279
242 279
290 229
290 229
290 229
290 229
290 229
290 229
290 229
290 229
290 229
290 229
227 274
227 274
227 274
227 274
227 274
227 274
227 274
227 274
227 274
227 274
260 239
260 239
260 239
260 239
260 239
260 239
260 239
260 239
260 239
260 239
252 241
252 241
252 241
252 241
252 241
252 241
252 241
252 241
252 241
252 241
205 288
205 288
205 288
205 288
205 288
205 288
205 288
205 288
205 288
205 288
283 208
283 208
283 208
283 208
283 208
283 208
283 208
283 208
283 208
283 208
261 220
261 220
261 220
261 220
261 220
261 220
261 220
261 220
261 220
261 220
215 266
215 266
215 266
215 266
215 266
215 266
215 266
215 266
215 266
215 266
195 289
195 289
195 289
195 289
195 289
195 289
195 289
195 289
195 289
195 289
197 286
197 286
197 286
197 286
197 286
197 286
197 286
197 286
197 286
197 286
244 228
244 228
244 228
244 228
244 228
244 228
244 228
244 228
244 228
244 228
227 240
227 240
227 240
227 240
227 240
227 240
227 240
227 240
227 240
227 240
188 281
188 281
188 281
188 281
188 281
188 281
188 281
188 281
188 281
188 281
267 197
267 197
267 197
267 197
267 197
267 197
267 197
267 197
267 197
267 197
182 288
182 288
182 288
182 288
182 288
182 288
182 288
182 288
182 288
182 288
252 206
252 206
252 206
252 206
252 206
252 206
252 206
252 206
252 206
252 206
275 187
275 187
275 187
275 187
275 187
275 187
275 187
275 187
275 187
275 187
210 240
210 240
210 240
210 240
210 240
210 240
210 240
210 240
210 240
210 240
200 251
200 251
200 251
200 251
200 251
200 251
200 251
200 251
200 251
200 251
234 211
234 211
234 211
234 211
234 211
234 211
234 211
234 211
234 211
234 211
208 237
208 237
208 237
208 237
208 237
208 237
208 237
208 237
208 237
208 237
188 257
188 257
188 257
188 257
188 257
188 257
188 257
188 257
188 257
188 257
279 173
279 173
279 173
279 173
279 173
279 173
279 173
279 173
279 173
279 173
161 288
161 288
161 288
161 288
161 288
161 288
161 288
161 288
161 288
161 288
206 225
206 225
206 225
206 225
206 225
206 225
206 225
206 225
206 225
206 225
278 164
278 164
278 164
278 164
278 164
278 164
278 164
278 164
278 164
278 164
155 294
155 294
155 294
155 294
155 294
155 294
155 294
155 294
155 294
155 294
163 278
163 278
163 278
163 278
163 278
163 278
163 278
163 278
163 278
163 278
156 286
156 286
156 286
156 286
156 286
156 286
156 286
156 286
156 286
156 286
234 181
234 181
234 181
234 181
234 181
234 181
234 181
234 181
234 181
234 181
151 278
151 278
151 278
151 278
151 278
151 278
151 278
151 278
151 278
151 278
179 220
179 220
179 220
179 220
179 220
179 220
179 220
179 220
179 220
179 220
184 206
184 206
184 206
184 206
184 206
184 206
184 206
184 206
184 206
184 206
149 250
149 250
149 250
149 250
149 250
149 250
149 250
149 250
149 250
149 250
167 221
167 221
167 221
167 221
167 221
167 221
167 221
167 221
167 221
167 221
228 158
228 158
228 158
228 158
228 158
228 158
228 158
228 158
228 158
228 158
125 286
125 286
125 286
125 286
125 286
125 286
125 286
125 286
125 286
125 286
252 138
252 138
252 138
252 138
252 138
252 138
252 138
252 138
252 138
252 138
130 267
130 267
130 267
130 267
130 267
130 267
130 267
130 267
130 267
130 267
142 244
142 244
142 244
142 244
142 244
142 244
142 244
142 244
142 244
142 244
159 216
159 216
159 216
159 216
159 216
159 216
159 216
159 216
159 216
159 216
214 159
214 159
214 159
214 159
214 159
214 159
214 159
214 159
214 159
214 159
116 291
116 291
116 291
116 291
116 291
116 291
116 291
116 291
116 291
116 291
112 296
112 296
112 296
112 296
112 296
112 296
112 296
112 296
112 296
112 296
170 195
170 195
170 195
170 195
170 195
170 195
170 195
170 195
170 195
170 195
162 204
162 204
162 204
162 204
162 204
162 204
162 204
162 204
162 204
162 204
193 170
193 170
193 170
193 170
193 170
193 170
193 170
193 170
193 170
193 170
294 109
294 109
294 109
294 109
294 109
294 109
294 109
294 109
294 109
294 109
278 113
278 113
278 113
278 113
278 113
278 113
278 113
278 113
278 113
278 113
299 105
299 105
299 105
299 105
299 105
299 105
299 105
299 105
299 105
299 105
181 173
181 173
181 173
181 173
181 173
181 173
181 173
181 173
181 173
181 173
265 115
265 115
265 115
265 115
265 115
265 115
265 115
265 115
265 115
265 115
223 136
223 136
223 136
223 136
223 136
223 136
223 136
223 136
223 136
223 136
250 121
250 121
250 121
250 121
250 121
250 121
250 121
250 121
250 121
250 121
236 128
236 128
236 128
236 128
236 128
236 128
236 128
236 128
236 128
236 128
159 189
159 189
159 189
159 189
159 189
159 189
159 189
159 189
159 189
159 189
130 230
130 230
130 230
130 230
130 230
130 230
130 230
130 230
130 230
130 230
156 189
156 189
156 189
156 189
156 189
156 189
156 189
156 189
156 189
156 189
286 101
286 101
286 101
286 101
286 101
286 101
286 101
286 101
286 101
286 101
170 167
170 167
170 167
170 167
170 167
170 167
170 167
170 167
170 167
170 167
268 100
268 100
268 100
268 100
268 100
268 100
268 100
268 100
268 100
268 100
105 255
105 255
105 255
105 255
105 255
105 255
105 255
105 255
105 255
105 255
204 129
204 129
204 129
204 129
204 129
204 129
204 129
204 129
204 129
204 129
121 217
121 217
121 217
121 217
121 217
121 217
121 217
121 217
121 217
121 217
153 171
153 171
153 171
153 171
153 171
153 171
153 171
153 171
153 171
153 171
106 245
106 245
106 245
106 245
106 245
106 245
106 245
106 245
106 245
106 245
140 184
140 184
140 184
140 184
140 184
140 184
140 184
140 184
140 184
140 184
173 148
173 148
173 148
173 148
173 148
173 148
173 148
173 148
173 148
173 148
157 160
157 160
157 160
157 160
157 160
157 160
157 160
157 160
157 160
157 160
230 109
230 109
230 109
230 109
230 109
230 109
230 109
230 109
230 109
230 109
115 218
115 218
115 218
115 218
115 218
115 218
115 218
115 218
115 218
115 218
237 105
237 105
237 105
237 105
237 105
237 105
237 105
237 105
237 105
237 105
216 115
216 115
216 115
216 115
216 115
216 115
216 115
216 115
216 115
216 115
186 133
186 133
186 133
186 133
186 133
186 133
186 133
186 133
186 133
186 133
191 127
191 127
191 127
191 127
191 127
191 127
191 127
191 127
191 127
191 127
107 221
107 221
107 221
107 221
107 221
107 221
107 221
107 221
107 221
107 221
104 226
104 226
104 226
104 226
104 226
104 226
104 226
104 226
104 226
104 226
165 142
165 142
165 142
165 142
165 142
165 142
165 142
165 142
165 142
165 142
105 221
105 221
105 221
105 221
105 221
105 221
105 221
105 221
105 221
105 221
117 198
117 198
117 198
117 198
117 198
117 198
117 198
117 198
117 198
117 198
107 209
107 209
107 209
107 209
107 209
107 209
107 209
107 209
107 209
107 209
131 165
131 165
131 165
131 165
131 165
131 165
131 165
131 165
131 165
131 165
126 161
126 161
126 161
126 161
126 161
126 161
126 161
126 161
126 161
126 161
132 151
132 151
132 151
132 151
132 151
132 151
132 151
132 151
132 151
132 151
116 158
116 158
116 158
116 158
116 158
116 158
116 158
116 158
116 158
116 158
143 123
143 123
143 123
143 123
143 123
143 123
143 123
143 123
143 123
143 123
146 119
146 119
146 119
146 119
146 119
146 119
146 119
146 119
146 119
146 119
112 138
112 138
112 138
112 138
112 138
112 138
112 138
112 138
112 138
112 138
148 103
148 103
148 103
148 103
148 103
148 103
148 103
148 103
148 103
148 103
120 126
120 126
120 126
120 126
120 126
120 126
120 126
120 126
120 126
120 126
117 108
117 108
117 108
117 108
117 108
117 108
117 108
117 108
117 108
117 108
