1000 36360
1000
366 339
366 339
366 339
366 339
366 339
366 339
366 339
366 339
366 339
366 339
325 366
325 366
325 366
325 366
325 366
325 366
325 366
325 366
325 366
325 366
342 345
342 345
342 345
342 345
342 345
342 345
342 345
342 345
342 345
342 345
370 308
370 308
370 308
370 308
370 308
370 308
370 308
370 308
370 308
370 308
338 336
338 336
338 336
338 336
338 336
338 336
338 336
338 336
338 336
338 336
316 309
316 309
316 309
316 309
316 309
316 309
316 309
316 309
316 309
316 309
314 305
314 305
314 305
314 305
314 305
314 305
314 305
314 305
314 305
314 305
307 295
307 295
307 295
307 295
307 295
307 295
307 295
307 295
307 295
307 295
344 256
344 256
344 256
344 256
344 256
344 256
344 256
344 256
344 256
344 256
245 358
245 358
245 358
245 358
245 358
245 358
245 358
245 358
245 358
245 358
286 289
286 289
286 289
286 289
286 289
286 289
286 289
286 289
286 289
286 289
277 287
277 287
277 287
277 287
277 287
277 287
277 287
277 287
277 287
277 287
306 254
306 254
306 254
306 254
306 254
306 254
306 254
306 254
306 254
306 254
292 259
292 259
292 259
292 259
292 259
292 259
292 259
292 259
292 259
292 259
257 283
257 283
257 283
257 283
257 283
257 283
257 283
257 283
257 283
257 283
288 246
288 246
288 246
288 246
288 246
288 246
288 246
288 246
288 246
288 246
199 336
199 336
199 336
199 336
199 336
199 336
199 336
199 336
199 336
199 336
327 193
327 193
327 193
327 193
327 193
327 193
327 193
327 193
327 193
327 193
313 187
313 187
313 187
313 187
313 187
313 187
313 187
313 187
313 187
313 187
255 228
255 228
255 228
255 228
255 228
255 228
255 228
255 228
255 228
255 228
160 353
160 353
160 353
160 353
160 353
160 353
160 353
160 353
160 353
160 353
284 196
284 196
284 196
284 196
284 196
284 196
284 196
284 196
284 196
284 196
333 167
333 167
333 167
333 167
333 167
333 167
333 167
333 167
333 167
333 167
209 264
209 264
209 264
209 264
209 264
209 264
209 264
209 264
209 264
209 264
327 165
327 165
327 165
327 165
327 165
327 165
327 165
327 165
327 165
327 165
242 221
242 221
242 221
242 221
242 221
242 221
242 221
242 221
242 221
242 221
282 187
282 187
282 187
282 187
282 187
282 187
282 187
282 187
282 187
282 187
150 322
150 322
150 322
150 322
150 322
150 322
150 322
150 322
150 322
150 322
350 138
350 138
350 138
350 138
350 138
350 138
350 138
350 138
350 138
350 138
135 355
135 355
135 355
135 355
135 355
135 355
135 355
135 355
135 355
135 355
265 180
265 180
265 180
265 180
265 180
265 180
265 180
265 180
265 180
265 180
121 359
121 359
121 359
121 359
121 359
121 359
121 359
121 359
121 359
121 359
372 116
372 116
372 116
372 116
372 116
372 116
372 116
372 116
372 116
372 116
240 172
240 172
240 172
240 172
240 172
240 172
240 172
240 172
240 172
240 172
281 134
281 134
281 134
281 134
281 134
281 134
281 134
281 134
281 134
281 134
267 140
267 140
267 140
267 140
267 140
267 140
267 140
267 140
267 140
267 140
252 146
252 146
252 146
252 146
252 146
252 146
252 146
252 146
252 146
252 146
280 130
280 130
280 130
280 130
280 130
280 130
280 130
280 130
280 130
280 130
152 239
152 239
152 239
152 239
152 239
152 239
152 239
152 239
152 239
152 239
117 304
117 304
117 304
117 304
117 304
117 304
117 304
117 304
117 304
117 304
154 230
154 230
154 230
154 230
154 230
154 230
154 230
154 230
154 230
154 230
243 145
243 145
243 145
243 145
243 145
243 145
243 145
243 145
243 145
243 145
106 326
106 326
106 326
106 326
106 326
106 326
106 326
106 326
106 326
106 326
311 109
311 109
311 109
311 109
311 109
311 109
311 109
311 109
311 109
311 109
111 304
111 304
111 304
111 304
111 304
111 304
111 304
111 304
111 304
111 304
94 344
94 344
94 344
94 344
94 344
94 344
94 344
94 344
94 344
94 344
186 162
186 162
186 162
186 162
186 162
186 162
186 162
186 162
186 162
186 162
351 84
351 84
351 84
351 84
351 84
351 84
351 84
351 84
351 84
351 84
163 177
163 177
163 177
163 177
163 177
163 177
163 177
163 177
163 177
163 177
238 121
238 121
238 121
238 121
238 121
238 121
238 121
238 121
238 121
238 121
124 214
124 214
124 214
124 214
124 214
124 214
124 214
124 214
124 214
124 214
185 136
185 136
185 136
185 136
185 136
185 136
185 136
185 136
185 136
185 136
325 74
325 74
325 74
325 74
325 74
325 74
325 74
325 74
325 74
325 74
244 96
244 96
244 96
244 96
244 96
244 96
244 96
244 96
244 96
244 96
338 66
338 66
338 66
338 66
338 66
338 66
338 66
338 66
338 66
338 66
133 167
133 167
133 167
133 167
133 167
133 167
133 167
133 167
133 167
133 167
149 149
149 149
149 149
149 149
149 149
149 149
149 149
149 149
149 149
149 149
59 367
59 367
59 367
59 367
59 367
59 367
59 367
59 367
59 367
59 367
174 123
174 123
174 123
174 123
174 123
174 123
174 123
174 123
174 123
174 123
73 286
73 286
73 286
73 286
73 286
73 286
73 286
73 286
73 286
73 286
97 214
97 214
97 214
97 214
97 214
97 214
97 214
97 214
97 214
97 214
204 100
204 100
204 100
204 100
204 100
204 100
204 100
204 100
204 100
204 100
103 189
103 189
103 189
103 189
103 189
103 189
103 189
103 189
103 189
103 189
66 292
66 292
66 292
66 292
66 292
66 292
66 292
66 292
66 292
66 292
184 102
184 102
184 102
184 102
184 102
184 102
184 102
184 102
184 102
184 102
201 92
201 92
201 92
201 92
201 92
201 92
201 92
201 92
201 92
201 92
69 258
69 258
69 258
69 258
69 258
69 258
69 258
69 258
69 258
69 258
216 81
216 81
216 81
216 81
216 81
216 81
216 81
216 81
216 81
216 81
265 65
265 65
265 65
265 65
265 65
265 65
265 65
265 65
265 65
265 65
95 176
95 176
95 176
95 176
95 176
95 176
95 176
95 176
95 176
95 176
291 54
291 54
291 54
291 54
291 54
291 54
291 54
291 54
291 54
291 54
106 140
106 140
106 140
106 140
106 140
106 140
106 140
106 140
106 140
106 140
214 69
214 69
214 69
214 69
214 69
214 69
214 69
214 69
214 69
214 69
58 248
58 248
58 248
58 248
58 248
58 248
58 248
58 248
58 248
58 248
331 43
331 43
331 43
331 43
331 43
331 43
331 43
331 43
331 43
331 43
55 249
55 249
55 249
55 249
55 249
55 249
55 249
55 249
55 249
55 249
58 188
58 188
58 188
58 188
58 188
58 188
58 188
58 188
58 188
58 188
241 38
241 38
241 38
241 38
241 38
241 38
241 38
241 38
241 38
241 38
96 82
96 82
96 82
96 82
96 82
96 82
96 82
96 82
96 82
96 82
70 110
70 110
70 110
70 110
70 110
70 110
70 110
70 110
70 110
70 110
179 43
179 43
179 43
179 43
179 43
179 43
179 43
179 43
179 43
179 43
217 35
217 35
217 35
217 35
217 35
217 35
217 35
217 35
217 35
217 35
99 75
99 75
99 75
99 75
99 75
99 75
99 75
99 75
99 75
99 75
225 32
225 32
225 32
225 32
225 32
225 32
225 32
225 32
225 32
225 32
26 275
26 275
26 275
26 275
26 275
26 275
26 275
26 275
26 275
26 275
55 123
55 123
55 123
55 123
55 123
55 123
55 123
55 123
55 123
55 123
29 215
29 215
29 215
29 215
29 215
29 215
29 215
29 215
29 215
29 215
35 178
35 178
35 178
35 178
35 178
35 178
35 178
35 178
35 178
35 178
78 75
78 75
78 75
78 75
78 75
78 75
78 75
78 75
78 75
78 75
32 180
32 180
32 180
32 180
32 180
32 180
32 180
32 180
32 180
32 180
69 71
69 71
69 71
69 71
69 71
69 71
69 71
69 71
69 71
69 71
143 32
143 32
143 32
143 32
143 32
143 32
143 32
143 32
143 32
143 32
113 30
113 30
113 30
113 30
113 30
113 30
113 30
113 30
113 30
113 30
35 74
35 74
35 74
35 74
35 74
35 74
35 74
35 74
35 74
35 74
62 41
62 41
62 41
62 41
62 41
62 41
62 41
62 41
62 41
62 41
30 83
30 83
30 83
30 83
30 83
30 83
30 83
30 83
30 83
30 83
82 27
82 27
82 27
82 27
82 27
82 27
82 27
82 27
82 27
82 27
57 37
57 37
57 37
57 37
57 37
57 37
57 37
57 37
57 37
57 37
60 34
60 34
60 34
60 34
60 34
60 34
60 34
60 34
60 34
60 34
48 40
48 40
48 40
48 40
48 40
48 40
48 40
48 40
48 40
48 40
