1000 40441
1000
288 300
288 300
288 300
288 300
288 300
288 300
288 300
288 300
288 300
288 300
283 292
283 292
283 292
283 292
283 292
283 292
283 292
283 292
283 292
283 292
282 283
282 283
282 283
282 283
282 283
282 283
282 283
282 283
282 283
282 283
280 282
280 282
280 282
280 282
280 282
280 282
280 282
280 282
280 282
280 282
279 265
279 265
279 265
279 265
279 265
279 265
279 265
279 265
279 265
279 265
265 275
265 275
265 275
265 275
265 275
265 275
265 275
265 275
265 275
265 275
269 267
269 267
269 267
269 267
269 267
269 267
269 267
269 267
269 267
269 267
252 284
252 284
252 284
252 284
252 284
252 284
252 284
252 284
252 284
252 284
280 253
280 253
280 253
280 253
280 253
280 253
280 253
280 253
280 253
280 253
235 298
235 298
235 298
235 298
235 298
235 298
235 298
235 298
235 298
235 298
288 240
288 240
288 240
288 240
288 240
288 240
288 240
288 240
288 240
288 240
280 243
280 243
280 243
280 243
280 243
280 243
280 243
280 243
280 243
280 243
236 276
236 276
236 276
236 276
236 276
236 276
236 276
236 276
236 276
236 276
216 294
216 294
216 294
216 294
216 294
216 294
216 294
216 294
216 294
216 294
278 225
278 225
278 225
278 225
278 225
278 225
278 225
278 225
278 225
278 225
206 299
206 299
206 299
206 299
206 299
206 299
206 299
206 299
206 299
206 299
247 247
247 247
247 247
247 247
247 247
247 247
247 247
247 247
247 247
247 247
221 265
221 265
221 265
221 265
221 265
221 265
221 265
221 265
221 265
221 265
230 254
230 254
230 254
230 254
230 254
230 254
230 254
230 254
230 254
230 254
232 246
232 246
232 246
232 246
232 246
232 246
232 246
232 246
232 246
232 246
196 291
196 291
196 291
196 291
196 291
196 291
196 291
196 291
196 291
196 291
183 300
183 300
183 300
183 300
183 300
183 300
183 300
183 300
183 300
183 300
242 221
242 221
242 221
242 221
242 221
242 221
242 221
242 221
242 221
242 221
208 245
208 245
208 245
208 245
208 245
208 245
208 245
208 245
208 245
208 245
185 275
185 275
185 275
185 275
185 275
185 275
185 275
185 275
185 275
185 275
200 249
200 249
200 249
200 249
200 249
200 249
200 249
200 249
200 249
200 249
224 221
224 221
224 221
224 221
224 221
224 221
224 221
224 221
224 221
224 221
290 169
290 169
290 169
290 169
290 169
290 169
290 169
290 169
290 169
290 169
223 219
223 219
223 219
223 219
223 219
223 219
223 219
223 219
223 219
223 219
190 256
190 256
190 256
190 256
190 256
190 256
190 256
190 256
190 256
190 256
193 249
193 249
193 249
193 249
193 249
193 249
193 249
193 249
193 249
193 249
231 206
231 206
231 206
231 206
231 206
231 206
231 206
231 206
231 206
231 206
225 211
225 211
225 211
225 211
225 211
225 211
225 211
225 211
225 211
225 211
166 278
166 278
166 278
166 278
166 278
166 278
166 278
166 278
166 278
166 278
225 203
225 203
225 203
225 203
225 203
225 203
225 203
225 203
225 203
225 203
244 187
244 187
244 187
244 187
244 187
244 187
244 187
244 187
244 187
244 187
200 227
200 227
200 227
200 227
200 227
200 227
200 227
200 227
200 227
200 227
277 163
277 163
277 163
277 163
277 163
277 163
277 163
277 163
277 163
277 163
169 263
169 263
169 263
169 263
169 263
169 263
169 263
169 263
169 263
169 263
191 227
191 227
191 227
191 227
191 227
191 227
191 227
191 227
191 227
191 227
228 189
228 189
228 189
228 189
228 189
228 189
228 189
228 189
228 189
228 189
162 263
162 263
162 263
162 263
162 263
162 263
162 263
162 263
162 263
162 263
230 184
230 184
230 184
230 184
230 184
230 184
230 184
230 184
230 184
230 184
300 140
300 140
300 140
300 140
300 140
300 140
300 140
300 140
300 140
300 140
257 156
257 156
257 156
257 156
257 156
257 156
257 156
257 156
257 156
257 156
177 226
177 226
177 226
177 226
177 226
177 226
177 226
177 226
177 226
177 226
278 142
278 142
278 142
278 142
278 142
278 142
278 142
278 142
278 142
278 142
243 160
243 160
243 160
243 160
243 160
243 160
243 160
243 160
243 160
243 160
163 234
163 234
163 234
163 234
163 234
163 234
163 234
163 234
163 234
163 234
228 166
228 166
228 166
228 166
228 166
228 166
228 166
228 166
228 166
228 166
254 149
254 149
254 149
254 149
254 149
254 149
254 149
254 149
254 149
254 149
201 188
201 188
201 188
201 188
201 188
201 188
201 188
201 188
201 188
201 188
132 282
132 282
132 282
132 282
132 282
132 282
132 282
132 282
132 282
132 282
266 139
266 139
266 139
266 139
266 139
266 139
266 139
266 139
266 139
266 139
273 135
273 135
273 135
273 135
273 135
273 135
273 135
273 135
273 135
273 135
123 291
123 291
123 291
123 291
123 291
123 291
123 291
123 291
123 291
123 291
215 159
215 159
215 159
215 159
215 159
215 159
215 159
215 159
215 159
215 159
274 123
274 123
274 123
274 123
274 123
274 123
274 123
274 123
274 123
274 123
272 123
272 123
272 123
272 123
272 123
272 123
272 123
272 123
272 123
272 123
227 145
227 145
227 145
227 145
227 145
227 145
227 145
227 145
227 145
227 145
114 284
114 284
114 284
114 284
114 284
114 284
114 284
114 284
114 284
114 284
120 268
120 268
120 268
120 268
120 268
120 268
120 268
120 268
120 268
120 268
137 233
137 233
137 233
137 233
137 233
137 233
137 233
137 233
137 233
137 233
189 162
189 162
189 162
189 162
189 162
189 162
189 162
189 162
189 162
189 162
250 122
250 122
250 122
250 122
250 122
250 122
250 122
250 122
250 122
250 122
214 130
214 130
214 130
214 130
214 130
214 130
214 130
214 130
214 130
214 130
194 142
194 142
194 142
194 142
194 142
194 142
194 142
194 142
194 142
194 142
229 120
229 120
229 120
229 120
229 120
229 120
229 120
229 120
229 120
229 120
109 252
109 252
109 252
109 252
109 252
109 252
109 252
109 252
109 252
109 252
126 216
126 216
126 216
126 216
126 216
126 216
126 216
126 216
126 216
126 216
104 260
104 260
104 260
104 260
104 260
104 260
104 260
104 260
104 260
104 260
130 205
130 205
130 205
130 205
130 205
130 205
130 205
130 205
130 205
130 205
167 158
167 158
167 158
167 158
167 158
167 158
167 158
167 158
167 158
167 158
184 140
184 140
184 140
184 140
184 140
184 140
184 140
184 140
184 140
184 140
172 147
172 147
172 147
172 147
172 147
172 147
172 147
172 147
172 147
172 147
110 228
110 228
110 228
110 228
110 228
110 228
110 228
110 228
110 228
110 228
131 190
131 190
131 190
131 190
131 190
131 190
131 190
131 190
131 190
131 190
114 213
114 213
114 213
114 213
114 213
114 213
114 213
114 213
114 213
114 213
102 233
102 233
102 233
102 233
102 233
102 233
102 233
102 233
102 233
102 233
158 150
158 150
158 150
158 150
158 150
158 150
158 150
158 150
158 150
158 150
188 125
188 125
188 125
188 125
188 125
188 125
188 125
188 125
188 125
188 125
114 203
114 203
114 203
114 203
114 203
114 203
114 203
114 203
114 203
114 203
204 110
204 110
204 110
204 110
204 110
204 110
204 110
204 110
204 110
204 110
134 165
134 165
134 165
134 165
134 165
134 165
134 165
134 165
134 165
134 165
138 155
138 155
138 155
138 155
138 155
138 155
138 155
138 155
138 155
138 155
143 142
143 142
143 142
143 142
143 142
143 142
143 142
143 142
143 142
143 142
112 181
112 181
112 181
112 181
112 181
112 181
112 181
112 181
112 181
112 181
189 106
189 106
189 106
189 106
189 106
189 106
189 106
189 106
189 106
189 106
139 144
139 144
139 144
139 144
139 144
139 144
139 144
139 144
139 144
139 144
150 132
150 132
150 132
150 132
150 132
150 132
150 132
150 132
150 132
150 132
113 173
113 173
113 173
113 173
113 173
113 173
113 173
113 173
113 173
113 173
110 171
110 171
110 171
110 171
110 171
110 171
110 171
110 171
110 171
110 171
149 126
149 126
149 126
149 126
149 126
149 126
149 126
149 126
149 126
149 126
145 120
145 120
145 120
145 120
145 120
145 120
145 120
145 120
145 120
145 120
127 134
127 134
127 134
127 134
127 134
127 134
127 134
127 134
127 134
127 134
121 138
121 138
121 138
121 138
121 138
121 138
121 138
121 138
121 138
121 138
105 148
105 148
105 148
105 148
105 148
105 148
105 148
105 148
105 148
105 148
105 139
105 139
105 139
105 139
105 139
105 139
105 139
105 139
105 139
105 139
117 119
117 119
117 119
117 119
117 119
117 119
117 119
117 119
117 119
117 119
105 131
105 131
105 131
105 131
105 131
105 131
105 131
105 131
105 131
105 131
