1000 43554
1000
372 362
372 362
372 362
372 362
372 362
372 362
372 362
372 362
372 362
372 362
349 375
349 375
349 375
349 375
349 375
349 375
349 375
349 375
349 375
349 375
356 346
356 346
356 346
356 346
356 346
356 346
356 346
356 346
356 346
356 346
313 364
313 364
313 364
313 364
313 364
313 364
313 364
313 364
313 364
313 364
327 328
327 328
327 328
327 328
327 328
327 328
327 328
327 328
327 328
327 328
354 302
354 302
354 302
354 302
354 302
354 302
354 302
354 302
354 302
354 302
372 270
372 270
372 270
372 270
372 270
372 270
372 270
372 270
372 270
372 270
358 279
358 279
358 279
358 279
358 279
358 279
358 279
358 279
358 279
358 279
335 291
335 291
335 291
335 291
335 291
335 291
335 291
335 291
335 291
335 291
347 278
347 278
347 278
347 278
347 278
347 278
347 278
347 278
347 278
347 278
279 345
279 345
279 345
279 345
279 345
279 345
279 345
279 345
279 345
279 345
255 331
255 331
255 331
255 331
255 331
255 331
255 331
255 331
255 331
255 331
222 372
222 372
222 372
222 372
222 372
222 372
222 372
222 372
222 372
222 372
309 264
309 264
309 264
309 264
309 264
309 264
309 264
309 264
309 264
309 264
353 226
353 226
353 226
353 226
353 226
353 226
353 226
353 226
353 226
353 226
293 270
293 270
293 270
293 270
293 270
293 270
293 270
293 270
293 270
293 270
318 242
318 242
318 242
318 242
318 242
318 242
318 242
318 242
318 242
318 242
356 209
356 209
356 209
356 209
356 209
356 209
356 209
356 209
356 209
356 209
297 244
297 244
297 244
297 244
297 244
297 244
297 244
297 244
297 244
297 244
242 296
242 296
242 296
242 296
242 296
242 296
242 296
242 296
242 296
242 296
338 207
338 207
338 207
338 207
338 207
338 207
338 207
338 207
338 207
338 207
203 343
203 343
203 343
203 343
203 343
203 343
203 343
203 343
203 343
203 343
328 212
328 212
328 212
328 212
328 212
328 212
328 212
328 212
328 212
328 212
298 230
298 230
298 230
298 230
298 230
298 230
298 230
298 230
298 230
298 230
223 307
223 307
223 307
223 307
223 307
223 307
223 307
223 307
223 307
223 307
357 191
357 191
357 191
357 191
357 191
357 191
357 191
357 191
357 191
357 191
183 344
183 344
183 344
183 344
183 344
183 344
183 344
183 344
183 344
183 344
210 297
210 297
210 297
210 297
210 297
210 297
210 297
210 297
210 297
210 297
167 354
167 354
167 354
167 354
167 354
167 354
167 354
167 354
167 354
167 354
277 213
277 213
277 213
277 213
277 213
277 213
277 213
277 213
277 213
277 213
163 352
163 352
163 352
163 352
163 352
163 352
163 352
163 352
163 352
163 352
161 355
161 355
161 355
161 355
161 355
161 355
161 355
161 355
161 355
161 355
348 159
348 159
348 159
348 159
348 159
348 159
348 159
348 159
348 159
348 159
223 236
223 236
223 236
223 236
223 236
223 236
223 236
223 236
223 236
223 236
363 144
363 144
363 144
363 144
363 144
363 144
363 144
363 144
363 144
363 144
301 169
301 169
301 169
301 169
301 169
301 169
301 169
301 169
301 169
301 169
317 160
317 160
317 160
317 160
317 160
317 160
317 160
317 160
317 160
317 160
164 305
164 305
164 305
164 305
164 305
164 305
164 305
164 305
164 305
164 305
372 132
372 132
372 132
372 132
372 132
372 132
372 132
372 132
372 132
372 132
343 139
343 139
343 139
343 139
343 139
343 139
343 139
343 139
343 139
343 139
363 131
363 131
363 131
363 131
363 131
363 131
363 131
363 131
363 131
363 131
131 346
131 346
131 346
131 346
131 346
131 346
131 346
131 346
131 346
131 346
252 179
252 179
252 179
252 179
252 179
252 179
252 179
252 179
252 179
252 179
314 143
314 143
314 143
314 143
314 143
314 143
314 143
314 143
314 143
314 143
135 310
135 310
135 310
135 310
135 310
135 310
135 310
135 310
135 310
135 310
349 114
349 114
349 114
349 114
349 114
349 114
349 114
349 114
349 114
349 114
231 169
231 169
231 169
231 169
231 169
231 169
231 169
231 169
231 169
231 169
281 136
281 136
281 136
281 136
281 136
281 136
281 136
281 136
281 136
281 136
151 246
151 246
151 246
151 246
151 246
151 246
151 246
151 246
151 246
151 246
159 232
159 232
159 232
159 232
159 232
159 232
159 232
159 232
159 232
159 232
224 162
224 162
224 162
224 162
224 162
224 162
224 162
224 162
224 162
224 162
161 222
161 222
161 222
161 222
161 222
161 222
161 222
161 222
161 222
161 222
165 213
165 213
165 213
165 213
165 213
165 213
165 213
165 213
165 213
165 213
108 318
108 318
108 318
108 318
108 318
108 318
108 318
108 318
108 318
108 318
86 366
86 366
86 366
86 366
86 366
86 366
86 366
86 366
86 366
86 366
88 348
88 348
88 348
88 348
88 348
88 348
88 348
88 348
88 348
88 348
203 131
203 131
203 131
203 131
203 131
203 131
203 131
203 131
203 131
203 131
139 190
139 190
139 190
139 190
139 190
139 190
139 190
139 190
139 190
139 190
88 300
88 300
88 300
88 300
88 300
88 300
88 300
88 300
88 300
88 300
130 196
130 196
130 196
130 196
130 196
130 196
130 196
130 196
130 196
130 196
320 78
320 78
320 78
320 78
320 78
320 78
320 78
320 78
320 78
320 78
109 226
109 226
109 226
109 226
109 226
109 226
109 226
109 226
109 226
109 226
163 150
163 150
163 150
163 150
163 150
163 150
163 150
163 150
163 150
163 150
138 175
138 175
138 175
138 175
138 175
138 175
138 175
138 175
138 175
138 175
62 360
62 360
62 360
62 360
62 360
62 360
62 360
62 360
62 360
62 360
83 268
83 268
83 268
83 268
83 268
83 268
83 268
83 268
83 268
83 268
68 301
68 301
68 301
68 301
68 301
68 301
68 301
68 301
68 301
68 301
89 227
89 227
89 227
89 227
89 227
89 227
89 227
89 227
89 227
89 227
63 320
63 320
63 320
63 320
63 320
63 320
63 320
63 320
63 320
63 320
83 239
83 239
83 239
83 239
83 239
83 239
83 239
83 239
83 239
83 239
313 62
313 62
313 62
313 62
313 62
313 62
313 62
313 62
313 62
313 62
68 283
68 283
68 283
68 283
68 283
68 283
68 283
68 283
68 283
68 283
101 189
101 189
101 189
101 189
101 189
101 189
101 189
101 189
101 189
101 189
65 268
65 268
65 268
65 268
65 268
65 268
65 268
65 268
65 268
65 268
359 47
359 47
359 47
359 47
359 47
359 47
359 47
359 47
359 47
359 47
213 73
213 73
213 73
213 73
213 73
213 73
213 73
213 73
213 73
213 73
41 373
41 373
41 373
41 373
41 373
41 373
41 373
41 373
41 373
41 373
126 113
126 113
126 113
126 113
126 113
126 113
126 113
126 113
126 113
126 113
79 158
79 158
79 158
79 158
79 158
79 158
79 158
79 158
79 158
79 158
36 345
36 345
36 345
36 345
36 345
36 345
36 345
36 345
36 345
36 345
39 309
39 309
39 309
39 309
39 309
39 309
39 309
39 309
39 309
39 309
67 179
67 179
67 179
67 179
67 179
67 179
67 179
67 179
67 179
67 179
32 349
32 349
32 349
32 349
32 349
32 349
32 349
32 349
32 349
32 349
76 144
76 144
76 144
76 144
76 144
76 144
76 144
76 144
76 144
76 144
160 67
160 67
160 67
160 67
160 67
160 67
160 67
160 67
160 67
160 67
77 122
77 122
77 122
77 122
77 122
77 122
77 122
77 122
77 122
77 122
255 36
255 36
255 36
255 36
255 36
255 36
255 36
255 36
255 36
255 36
169 54
169 54
169 54
169 54
169 54
169 54
169 54
169 54
169 54
169 54
324 26
324 26
324 26
324 26
324 26
324 26
324 26
324 26
324 26
324 26
35 207
35 207
35 207
35 207
35 207
35 207
35 207
35 207
35 207
35 207
108 67
108 67
108 67
108 67
108 67
108 67
108 67
108 67
108 67
108 67
91 74
91 74
91 74
91 74
91 74
91 74
91 74
91 74
91 74
91 74
89 75
89 75
89 75
89 75
89 75
89 75
89 75
89 75
89 75
89 75
121 54
121 54
121 54
121 54
121 54
121 54
121 54
121 54
121 54
121 54
51 125
51 125
51 125
51 125
51 125
51 125
51 125
51 125
51 125
51 125
163 38
163 38
163 38
163 38
163 38
163 38
163 38
163 38
163 38
163 38
229 26
229 26
229 26
229 26
229 26
229 26
229 26
229 26
229 26
229 26
62 72
62 72
62 72
62 72
62 72
62 72
62 72
62 72
62 72
62 72
90 26
90 26
90 26
90 26
90 26
90 26
90 26
90 26
90 26
90 26
38 43
38 43
38 43
38 43
38 43
38 43
38 43
38 43
38 43
38 43
