1000 40461
1000
312 362
312 362
312 362
312 362
312 362
312 362
312 362
312 362
312 362
312 362
304 352
304 352
304 352
304 352
304 352
304 352
304 352
304 352
304 352
304 352
339 292
339 292
339 292
339 292
339 292
339 292
339 292
339 292
339 292
339 292
304 322
304 322
304 322
304 322
304 322
304 322
304 322
304 322
304 322
304 322
336 284
336 284
336 284
336 284
336 284
336 284
336 284
336 284
336 284
336 284
238 373
238 373
238 373
238 373
238 373
238 373
238 373
238 373
238 373
238 373
237 367
237 367
237 367
237 367
237 367
237 367
237 367
237 367
237 367
237 367
237 353
237 353
237 353
237 353
237 353
237 353
237 353
237 353
237 353
237 353
283 291
283 291
283 291
283 291
283 291
283 291
283 291
283 291
283 291
283 291
354 230
354 230
354 230
354 230
354 230
354 230
354 230
354 230
354 230
354 230
283 286
283 286
283 286
283 286
283 286
283 286
283 286
283 286
283 286
283 286
242 324
242 324
242 324
242 324
242 324
242 324
242 324
242 324
242 324
242 324
326 240
326 240
326 240
326 240
326 240
326 240
326 240
326 240
326 240
326 240
321 242
321 242
321 242
321 242
321 242
321 242
321 242
321 242
321 242
321 242
300 256
300 256
300 256
300 256
300 256
300 256
300 256
300 256
300 256
300 256
334 229
334 229
334 229
334 229
334 229
334 229
334 229
334 229
334 229
334 229
269 257
269 257
269 257
269 257
269 257
269 257
269 257
269 257
269 257
269 257
233 288
233 288
233 288
233 288
233 288
233 288
233 288
233 288
233 288
233 288
190 351
190 351
190 351
190 351
190 351
190 351
190 351
190 351
190 351
190 351
238 280
238 280
238 280
238 280
238 280
238 280
238 280
238 280
238 280
238 280
201 331
201 331
201 331
201 331
201 331
201 331
201 331
201 331
201 331
201 331
186 346
186 346
186 346
186 346
186 346
186 346
186 346
186 346
186 346
186 346
195 328
195 328
195 328
195 328
195 328
195 328
195 328
195 328
195 328
195 328
196 325
196 325
196 325
196 325
196 325
196 325
196 325
196 325
196 325
196 325
210 300
210 300
210 300
210 300
210 300
210 300
210 300
210 300
210 300
210 300
375 167
375 167
375 167
375 167
375 167
375 167
375 167
375 167
375 167
375 167
303 199
303 199
303 199
303 199
303 199
303 199
303 199
303 199
303 199
303 199
158 372
158 372
158 372
158 372
158 372
158 372
158 372
158 372
158 372
158 372
173 339
173 339
173 339
173 339
173 339
173 339
173 339
173 339
173 339
173 339
168 349
168 349
168 349
168 349
168 349
168 349
168 349
168 349
168 349
168 349
228 257
228 257
228 257
228 257
228 257
228 257
228 257
228 257
228 257
228 257
277 208
277 208
277 208
277 208
277 208
277 208
277 208
277 208
277 208
277 208
315 177
315 177
315 177
315 177
315 177
315 177
315 177
315 177
315 177
315 177
357 154
357 154
357 154
357 154
357 154
357 154
357 154
357 154
357 154
357 154
205 256
205 256
205 256
205 256
205 256
205 256
205 256
205 256
205 256
205 256
188 259
188 259
188 259
188 259
188 259
188 259
188 259
188 259
188 259
188 259
285 169
285 169
285 169
285 169
285 169
285 169
285 169
285 169
285 169
285 169
147 307
147 307
147 307
147 307
147 307
147 307
147 307
147 307
147 307
147 307
352 126
352 126
352 126
352 126
352 126
352 126
352 126
352 126
352 126
352 126
222 197
222 197
222 197
222 197
222 197
222 197
222 197
222 197
222 197
222 197
340 127
340 127
340 127
340 127
340 127
340 127
340 127
340 127
340 127
340 127
159 259
159 259
159 259
159 259
159 259
159 259
159 259
159 259
159 259
159 259
294 138
294 138
294 138
294 138
294 138
294 138
294 138
294 138
294 138
294 138
300 134
300 134
300 134
300 134
300 134
300 134
300 134
300 134
300 134
300 134
245 157
245 157
245 157
245 157
245 157
245 157
245 157
245 157
245 157
245 157
240 159
240 159
240 159
240 159
240 159
240 159
240 159
240 159
240 159
240 159
138 275
138 275
138 275
138 275
138 275
138 275
138 275
138 275
138 275
138 275
360 103
360 103
360 103
360 103
360 103
360 103
360 103
360 103
360 103
360 103
183 198
183 198
183 198
183 198
183 198
183 198
183 198
183 198
183 198
183 198
187 191
187 191
187 191
187 191
187 191
187 191
187 191
187 191
187 191
187 191
118 298
118 298
118 298
118 298
118 298
118 298
118 298
118 298
118 298
118 298
131 266
131 266
131 266
131 266
131 266
131 266
131 266
131 266
131 266
131 266
91 343
91 343
91 343
91 343
91 343
91 343
91 343
91 343
91 343
91 343
238 129
238 129
238 129
238 129
238 129
238 129
238 129
238 129
238 129
238 129
141 204
141 204
141 204
141 204
141 204
141 204
141 204
141 204
141 204
141 204
132 210
132 210
132 210
132 210
132 210
132 210
132 210
132 210
132 210
132 210
81 336
81 336
81 336
81 336
81 336
81 336
81 336
81 336
81 336
81 336
144 179
144 179
144 179
144 179
144 179
144 179
144 179
144 179
144 179
144 179
124 207
124 207
124 207
124 207
124 207
124 207
124 207
124 207
124 207
124 207
358 71
358 71
358 71
358 71
358 71
358 71
358 71
358 71
358 71
358 71
367 68
367 68
367 68
367 68
367 68
367 68
367 68
367 68
367 68
367 68
121 203
121 203
121 203
121 203
121 203
121 203
121 203
121 203
121 203
121 203
305 79
305 79
305 79
305 79
305 79
305 79
305 79
305 79
305 79
305 79
109 220
109 220
109 220
109 220
109 220
109 220
109 220
109 220
109 220
109 220
105 227
105 227
105 227
105 227
105 227
105 227
105 227
105 227
105 227
105 227
74 321
74 321
74 321
74 321
74 321
74 321
74 321
74 321
74 321
74 321
90 257
90 257
90 257
90 257
90 257
90 257
90 257
90 257
90 257
90 257
76 301
76 301
76 301
76 301
76 301
76 301
76 301
76 301
76 301
76 301
80 276
80 276
80 276
80 276
80 276
80 276
80 276
80 276
80 276
80 276
60 352
60 352
60 352
60 352
60 352
60 352
60 352
60 352
60 352
60 352
270 76
270 76
270 76
270 76
270 76
270 76
270 76
270 76
270 76
270 76
340 60
340 60
340 60
340 60
340 60
340 60
340 60
340 60
340 60
340 60
134 152
134 152
134 152
134 152
134 152
134 152
134 152
134 152
134 152
134 152
195 95
195 95
195 95
195 95
195 95
195 95
195 95
195 95
195 95
195 95
130 134
130 134
130 134
130 134
130 134
130 134
130 134
130 134
130 134
130 134
228 76
228 76
228 76
228 76
228 76
228 76
228 76
228 76
228 76
228 76
129 134
129 134
129 134
129 134
129 134
129 134
129 134
129 134
129 134
129 134
77 215
77 215
77 215
77 215
77 215
77 215
77 215
77 215
77 215
77 215
78 209
78 209
78 209
78 209
78 209
78 209
78 209
78 209
78 209
78 209
46 341
46 341
46 341
46 341
46 341
46 341
46 341
46 341
46 341
46 341
61 241
61 241
61 241
61 241
61 241
61 241
61 241
61 241
61 241
61 241
104 122
104 122
104 122
104 122
104 122
104 122
104 122
104 122
104 122
104 122
48 218
48 218
48 218
48 218
48 218
48 218
48 218
48 218
48 218
48 218
245 38
245 38
245 38
245 38
245 38
245 38
245 38
245 38
245 38
245 38
30 310
30 310
30 310
30 310
30 310
30 310
30 310
30 310
30 310
30 310
336 26
336 26
336 26
336 26
336 26
336 26
336 26
336 26
336 26
336 26
115 74
115 74
115 74
115 74
115 74
115 74
115 74
115 74
115 74
115 74
34 239
34 239
34 239
34 239
34 239
34 239
34 239
34 239
34 239
34 239
53 153
53 153
53 153
53 153
53 153
53 153
53 153
53 153
53 153
53 153
42 192
42 192
42 192
42 192
42 192
42 192
42 192
42 192
42 192
42 192
83 94
83 94
83 94
83 94
83 94
83 94
83 94
83 94
83 94
83 94
138 55
138 55
138 55
138 55
138 55
138 55
138 55
138 55
138 55
138 55
28 214
28 214
28 214
28 214
28 214
28 214
28 214
28 214
28 214
28 214
38 153
38 153
38 153
38 153
38 153
38 153
38 153
38 153
38 153
38 153
164 33
164 33
164 33
164 33
164 33
164 33
164 33
164 33
164 33
164 33
99 53
99 53
99 53
99 53
99 53
99 53
99 53
99 53
99 53
99 53
86 55
86 55
86 55
86 55
86 55
86 55
86 55
86 55
86 55
86 55
45 61
45 61
45 61
45 61
45 61
45 61
45 61
45 61
45 61
45 61
36 47
36 47
36 47
36 47
36 47
36 47
36 47
36 47
36 47
36 47
27 52
27 52
27 52
27 52
27 52
27 52
27 52
27 52
27 52
27 52
