1000 35127
1000
355 327
355 327
355 327
355 327
355 327
355 327
355 327
355 327
355 327
355 327
350 331
350 331
350 331
350 331
350 331
350 331
350 331
350 331
350 331
350 331
319 346
319 346
319 346
319 346
319 346
319 346
319 346
319 346
319 346
319 346
366 268
366 268
366 268
366 268
366 268
366 268
366 268
366 268
366 268
366 268
289 338
289 338
289 338
289 338
289 338
289 338
289 338
289 338
289 338
289 338
339 273
339 273
339 273
339 273
339 273
339 273
339 273
339 273
339 273
339 273
271 338
271 338
271 338
271 338
271 338
271 338
271 338
271 338
271 338
271 338
347 251
347 251
347 251
347 251
347 251
347 251
347 251
347 251
347 251
347 251
268 316
268 316
268 316
268 316
268 316
268 316
268 316
268 316
268 316
268 316
348 241
348 241
348 241
348 241
348 241
348 241
348 241
348 241
348 241
348 241
239 332
239 332
239 332
239 332
239 332
239 332
239 332
239 332
239 332
239 332
214 365
214 365
214 365
214 365
214 365
214 365
214 365
214 365
214 365
214 365
243 320
243 320
243 320
243 320
243 320
243 320
243 320
243 320
243 320
243 320
226 341
226 341
226 341
226 341
226 341
226 341
226 341
226 341
226 341
226 341
298 232
298 232
298 232
298 232
298 232
298 232
298 232
298 232
298 232
298 232
306 219
306 219
306 219
306 219
306 219
306 219
306 219
306 219
306 219
306 219
311 210
311 210
311 210
311 210
311 210
311 210
311 210
311 210
311 210
311 210
335 194
335 194
335 194
335 194
335 194
335 194
335 194
335 194
335 194
335 194
292 202
292 202
292 202
292 202
292 202
292 202
292 202
292 202
292 202
292 202
219 256
219 256
219 256
219 256
219 256
219 256
219 256
219 256
219 256
219 256
192 290
192 290
192 290
192 290
192 290
192 290
192 290
192 290
192 290
192 290
356 156
356 156
356 156
356 156
356 156
356 156
356 156
356 156
356 156
356 156
350 155
350 155
350 155
350 155
350 155
350 155
350 155
350 155
350 155
350 155
259 190
259 190
259 190
259 190
259 190
259 190
259 190
259 190
259 190
259 190
353 130
353 130
353 130
353 130
353 130
353 130
353 130
353 130
353 130
353 130
239 192
239 192
239 192
239 192
239 192
239 192
239 192
239 192
239 192
239 192
158 278
158 278
158 278
158 278
158 278
158 278
158 278
158 278
158 278
158 278
262 156
262 156
262 156
262 156
262 156
262 156
262 156
262 156
262 156
262 156
328 124
328 124
328 124
328 124
328 124
328 124
328 124
328 124
328 124
328 124
223 177
223 177
223 177
223 177
223 177
223 177
223 177
223 177
223 177
223 177
240 164
240 164
240 164
240 164
240 164
240 164
240 164
240 164
240 164
240 164
163 234
163 234
163 234
163 234
163 234
163 234
163 234
163 234
163 234
163 234
117 323
117 323
117 323
117 323
117 323
117 323
117 323
117 323
117 323
117 323
111 326
111 326
111 326
111 326
111 326
111 326
111 326
111 326
111 326
111 326
140 257
140 257
140 257
140 257
140 257
140 257
140 257
140 257
140 257
140 257
158 215
158 215
158 215
158 215
158 215
158 215
158 215
158 215
158 215
158 215
264 127
264 127
264 127
264 127
264 127
264 127
264 127
264 127
264 127
264 127
190 172
190 172
190 172
190 172
190 172
190 172
190 172
190 172
190 172
190 172
109 299
109 299
109 299
109 299
109 299
109 299
109 299
109 299
109 299
109 299
144 226
144 226
144 226
144 226
144 226
144 226
144 226
144 226
144 226
144 226
195 163
195 163
195 163
195 163
195 163
195 163
195 163
195 163
195 163
195 163
112 270
112 270
112 270
112 270
112 270
112 270
112 270
112 270
112 270
112 270
281 106
281 106
281 106
281 106
281 106
281 106
281 106
281 106
281 106
281 106
105 283
105 283
105 283
105 283
105 283
105 283
105 283
105 283
105 283
105 283
215 138
215 138
215 138
215 138
215 138
215 138
215 138
215 138
215 138
215 138
211 138
211 138
211 138
211 138
211 138
211 138
211 138
211 138
211 138
211 138
188 153
188 153
188 153
188 153
188 153
188 153
188 153
188 153
188 153
188 153
247 111
247 111
247 111
247 111
247 111
247 111
247 111
247 111
247 111
247 111
217 124
217 124
217 124
217 124
217 124
217 124
217 124
217 124
217 124
217 124
82 317
82 317
82 317
82 317
82 317
82 317
82 317
82 317
82 317
82 317
84 304
84 304
84 304
84 304
84 304
84 304
84 304
84 304
84 304
84 304
126 195
126 195
126 195
126 195
126 195
126 195
126 195
126 195
126 195
126 195
81 302
81 302
81 302
81 302
81 302
81 302
81 302
81 302
81 302
81 302
198 118
198 118
198 118
198 118
198 118
198 118
198 118
198 118
198 118
198 118
273 85
273 85
273 85
273 85
273 85
273 85
273 85
273 85
273 85
273 85
72 320
72 320
72 320
72 320
72 320
72 320
72 320
72 320
72 320
72 320
202 111
202 111
202 111
202 111
202 111
202 111
202 111
202 111
202 111
202 111
151 147
151 147
151 147
151 147
151 147
151 147
151 147
151 147
151 147
151 147
88 249
88 249
88 249
88 249
88 249
88 249
88 249
88 249
88 249
88 249
304 69
304 69
304 69
304 69
304 69
304 69
304 69
304 69
304 69
304 69
101 206
101 206
101 206
101 206
101 206
101 206
101 206
101 206
101 206
101 206
346 57
346 57
346 57
346 57
346 57
346 57
346 57
346 57
346 57
346 57
214 92
214 92
214 92
214 92
214 92
214 92
214 92
214 92
214 92
214 92
76 258
76 258
76 258
76 258
76 258
76 258
76 258
76 258
76 258
76 258
95 206
95 206
95 206
95 206
95 206
95 206
95 206
95 206
95 206
95 206
61 318
61 318
61 318
61 318
61 318
61 318
61 318
61 318
61 318
61 318
110 175
110 175
110 175
110 175
110 175
110 175
110 175
110 175
110 175
110 175
54 336
54 336
54 336
54 336
54 336
54 336
54 336
54 336
54 336
54 336
99 183
99 183
99 183
99 183
99 183
99 183
99 183
99 183
99 183
99 183
68 266
68 266
68 266
68 266
68 266
68 266
68 266
68 266
68 266
68 266
78 227
78 227
78 227
78 227
78 227
78 227
78 227
78 227
78 227
78 227
356 49
356 49
356 49
356 49
356 49
356 49
356 49
356 49
356 49
356 49
140 120
140 120
140 120
140 120
140 120
140 120
140 120
140 120
140 120
140 120
158 103
158 103
158 103
158 103
158 103
158 103
158 103
158 103
158 103
158 103
180 88
180 88
180 88
180 88
180 88
180 88
180 88
180 88
180 88
180 88
195 80
195 80
195 80
195 80
195 80
195 80
195 80
195 80
195 80
195 80
206 72
206 72
206 72
206 72
206 72
206 72
206 72
206 72
206 72
206 72
81 181
81 181
81 181
81 181
81 181
81 181
81 181
81 181
81 181
81 181
85 166
85 166
85 166
85 166
85 166
85 166
85 166
85 166
85 166
85 166
65 197
65 197
65 197
65 197
65 197
65 197
65 197
65 197
65 197
65 197
70 175
70 175
70 175
70 175
70 175
70 175
70 175
70 175
70 175
70 175
328 37
328 37
328 37
328 37
328 37
328 37
328 37
328 37
328 37
328 37
355 34
355 34
355 34
355 34
355 34
355 34
355 34
355 34
355 34
355 34
294 36
294 36
294 36
294 36
294 36
294 36
294 36
294 36
294 36
294 36
34 298
34 298
34 298
34 298
34 298
34 298
34 298
34 298
34 298
34 298
57 175
57 175
57 175
57 175
57 175
57 175
57 175
57 175
57 175
57 175
26 374
26 374
26 374
26 374
26 374
26 374
26 374
26 374
26 374
26 374
27 347
27 347
27 347
27 347
27 347
27 347
27 347
27 347
27 347
27 347
70 123
70 123
70 123
70 123
70 123
70 123
70 123
70 123
70 123
70 123
198 39
198 39
198 39
198 39
198 39
198 39
198 39
198 39
198 39
198 39
58 103
58 103
58 103
58 103
58 103
58 103
58 103
58 103
58 103
58 103
55 105
55 105
55 105
55 105
55 105
55 105
55 105
55 105
55 105
55 105
182 30
182 30
182 30
182 30
182 30
182 30
182 30
182 30
182 30
182 30
184 29
184 29
184 29
184 29
184 29
184 29
184 29
184 29
184 29
184 29
123 43
123 43
123 43
123 43
123 43
123 43
123 43
123 43
123 43
123 43
28 175
28 175
28 175
28 175
28 175
28 175
28 175
28 175
28 175
28 175
110 40
110 40
110 40
110 40
110 40
110 40
110 40
110 40
110 40
110 40
108 30
108 30
108 30
108 30
108 30
108 30
108 30
108 30
108 30
108 30
29 90
29 90
29 90
29 90
29 90
29 90
29 90
29 90
29 90
29 90
47 37
47 37
47 37
47 37
47 37
47 37
47 37
47 37
47 37
47 37
