1000 42481
1000
336 370
336 370
336 370
336 370
336 370
336 370
336 370
336 370
336 370
336 370
311 374
311 374
311 374
311 374
311 374
311 374
311 374
311 374
311 374
311 374
350 331
350 331
350 331
350 331
350 331
350 331
350 331
350 331
350 331
350 331
366 310
366 310
366 310
366 310
366 310
366 310
366 310
366 310
366 310
366 310
300 370
300 370
300 370
300 370
300 370
300 370
300 370
300 370
300 370
300 370
329 335
329 335
329 335
329 335
329 335
329 335
329 335
329 335
329 335
329 335
291 365
291 365
291 365
291 365
291 365
291 365
291 365
291 365
291 365
291 365
276 360
276 360
276 360
276 360
276 360
276 360
276 360
276 360
276 360
276 360
309 319
309 319
309 319
309 319
309 319
309 319
309 319
309 319
309 319
309 319
308 311
308 311
308 311
308 311
308 311
308 311
308 311
308 311
308 311
308 311
295 322
295 322
295 322
295 322
295 322
295 322
295 322
295 322
295 322
295 322
334 281
334 281
334 281
334 281
334 281
334 281
334 281
334 281
334 281
334 281
256 325
256 325
256 325
256 325
256 325
256 325
256 325
256 325
256 325
256 325
260 312
260 312
260 312
260 312
260 312
260 312
260 312
260 312
260 312
260 312
271 294
271 294
271 294
271 294
271 294
271 294
271 294
271 294
271 294
271 294
326 238
326 238
326 238
326 238
326 238
326 238
326 238
326 238
326 238
326 238
321 235
321 235
321 235
321 235
321 235
321 235
321 235
321 235
321 235
321 235
350 214
350 214
350 214
350 214
350 214
350 214
350 214
350 214
350 214
350 214
213 347
213 347
213 347
213 347
213 347
213 347
213 347
213 347
213 347
213 347
210 342
210 342
210 342
210 342
210 342
210 342
210 342
210 342
210 342
210 342
343 205
343 205
343 205
343 205
343 205
343 205
343 205
343 205
343 205
343 205
225 306
225 306
225 306
225 306
225 306
225 306
225 306
225 306
225 306
225 306
193 356
193 356
193 356
193 356
193 356
193 356
193 356
193 356
193 356
193 356
223 297
223 297
223 297
223 297
223 297
223 297
223 297
223 297
223 297
223 297
343 188
343 188
343 188
343 188
343 188
343 188
343 188
343 188
343 188
343 188
256 250
256 250
256 250
256 250
256 250
256 250
256 250
256 250
256 250
256 250
226 278
226 278
226 278
226 278
226 278
226 278
226 278
226 278
226 278
226 278
221 284
221 284
221 284
221 284
221 284
221 284
221 284
221 284
221 284
221 284
175 354
175 354
175 354
175 354
175 354
175 354
175 354
175 354
175 354
175 354
183 335
183 335
183 335
183 335
183 335
183 335
183 335
183 335
183 335
183 335
194 313
194 313
194 313
194 313
194 313
194 313
194 313
194 313
194 313
194 313
163 358
163 358
163 358
163 358
163 358
163 358
163 358
163 358
163 358
163 358
232 251
232 251
232 251
232 251
232 251
232 251
232 251
232 251
232 251
232 251
186 302
186 302
186 302
186 302
186 302
186 302
186 302
186 302
186 302
186 302
298 184
298 184
298 184
298 184
298 184
298 184
298 184
298 184
298 184
298 184
358 152
358 152
358 152
358 152
358 152
358 152
358 152
358 152
358 152
358 152
185 291
185 291
185 291
185 291
185 291
185 291
185 291
185 291
185 291
185 291
261 198
261 198
261 198
261 198
261 198
261 198
261 198
261 198
261 198
261 198
276 182
276 182
276 182
276 182
276 182
276 182
276 182
276 182
276 182
276 182
271 181
271 181
271 181
271 181
271 181
271 181
271 181
271 181
271 181
271 181
265 183
265 183
265 183
265 183
265 183
265 183
265 183
265 183
265 183
265 183
321 134
321 134
321 134
321 134
321 134
321 134
321 134
321 134
321 134
321 134
236 182
236 182
236 182
236 182
236 182
236 182
236 182
236 182
236 182
236 182
125 342
125 342
125 342
125 342
125 342
125 342
125 342
125 342
125 342
125 342
177 236
177 236
177 236
177 236
177 236
177 236
177 236
177 236
177 236
177 236
147 282
147 282
147 282
147 282
147 282
147 282
147 282
147 282
147 282
147 282
344 118
344 118
344 118
344 118
344 118
344 118
344 118
344 118
344 118
344 118
122 304
122 304
122 304
122 304
122 304
122 304
122 304
122 304
122 304
122 304
119 305
119 305
119 305
119 305
119 305
119 305
119 305
119 305
119 305
119 305
137 253
137 253
137 253
137 253
137 253
137 253
137 253
137 253
137 253
137 253
337 97
337 97
337 97
337 97
337 97
337 97
337 97
337 97
337 97
337 97
206 156
206 156
206 156
206 156
206 156
206 156
206 156
206 156
206 156
206 156
234 136
234 136
234 136
234 136
234 136
234 136
234 136
234 136
234 136
234 136
290 103
290 103
290 103
290 103
290 103
290 103
290 103
290 103
290 103
290 103
238 123
238 123
238 123
238 123
238 123
238 123
238 123
238 123
238 123
238 123
101 280
101 280
101 280
101 280
101 280
101 280
101 280
101 280
101 280
101 280
371 74
371 74
371 74
371 74
371 74
371 74
371 74
371 74
371 74
371 74
203 126
203 126
203 126
203 126
203 126
203 126
203 126
203 126
203 126
203 126
140 175
140 175
140 175
140 175
140 175
140 175
140 175
140 175
140 175
140 175
172 141
172 141
172 141
172 141
172 141
172 141
172 141
172 141
172 141
172 141
78 305
78 305
78 305
78 305
78 305
78 305
78 305
78 305
78 305
78 305
105 212
105 212
105 212
105 212
105 212
105 212
105 212
105 212
105 212
105 212
82 268
82 268
82 268
82 268
82 268
82 268
82 268
82 268
82 268
82 268
322 64
322 64
322 64
322 64
322 64
322 64
322 64
322 64
322 64
322 64
143 131
143 131
143 131
143 131
143 131
143 131
143 131
143 131
143 131
143 131
193 94
193 94
193 94
193 94
193 94
193 94
193 94
193 94
193 94
193 94
63 265
63 265
63 265
63 265
63 265
63 265
63 265
63 265
63 265
63 265
95 173
95 173
95 173
95 173
95 173
95 173
95 173
95 173
95 173
95 173
278 58
278 58
278 58
278 58
278 58
278 58
278 58
278 58
278 58
278 58
123 130
123 130
123 130
123 130
123 130
123 130
123 130
123 130
123 130
123 130
176 86
176 86
176 86
176 86
176 86
176 86
176 86
176 86
176 86
176 86
120 119
120 119
120 119
120 119
120 119
120 119
120 119
120 119
120 119
120 119
192 72
192 72
192 72
192 72
192 72
192 72
192 72
192 72
192 72
192 72
89 153
89 153
89 153
89 153
89 153
89 153
89 153
89 153
89 153
89 153
367 34
367 34
367 34
367 34
367 34
367 34
367 34
367 34
367 34
367 34
255 48
255 48
255 48
255 48
255 48
255 48
255 48
255 48
255 48
255 48
227 51
227 51
227 51
227 51
227 51
227 51
227 51
227 51
227 51
227 51
104 110
104 110
104 110
104 110
104 110
104 110
104 110
104 110
104 110
104 110
211 54
211 54
211 54
211 54
211 54
211 54
211 54
211 54
211 54
211 54
33 343
33 343
33 343
33 343
33 343
33 343
33 343
33 343
33 343
33 343
89 127
89 127
89 127
89 127
89 127
89 127
89 127
89 127
89 127
89 127
77 138
77 138
77 138
77 138
77 138
77 138
77 138
77 138
77 138
77 138
39 272
39 272
39 272
39 272
39 272
39 272
39 272
39 272
39 272
39 272
63 160
63 160
63 160
63 160
63 160
63 160
63 160
63 160
63 160
63 160
146 69
146 69
146 69
146 69
146 69
146 69
146 69
146 69
146 69
146 69
166 52
166 52
166 52
166 52
166 52
166 52
166 52
166 52
166 52
166 52
34 242
34 242
34 242
34 242
34 242
34 242
34 242
34 242
34 242
34 242
189 42
189 42
189 42
189 42
189 42
189 42
189 42
189 42
189 42
189 42
292 25
292 25
292 25
292 25
292 25
292 25
292 25
292 25
292 25
292 25
177 41
177 41
177 41
177 41
177 41
177 41
177 41
177 41
177 41
177 41
135 50
135 50
135 50
135 50
135 50
135 50
135 50
135 50
135 50
135 50
55 120
55 120
55 120
55 120
55 120
55 120
55 120
55 120
55 120
55 120
34 182
34 182
34 182
34 182
34 182
34 182
34 182
34 182
34 182
34 182
97 49
97 49
97 49
97 49
97 49
97 49
97 49
97 49
97 49
97 49
34 137
34 137
34 137
34 137
34 137
34 137
34 137
34 137
34 137
34 137
52 87
52 87
52 87
52 87
52 87
52 87
52 87
52 87
52 87
52 87
116 30
116 30
116 30
116 30
116 30
116 30
116 30
116 30
116 30
116 30
40 84
40 84
40 84
40 84
40 84
40 84
40 84
40 84
40 84
40 84
77 42
77 42
77 42
77 42
77 42
77 42
77 42
77 42
77 42
77 42
76 39
76 39
76 39
76 39
76 39
76 39
76 39
76 39
76 39
76 39
