1000 2533
1000
72 70
72 70
72 70
72 70
72 70
72 70
72 70
72 70
72 70
72 70
74 65
74 65
74 65
74 65
74 65
74 65
74 65
74 65
74 65
74 65
73 65
73 65
73 65
73 65
73 65
73 65
73 65
73 65
73 65
73 65
75 61
75 61
75 61
75 61
75 61
75 61
75 61
75 61
75 61
75 61
75 60
75 60
75 60
75 60
75 60
75 60
75 60
75 60
75 60
75 60
72 62
72 62
72 62
72 62
72 62
72 62
72 62
72 62
72 62
72 62
62 71
62 71
62 71
62 71
62 71
62 71
62 71
62 71
62 71
62 71
63 69
63 69
63 69
63 69
63 69
63 69
63 69
63 69
63 69
63 69
68 63
68 63
68 63
68 63
68 63
68 63
68 63
68 63
68 63
68 63
75 56
75 56
75 56
75 56
75 56
75 56
75 56
75 56
75 56
75 56
64 64
64 64
64 64
64 64
64 64
64 64
64 64
64 64
64 64
64 64
65 63
65 63
65 63
65 63
65 63
65 63
65 63
65 63
65 63
65 63
56 73
56 73
56 73
56 73
56 73
56 73
56 73
56 73
56 73
56 73
70 58
70 58
70 58
70 58
70 58
70 58
70 58
70 58
70 58
70 58
54 75
54 75
54 75
54 75
54 75
54 75
54 75
54 75
54 75
54 75
60 66
60 66
60 66
60 66
60 66
60 66
60 66
60 66
60 66
60 66
72 54
72 54
72 54
72 54
72 54
72 54
72 54
72 54
72 54
72 54
56 66
56 66
56 66
56 66
56 66
56 66
56 66
56 66
56 66
56 66
74 49
74 49
74 49
74 49
74 49
74 49
74 49
74 49
74 49
74 49
48 73
48 73
48 73
48 73
48 73
48 73
48 73
48 73
48 73
48 73
70 49
70 49
70 49
70 49
70 49
70 49
70 49
70 49
70 49
70 49
75 44
75 44
75 44
75 44
75 44
75 44
75 44
75 44
75 44
75 44
52 62
52 62
52 62
52 62
52 62
52 62
52 62
52 62
52 62
52 62
72 44
72 44
72 44
72 44
72 44
72 44
72 44
72 44
72 44
72 44
57 55
57 55
57 55
57 55
57 55
57 55
57 55
57 55
57 55
57 55
61 51
61 51
61 51
61 51
61 51
61 51
61 51
61 51
61 51
61 51
51 60
51 60
51 60
51 60
51 60
51 60
51 60
51 60
51 60
51 60
43 71
43 71
43 71
43 71
43 71
43 71
43 71
43 71
43 71
43 71
52 58
52 58
52 58
52 58
52 58
52 58
52 58
52 58
52 58
52 58
67 44
67 44
67 44
67 44
67 44
67 44
67 44
67 44
67 44
67 44
64 46
64 46
64 46
64 46
64 46
64 46
64 46
64 46
64 46
64 46
40 73
40 73
40 73
40 73
40 73
40 73
40 73
40 73
40 73
40 73
54 54
54 54
54 54
54 54
54 54
54 54
54 54
54 54
54 54
54 54
67 43
67 43
67 43
67 43
67 43
67 43
67 43
67 43
67 43
67 43
52 55
52 55
52 55
52 55
52 55
52 55
52 55
52 55
52 55
52 55
50 57
50 57
50 57
50 57
50 57
50 57
50 57
50 57
50 57
50 57
58 49
58 49
58 49
58 49
58 49
58 49
58 49
58 49
58 49
58 49
68 41
68 41
68 41
68 41
68 41
68 41
68 41
68 41
68 41
68 41
53 52
53 52
53 52
53 52
53 52
53 52
53 52
53 52
53 52
53 52
69 39
69 39
69 39
69 39
69 39
69 39
69 39
69 39
69 39
69 39
67 40
67 40
67 40
67 40
67 40
67 40
67 40
67 40
67 40
67 40
57 45
57 45
57 45
57 45
57 45
57 45
57 45
57 45
57 45
57 45
60 42
60 42
60 42
60 42
60 42
60 42
60 42
60 42
60 42
60 42
41 61
41 61
41 61
41 61
41 61
41 61
41 61
41 61
41 61
41 61
35 70
35 70
35 70
35 70
35 70
35 70
35 70
35 70
35 70
35 70
74 33
74 33
74 33
74 33
74 33
74 33
74 33
74 33
74 33
74 33
64 38
64 38
64 38
64 38
64 38
64 38
64 38
64 38
64 38
64 38
73 33
73 33
73 33
73 33
73 33
73 33
73 33
73 33
73 33
73 33
49 49
49 49
49 49
49 49
49 49
49 49
49 49
49 49
49 49
49 49
58 41
58 41
58 41
58 41
58 41
58 41
58 41
58 41
58 41
58 41
44 54
44 54
44 54
44 54
44 54
44 54
44 54
44 54
44 54
44 54
43 55
43 55
43 55
43 55
43 55
43 55
43 55
43 55
43 55
43 55
72 32
72 32
72 32
72 32
72 32
72 32
72 32
72 32
72 32
72 32
56 41
56 41
56 41
56 41
56 41
56 41
56 41
56 41
56 41
56 41
52 44
52 44
52 44
52 44
52 44
52 44
52 44
52 44
52 44
52 44
75 30
75 30
75 30
75 30
75 30
75 30
75 30
75 30
75 30
75 30
49 45
49 45
49 45
49 45
49 45
49 45
49 45
49 45
49 45
49 45
47 46
47 46
47 46
47 46
47 46
47 46
47 46
47 46
47 46
47 46
49 43
49 43
49 43
49 43
49 43
49 43
49 43
49 43
49 43
49 43
33 62
33 62
33 62
33 62
33 62
33 62
33 62
33 62
33 62
33 62
55 37
55 37
55 37
55 37
55 37
55 37
55 37
55 37
55 37
55 37
74 27
74 27
74 27
74 27
74 27
74 27
74 27
74 27
74 27
74 27
42 47
42 47
42 47
42 47
42 47
42 47
42 47
42 47
42 47
42 47
40 48
40 48
40 48
40 48
40 48
40 48
40 48
40 48
40 48
40 48
60 32
60 32
60 32
60 32
60 32
60 32
60 32
60 32
60 32
60 32
66 29
66 29
66 29
66 29
66 29
66 29
66 29
66 29
66 29
66 29
56 34
56 34
56 34
56 34
56 34
56 34
56 34
56 34
56 34
56 34
43 44
43 44
43 44
43 44
43 44
43 44
43 44
43 44
43 44
43 44
48 39
48 39
48 39
48 39
48 39
48 39
48 39
48 39
48 39
48 39
27 69
27 69
27 69
27 69
27 69
27 69
27 69
27 69
27 69
27 69
67 27
67 27
67 27
67 27
67 27
67 27
67 27
67 27
67 27
67 27
41 44
41 44
41 44
41 44
41 44
41 44
41 44
41 44
41 44
41 44
72 25
72 25
72 25
72 25
72 25
72 25
72 25
72 25
72 25
72 25
28 64
28 64
28 64
28 64
28 64
28 64
28 64
28 64
28 64
28 64
38 47
38 47
38 47
38 47
38 47
38 47
38 47
38 47
38 47
38 47
60 29
60 29
60 29
60 29
60 29
60 29
60 29
60 29
60 29
60 29
37 47
37 47
37 47
37 47
37 47
37 47
37 47
37 47
37 47
37 47
31 56
31 56
31 56
31 56
31 56
31 56
31 56
31 56
31 56
31 56
57 30
57 30
57 30
57 30
57 30
57 30
57 30
57 30
57 30
57 30
61 28
61 28
61 28
61 28
61 28
61 28
61 28
61 28
61 28
61 28
42 40
42 40
42 40
42 40
42 40
42 40
42 40
42 40
42 40
42 40
46 36
46 36
46 36
46 36
46 36
46 36
46 36
46 36
46 36
46 36
28 57
28 57
28 57
28 57
28 57
28 57
28 57
28 57
28 57
28 57
51 30
51 30
51 30
51 30
51 30
51 30
51 30
51 30
51 30
51 30
50 29
50 29
50 29
50 29
50 29
50 29
50 29
50 29
50 29
50 29
47 30
47 30
47 30
47 30
47 30
47 30
47 30
47 30
47 30
47 30
32 42
32 42
32 42
32 42
32 42
32 42
32 42
32 42
32 42
32 42
38 35
38 35
38 35
38 35
38 35
38 35
38 35
38 35
38 35
38 35
44 30
44 30
44 30
44 30
44 30
44 30
44 30
44 30
44 30
44 30
38 34
38 34
38 34
38 34
38 34
38 34
38 34
38 34
38 34
38 34
46 28
46 28
46 28
46 28
46 28
46 28
46 28
46 28
46 28
46 28
26 49
26 49
26 49
26 49
26 49
26 49
26 49
26 49
26 49
26 49
33 36
33 36
33 36
33 36
33 36
33 36
33 36
33 36
33 36
33 36
25 43
25 43
25 43
25 43
25 43
25 43
25 43
25 43
25 43
25 43
41 26
41 26
41 26
41 26
41 26
41 26
41 26
41 26
41 26
41 26
41 25
41 25
41 25
41 25
41 25
41 25
41 25
41 25
41 25
41 25
33 30
33 30
33 30
33 30
33 30
33 30
33 30
33 30
33 30
33 30
37 26
37 26
37 26
37 26
37 26
37 26
37 26
37 26
37 26
37 26
27 26
27 26
27 26
27 26
27 26
27 26
27 26
27 26
27 26
27 26
28 25
28 25
28 25
28 25
28 25
28 25
28 25
28 25
28 25
28 25
