1000 2308
1000
89 90
89 90
89 90
89 90
89 90
89 90
89 90
89 90
89 90
89 90
84 83
84 83
84 83
84 83
84 83
84 83
84 83
84 83
84 83
84 83
70 87
70 87
70 87
70 87
70 87
70 87
70 87
70 87
70 87
70 87
86 67
86 67
86 67
86 67
86 67
86 67
86 67
86 67
86 67
86 67
88 64
88 64
88 64
88 64
88 64
88 64
88 64
88 64
88 64
88 64
67 82
67 82
67 82
67 82
67 82
67 82
67 82
67 82
67 82
67 82
87 63
87 63
87 63
87 63
87 63
87 63
87 63
87 63
87 63
87 63
80 62
80 62
80 62
80 62
80 62
80 62
80 62
80 62
80 62
80 62
81 60
81 60
81 60
81 60
81 60
81 60
81 60
81 60
81 60
81 60
56 85
56 85
56 85
56 85
56 85
56 85
56 85
56 85
56 85
56 85
72 65
72 65
72 65
72 65
72 65
72 65
72 65
72 65
72 65
72 65
50 90
50 90
50 90
50 90
50 90
50 90
50 90
50 90
50 90
50 90
52 85
52 85
52 85
52 85
52 85
52 85
52 85
52 85
52 85
52 85
52 82
52 82
52 82
52 82
52 82
52 82
52 82
52 82
52 82
52 82
49 87
49 87
49 87
49 87
49 87
49 87
49 87
49 87
49 87
49 87
51 83
51 83
51 83
51 83
51 83
51 83
51 83
51 83
51 83
51 83
89 47
89 47
89 47
89 47
89 47
89 47
89 47
89 47
89 47
89 47
62 67
62 67
62 67
62 67
62 67
62 67
62 67
62 67
62 67
62 67
89 46
89 46
89 46
89 46
89 46
89 46
89 46
89 46
89 46
89 46
61 66
61 66
61 66
61 66
61 66
61 66
61 66
61 66
61 66
61 66
86 46
86 46
86 46
86 46
86 46
86 46
86 46
86 46
86 46
86 46
46 82
46 82
46 82
46 82
46 82
46 82
46 82
46 82
46 82
46 82
61 60
61 60
61 60
61 60
61 60
61 60
61 60
61 60
61 60
61 60
65 56
65 56
65 56
65 56
65 56
65 56
65 56
65 56
65 56
65 56
58 62
58 62
58 62
58 62
58 62
58 62
58 62
58 62
58 62
58 62
38 87
38 87
38 87
38 87
38 87
38 87
38 87
38 87
38 87
38 87
69 46
69 46
69 46
69 46
69 46
69 46
69 46
69 46
69 46
69 46
67 46
67 46
67 46
67 46
67 46
67 46
67 46
67 46
67 46
67 46
88 35
88 35
88 35
88 35
88 35
88 35
88 35
88 35
88 35
88 35
52 59
52 59
52 59
52 59
52 59
52 59
52 59
52 59
52 59
52 59
44 69
44 69
44 69
44 69
44 69
44 69
44 69
44 69
44 69
44 69
79 37
79 37
79 37
79 37
79 37
79 37
79 37
79 37
79 37
79 37
56 51
56 51
56 51
56 51
56 51
56 51
56 51
56 51
56 51
56 51
64 44
64 44
64 44
64 44
64 44
64 44
64 44
64 44
64 44
64 44
38 72
38 72
38 72
38 72
38 72
38 72
38 72
38 72
38 72
38 72
71 38
71 38
71 38
71 38
71 38
71 38
71 38
71 38
71 38
71 38
31 87
31 87
31 87
31 87
31 87
31 87
31 87
31 87
31 87
31 87
34 78
34 78
34 78
34 78
34 78
34 78
34 78
34 78
34 78
34 78
61 40
61 40
61 40
61 40
61 40
61 40
61 40
61 40
61 40
61 40
44 55
44 55
44 55
44 55
44 55
44 55
44 55
44 55
44 55
44 55
62 38
62 38
62 38
62 38
62 38
62 38
62 38
62 38
62 38
62 38
55 41
55 41
55 41
55 41
55 41
55 41
55 41
55 41
55 41
55 41
56 40
56 40
56 40
56 40
56 40
56 40
56 40
56 40
56 40
56 40
25 87
25 87
25 87
25 87
25 87
25 87
25 87
25 87
25 87
25 87
77 28
77 28
77 28
77 28
77 28
77 28
77 28
77 28
77 28
77 28
29 74
29 74
29 74
29 74
29 74
29 74
29 74
29 74
29 74
29 74
29 69
29 69
29 69
29 69
29 69
29 69
29 69
29 69
29 69
29 69
86 23
86 23
86 23
86 23
86 23
86 23
86 23
86 23
86 23
86 23
23 85
23 85
23 85
23 85
23 85
23 85
23 85
23 85
23 85
23 85
33 55
33 55
33 55
33 55
33 55
33 55
33 55
33 55
33 55
33 55
75 24
75 24
75 24
75 24
75 24
75 24
75 24
75 24
75 24
75 24
90 20
90 20
90 20
90 20
90 20
90 20
90 20
90 20
90 20
90 20
51 35
51 35
51 35
51 35
51 35
51 35
51 35
51 35
51 35
51 35
19 90
19 90
19 90
19 90
19 90
19 90
19 90
19 90
19 90
19 90
36 47
36 47
36 47
36 47
36 47
36 47
36 47
36 47
36 47
36 47
49 34
49 34
49 34
49 34
49 34
49 34
49 34
49 34
49 34
49 34
57 29
57 29
57 29
57 29
57 29
57 29
57 29
57 29
57 29
57 29
57 28
57 28
57 28
57 28
57 28
57 28
57 28
57 28
57 28
57 28
50 31
50 31
50 31
50 31
50 31
50 31
50 31
50 31
50 31
50 31
74 20
74 20
74 20
74 20
74 20
74 20
74 20
74 20
74 20
74 20
16 88
16 88
16 88
16 88
16 88
16 88
16 88
16 88
16 88
16 88
39 35
39 35
39 35
39 35
39 35
39 35
39 35
39 35
39 35
39 35
54 24
54 24
54 24
54 24
54 24
54 24
54 24
54 24
54 24
54 24
44 29
44 29
44 29
44 29
44 29
44 29
44 29
44 29
44 29
44 29
19 64
19 64
19 64
19 64
19 64
19 64
19 64
19 64
19 64
19 64
23 47
23 47
23 47
23 47
23 47
23 47
23 47
23 47
23 47
23 47
27 40
27 40
27 40
27 40
27 40
27 40
27 40
27 40
27 40
27 40
24 44
24 44
24 44
24 44
24 44
24 44
24 44
24 44
24 44
24 44
44 23
44 23
44 23
44 23
44 23
44 23
44 23
44 23
44 23
44 23
15 67
15 67
15 67
15 67
15 67
15 67
15 67
15 67
15 67
15 67
82 11
82 11
82 11
82 11
82 11
82 11
82 11
82 11
82 11
82 11
10 90
10 90
10 90
10 90
10 90
10 90
10 90
10 90
10 90
10 90
33 27
33 27
33 27
33 27
33 27
33 27
33 27
33 27
33 27
33 27
26 34
26 34
26 34
26 34
26 34
26 34
26 34
26 34
26 34
26 34
25 35
25 35
25 35
25 35
25 35
25 35
25 35
25 35
25 35
25 35
11 74
11 74
11 74
11 74
11 74
11 74
11 74
11 74
11 74
11 74
25 32
25 32
25 32
25 32
25 32
25 32
25 32
25 32
25 32
25 32
80 10
80 10
80 10
80 10
80 10
80 10
80 10
80 10
80 10
80 10
20 39
20 39
20 39
20 39
20 39
20 39
20 39
20 39
20 39
20 39
14 54
14 54
14 54
14 54
14 54
14 54
14 54
14 54
14 54
14 54
37 20
37 20
37 20
37 20
37 20
37 20
37 20
37 20
37 20
37 20
29 25
29 25
29 25
29 25
29 25
29 25
29 25
29 25
29 25
29 25
90 8
90 8
90 8
90 8
90 8
90 8
90 8
90 8
90 8
90 8
76 9
76 9
76 9
76 9
76 9
76 9
76 9
76 9
76 9
76 9
11 62
11 62
11 62
11 62
11 62
11 62
11 62
11 62
11 62
11 62
51 13
51 13
51 13
51 13
51 13
51 13
51 13
51 13
51 13
51 13
46 14
46 14
46 14
46 14
46 14
46 14
46 14
46 14
46 14
46 14
71 9
71 9
71 9
71 9
71 9
71 9
71 9
71 9
71 9
71 9
11 56
11 56
11 56
11 56
11 56
11 56
11 56
11 56
11 56
11 56
36 16
36 16
36 16
36 16
36 16
36 16
36 16
36 16
36 16
36 16
49 11
49 11
49 11
49 11
49 11
49 11
49 11
49 11
49 11
49 11
26 19
26 19
26 19
26 19
26 19
26 19
26 19
26 19
26 19
26 19
20 21
20 21
20 21
20 21
20 21
20 21
20 21
20 21
20 21
20 21
51 8
51 8
51 8
51 8
51 8
51 8
51 8
51 8
51 8
51 8
28 14
28 14
28 14
28 14
28 14
28 14
28 14
28 14
28 14
28 14
65 6
65 6
65 6
65 6
65 6
65 6
65 6
65 6
65 6
65 6
41 7
41 7
41 7
41 7
41 7
41 7
41 7
41 7
41 7
41 7
14 20
14 20
14 20
14 20
14 20
14 20
14 20
14 20
14 20
14 20
8 32
8 32
8 32
8 32
8 32
8 32
8 32
8 32
8 32
8 32
13 13
13 13
13 13
13 13
13 13
13 13
13 13
13 13
13 13
13 13
