1000 39408
1000
289 299
297 290
296 289
300 283
286 295
299 282
290 290
299 281
296 283
282 292
281 293
272 299
273 296
276 292
264 300
299 264
297 265
296 265
296 264
263 296
277 280
268 289
279 277
293 262
290 264
276 277
271 282
275 277
271 281
260 291
274 272
261 285
272 273
266 278
252 290
285 256
294 248
252 289
243 298
294 246
279 259
250 289
261 276
271 265
248 289
262 273
260 274
298 238
241 294
288 246
249 284
294 240
263 268
237 297
243 289
263 266
272 256
295 236
291 239
285 244
260 267
263 263
299 231
283 243
242 284
256 267
294 232
256 266
251 270
239 280
226 296
229 292
279 239
297 224
245 270
285 231
274 240
233 282
293 224
266 246
219 298
290 225
243 268
291 223
299 217
277 234
216 300
280 231
266 243
295 219
287 225
276 233
277 232
296 217
278 231
242 265
295 217
261 245
267 239
244 261
235 269
298 212
238 265
236 267
218 289
247 255
229 275
230 273
231 270
282 221
236 264
271 229
215 287
221 278
237 259
208 295
225 272
235 260
295 207
214 285
239 255
235 258
278 218
214 283
251 241
255 237
273 221
253 238
233 257
244 245
236 253
210 284
225 265
276 216
228 260
208 284
260 227
210 281
232 254
199 296
214 275
216 272
292 201
214 274
293 200
213 275
234 250
272 215
268 218
216 270
239 244
224 260
231 251
276 210
195 297
224 258
296 195
294 196
281 205
254 225
207 276
237 241
245 233
212 269
298 191
235 242
198 287
216 262
268 211
218 259
196 288
235 240
233 242
219 257
251 224
212 265
209 268
215 260
220 254
203 275
216 258
238 234
253 220
295 188
206 269
293 189
197 281
205 269
225 245
194 284
207 266
237 232
218 252
292 188
187 293
267 205
275 199
233 234
296 184
225 242
279 195
248 219
181 300
218 249
239 227
226 240
187 290
196 276
280 193
192 281
199 271
184 293
288 187
217 248
297 181
195 275
186 287
231 231
199 268
295 180
240 221
234 226
236 224
206 256
243 217
244 216
256 205
269 195
293 179
220 238
281 186
284 184
204 256
230 227
180 290
238 219
259 201
215 242
255 204
212 245
260 199
256 202
182 284
210 246
187 276
172 300
254 203
291 177
299 172
266 193
174 295
275 186
269 190
202 253
195 262
225 227
174 293
251 203
202 252
195 261
228 223
262 194
220 231
270 188
238 213
211 240
299 169
273 185
293 172
203 248
183 274
188 266
279 179
187 267
202 247
253 197
204 243
293 169
275 180
165 299
176 280
227 217
269 183
180 273
242 203
235 209
167 294
197 249
164 299
174 281
238 205
250 195
285 171
190 256
193 252
289 168
197 246
266 182
298 162
165 292
278 173
270 178
162 295
241 198
176 271
289 165
217 219
297 160
201 236
200 237
206 230
179 263
165 285
228 206
273 172
187 251
216 217
220 213
224 209
176 266
190 246
292 160
221 210
175 265
162 285
227 203
222 207
238 193
205 224
255 180
168 273
217 211
230 199
206 222
155 295
284 161
216 211
267 170
191 237
186 243
213 212
244 185
255 177
293 154
165 273
225 200
163 276
263 171
290 155
289 155
265 169
167 268
165 270
195 228
175 254
229 194
258 172
166 267
249 178
218 203
151 293
160 276
185 238
188 234
152 289
244 180
276 159
173 253
257 170
208 210
204 214
155 281
267 163
262 166
241 180
173 250
148 292
225 192
162 265
212 202
215 199
147 291
216 198
277 154
284 150
229 186
252 169
273 156
198 215
195 218
193 220
183 232
284 149
223 189
245 172
239 176
225 186
235 178
169 247
239 174
226 184
228 182
237 175
142 292
280 148
234 177
291 142
279 148
258 160
299 138
223 185
190 217
162 254
138 298
300 137
272 151
202 203
171 239
139 294
142 286
203 200
163 249
167 243
147 276
150 270
220 184
285 142
141 287
196 206
156 258
261 154
164 245
193 208
212 189
270 148
207 193
172 232
220 181
265 150
151 263
165 240
252 157
178 222
197 200
204 193
149 264
140 280
166 236
136 288
190 206
132 296
142 274
288 135
230 169
203 190
296 130
195 197
146 263
175 219
170 225
216 177
226 169
248 154
216 176
296 128
140 270
152 248
161 234
231 163
199 189
187 201
149 252
166 226
241 155
189 197
264 141
234 159
193 192
148 250
123 300
133 277
263 140
199 185
142 259
167 220
231 159
127 289
187 196
142 258
179 204
211 173
139 262
241 151
236 154
136 267
242 150
123 295
272 133
136 266
262 138
287 125
160 224
179 200
286 125
259 138
147 243
288 124
195 183
223 160
241 147
166 213
149 237
195 181
205 172
284 124
137 257
270 130
215 163
201 174
124 282
180 194
132 264
175 199
169 206
194 179
125 275
237 145
165 208
168 204
295 116
207 165
298 114
120 283
207 164
239 142
257 132
244 139
280 121
162 209
235 144
138 245
191 177
130 260
270 125
162 208
147 229
187 180
199 169
190 177
174 193
273 123
275 122
256 131
162 207
217 154
144 232
235 142
280 119
179 186
252 132
145 229
136 244
259 128
124 267
191 173
256 129
209 158
202 163
118 279
272 121
230 143
111 296
199 165
290 113
120 273
211 155
215 152
192 170
131 249
183 178
267 122
139 233
220 147
229 141
144 224
168 192
140 230
219 147
145 222
181 177
149 215
173 185
262 122
213 150
134 238
126 253
178 179
236 135
111 287
183 174
173 184
146 218
164 194
110 289
195 163
158 201
125 254
123 258
285 111
124 255
145 218
135 234
166 190
140 225
175 180
129 244
145 217
168 187
205 153
272 115
110 284
178 175
173 180
272 114
117 265
242 128
182 170
111 278
151 204
208 148
104 295
234 131
121 253
201 152
299 102
252 121
104 293
176 173
156 195
200 152
123 247
191 159
127 239
185 164
215 141
150 202
195 155
119 253
140 215
202 149
125 240
114 263
275 109
236 127
103 290
253 118
279 107
142 210
115 259
126 236
252 118
220 135
190 156
169 175
158 187
140 211
122 242
152 194
231 127
122 240
130 224
112 260
136 214
119 244
162 179
151 192
180 161
154 188
108 268
159 182
237 122
219 132
242 119
246 117
218 132
188 153
197 146
166 173
226 127
287 100
211 136
131 219
119 241
123 233
225 127
118 242
244 117
228 125
263 108
169 168
144 197
275 103
146 194
223 127
100 283
102 277
105 269
109 259
166 170
185 152
160 175
176 159
120 233
208 134
159 175
147 189
224 124
155 179
171 162
227 122
148 187
131 211
151 183
118 234
149 185
227 121
112 245
165 166
129 212
134 204
112 244
122 224
115 237
189 144
172 158
192 141
260 104
156 173
121 223
252 107
182 148
176 153
247 109
249 108
146 184
131 205
218 123
230 116
226 118
213 125
190 140
146 182
164 162
130 204
232 114
181 146
102 259
183 144
246 107
146 180
124 211
131 199
122 213
247 105
192 135
149 173
206 125
117 220
247 104
229 112
103 249
223 115
149 172
148 173
139 184
113 225
223 114
179 142
172 147
168 150
108 233
122 206
191 131
242 103
140 178
100 249
102 244
133 187
197 126
121 205
152 162
100 246
148 166
168 146
206 119
233 105
186 131
114 213
146 166
103 235
109 222
195 124
150 161
227 106
119 202
115 209
233 103
137 175
126 190
105 228
119 201
232 103
110 217
149 160
133 179
222 107
123 192
126 187
212 111
202 116
165 142
128 183
225 104
218 107
222 105
204 114
197 118
155 149
111 208
183 126
100 230
124 185
155 148
117 196
120 191
158 145
164 139
101 225
214 106
108 210
187 121
202 112
133 170
109 207
123 183
150 150
216 104
103 218
143 156
166 134
139 160
118 188
154 144
180 123
125 177
170 130
107 206
198 111
133 165
215 102
166 132
145 151
206 106
118 184
138 157
170 127
140 154
169 127
214 100
200 107
120 178
122 175
101 210
143 147
158 133
150 140
184 114
109 192
190 110
129 162
153 136
165 126
118 176
187 111
192 108
150 138
158 131
178 116
122 169
105 196
132 155
157 130
102 200
145 140
154 131
128 157
133 151
184 109
161 124
127 156
195 101
148 133
185 106
129 152
118 166
170 114
140 138
152 127
109 177
142 135
189 101
108 176
130 146
186 102
166 114
178 106
148 127
135 139
164 114
139 134
140 133
111 167
153 121
178 104
107 173
136 136
110 166
136 133
130 139
112 161
150 120
127 141
153 117
107 166
105 169
121 146
124 142
106 166
105 167
147 119
131 133
104 167
168 103
130 133
135 128
119 145
104 164
168 101
106 160
164 103
134 126
132 127
121 138
118 137
153 104
123 129
111 142
128 123
119 132
106 147
142 109
146 105
100 153
133 115
123 124
100 152
116 131
120 126
100 151
139 107
118 126
116 128
106 140
129 115
108 134
109 132
139 102
109 130
100 141
122 115
128 109
135 103
128 108
107 129
122 113
111 124
116 116
121 108
105 124
111 117
105 121
113 112
111 114
114 110
105 117
104 118
100 122
105 115
117 102
116 100
