1000 40455
1000
297 299
296 296
295 297
300 290
291 297
291 292
290 292
298 284
283 297
287 289
298 278
287 286
291 282
293 279
290 281
273 298
299 271
275 293
285 282
286 279
276 289
279 284
286 277
292 271
277 285
300 263
296 265
285 275
262 299
261 299
288 270
260 297
269 287
296 259
279 273
274 277
268 283
267 284
276 274
264 286
251 299
256 291
288 258
255 290
287 257
259 284
276 266
290 253
257 285
255 287
290 252
275 265
246 296
293 248
262 277
291 248
279 258
283 254
247 291
281 255
270 265
260 275
255 279
246 288
274 257
275 256
251 280
289 243
283 248
277 253
253 275
296 235
257 270
255 272
286 241
298 231
242 284
279 246
240 285
239 286
250 273
247 276
250 271
228 297
295 229
240 281
233 289
245 274
256 262
238 281
234 285
281 236
262 253
250 264
223 295
263 250
233 282
240 273
282 231
300 217
289 225
256 254
231 281
223 291
235 275
289 223
294 219
237 271
260 247
230 279
250 256
259 247
293 218
253 252
231 276
288 221
281 226
232 273
283 223
213 296
287 219
279 225
276 227
262 239
263 238
272 230
221 283
269 232
300 208
209 298
237 262
248 250
271 228
297 208
247 249
280 219
299 205
214 286
239 256
258 237
227 269
233 262
264 231
206 296
255 239
208 293
205 297
287 212
276 220
203 298
216 280
252 240
206 293
225 267
223 269
252 238
226 265
206 290
256 233
229 258
238 246
197 297
250 234
218 268
249 234
218 267
221 263
223 260
222 261
211 273
236 244
213 270
220 260
286 200
281 203
253 225
204 279
276 206
290 196
216 263
289 196
286 198
205 276
281 201
203 278
220 256
205 273
214 261
224 249
221 252
239 233
213 261
192 289
283 196
235 236
289 191
284 194
262 210
271 203
243 226
245 224
278 197
232 236
205 267
286 191
231 236
186 292
219 248
274 198
281 193
251 216
201 269
211 256
269 200
242 222
181 296
279 192
195 274
240 222
210 253
284 187
212 250
197 269
216 245
280 188
220 239
284 185
260 202
198 265
235 223
194 270
240 218
194 269
239 218
241 216
250 208
229 227
223 232
292 177
257 201
200 258
214 241
293 176
173 298
188 274
286 180
238 216
200 257
240 214
282 182
223 230
173 296
200 256
275 186
171 299
224 228
279 183
198 257
181 281
230 221
217 234
285 178
288 176
192 264
170 298
230 220
269 188
235 215
274 184
178 283
272 185
262 192
292 172
215 233
253 198
284 176
297 168
186 268
222 224
168 296
280 177
194 255
191 259
267 185
233 211
289 170
167 294
261 188
246 199
247 198
284 172
240 203
252 193
219 222
291 167
265 183
263 184
268 180
222 217
211 228
293 164
251 191
262 182
171 278
288 165
215 221
206 230
283 167
189 250
230 205
300 157
164 287
237 198
202 232
263 178
225 208
194 241
297 157
188 248
203 229
261 178
217 214
207 224
199 233
171 271
171 270
205 225
204 226
249 185
212 217
199 231
176 261
196 234
202 227
230 199
161 284
204 224
247 185
254 179
269 169
238 191
226 201
207 219
259 175
285 159
192 236
164 276
187 242
297 152
183 246
159 283
248 181
237 189
271 165
184 243
180 248
252 177
165 270
275 162
169 263
151 294
230 193
148 299
243 182
153 289
163 271
156 283
231 191
212 208
273 161
169 259
253 173
183 239
255 171
252 173
165 264
157 277
202 215
159 273
271 160
222 195
209 207
262 165
144 300
157 275
255 169
149 289
144 299
250 172
262 164
244 176
229 187
271 158
278 154
146 293
299 143
285 150
267 160
188 227
216 197
253 168
147 289
199 213
238 178
181 234
144 294
239 177
264 160
182 232
212 199
279 151
174 242
249 169
275 153
176 239
271 155
264 159
155 270
239 175
159 263
202 207
146 286
146 284
259 160
205 202
272 152
265 156
210 196
140 294
192 214
202 203
163 251
231 177
294 139
143 285
268 152
237 171
169 239
177 228
143 282
187 215
177 227
155 259
158 254
271 148
241 166
238 168
192 208
189 211
219 182
267 149
195 204
142 280
179 222
256 155
252 157
162 244
166 238
231 171
221 178
234 168
186 211
212 185
152 258
228 172
158 248
272 144
254 154
210 186
180 217
275 142
160 244
175 223
173 225
136 286
223 174
279 139
191 203
220 176
174 222
283 136
216 178
177 217
202 190
137 280
168 228
128 299
239 160
139 275
270 141
268 142
266 143
136 279
170 223
296 128
259 146
225 168
180 210
257 147
222 170
246 153
147 256
197 191
268 140
183 205
165 227
299 125
139 267
234 158
176 210
138 267
156 236
158 233
257 143
220 167
205 179
158 232
267 137
145 252
124 294
196 186
184 198
235 155
230 158
254 143
211 172
228 159
183 198
201 180
262 138
150 241
168 215
177 204
167 216
134 269
135 267
275 131
218 165
255 141
209 172
180 199
133 269
279 128
163 219
194 184
285 125
239 149
202 176
160 222
275 129
159 223
118 299
141 250
178 198
139 253
278 126
197 177
149 234
249 140
247 141
240 145
200 174
250 139
134 259
119 291
264 131
266 130
247 140
245 141
122 283
199 173
122 282
148 232
203 169
245 140
221 155
170 201
119 287
141 242
245 139
202 168
278 122
197 172
114 297
188 180
123 275
233 145
212 159
244 138
127 265
161 209
205 164
191 176
112 300
212 158
128 261
295 113
140 238
273 122
225 148
177 188
154 216
135 246
210 158
232 143
121 274
115 288
212 156
231 143
266 124
239 138
139 237
136 242
187 176
272 121
111 296
114 288
213 154
147 223
264 124
287 114
209 156
188 173
271 120
193 168
175 185
145 223
260 124
180 179
122 264
219 147
111 290
228 141
116 277
274 117
224 143
176 182
174 184
237 135
121 264
155 206
295 108
193 165
109 292
284 112
120 265
124 256
130 244
181 175
156 203
159 199
265 119
237 133
143 220
163 193
185 170
278 113
127 247
205 153
178 176
173 181
141 222
254 123
137 228
106 294
154 202
161 192
106 291
149 207
119 259
268 115
151 204
282 109
113 271
128 239
230 133
130 235
102 299
157 194
115 264
174 174
132 229
207 146
138 219
256 118
183 165
115 262
198 152
281 107
180 167
244 123
101 297
167 179
106 282
287 104
224 133
240 124
250 119
183 162
285 104
195 152
243 121
127 231
269 109
114 257
149 196
233 125
205 142
187 155
160 181
245 118
100 289
164 176
113 255
117 246
143 201
165 174
235 122
111 258
115 249
125 229
152 188
105 272
115 248
194 147
198 144
102 279
145 196
256 111
156 182
144 197
207 137
194 146
161 175
249 113
251 112
133 211
230 122
246 114
125 224
108 259
201 139
180 155
191 146
150 185
269 103
111 249
119 232
181 152
115 238
126 217
222 123
255 107
241 113
206 132
173 157
109 249
124 218
255 106
240 112
193 139
102 263
221 121
146 183
178 150
145 184
213 125
167 159
104 255
199 133
160 165
168 157
101 261
191 138
179 147
222 118
180 145
104 250
206 126
188 138
134 193
109 237
172 150
142 181
223 115
187 137
161 159
158 162
142 180
175 146
232 110
250 102
255 100
118 216
104 245
103 247
162 157
237 107
152 166
238 106
147 171
244 103
246 102
107 234
123 203
172 145
134 186
241 103
172 144
182 136
112 221
242 102
170 145
162 152
228 108
132 186
146 168
193 127
131 187
170 144
106 230
132 184
147 165
240 101
220 110
205 117
224 107
210 114
228 105
124 193
156 153
129 185
123 194
137 174
236 101
136 175
133 178
204 116
180 131
190 124
112 210
196 120
100 235
144 163
149 157
113 207
160 146
220 106
143 163
101 230
106 219
144 161
125 184
110 209
110 208
186 123
111 206
101 224
144 157
171 132
198 114
112 201
116 194
171 131
172 130
137 163
138 161
185 120
126 176
134 165
110 201
112 197
119 185
177 124
207 106
203 108
140 156
206 106
125 174
161 135
108 201
159 136
122 177
105 205
199 108
146 147
177 121
106 202
137 156
146 146
154 138
113 187
125 169
106 199
123 171
101 207
148 141
105 198
102 203
135 153
129 160
117 175
166 123
129 158
110 185
138 147
128 158
197 102
170 117
119 167
136 146
119 165
102 192
104 188
170 115
159 122
173 111
109 176
189 100
185 102
165 114
137 136
122 152
125 148
165 112
160 115
106 173
159 115
118 154
112 162
109 166
136 133
148 122
123 146
135 133
171 105
152 118
143 125
107 167
129 138
156 114
149 119
110 160
123 143
132 133
103 169
100 172
151 113
104 164
102 167
109 156
136 125
164 103
124 136
159 105
109 153
106 157
112 148
119 139
160 103
112 146
113 143
138 117
124 130
101 159
145 110
127 125
124 128
157 101
110 143
130 120
128 120
150 101
130 116
140 107
144 104
148 101
133 112
103 142
103 140
131 109
128 111
104 136
131 107
123 113
113 119
100 134
103 130
116 115
105 127
128 104
130 102
106 121
107 119
104 121
106 112
112 105
102 111
100 113
110 100
