1000 38460
1000
368 372
366 372
364 373
365 366
356 373
359 363
354 368
373 349
344 375
370 340
353 349
351 347
332 364
337 351
318 367
324 360
355 323
373 306
375 304
325 345
318 349
323 343
341 323
297 368
296 368
290 374
367 295
360 300
361 298
321 332
348 306
296 359
321 331
289 366
348 299
288 360
336 307
352 290
274 372
317 320
366 277
341 297
375 269
295 341
326 307
326 306
301 327
273 359
269 363
322 302
371 262
268 361
348 278
277 349
355 271
336 286
292 329
374 253
274 344
306 308
372 252
369 254
323 290
314 298
296 316
292 320
352 264
272 341
249 372
276 335
254 364
375 246
345 265
321 283
248 364
291 310
314 287
290 310
324 277
275 326
316 283
359 248
321 276
367 240
301 291
317 276
370 234
288 300
314 275
293 294
297 290
237 363
375 229
255 336
239 358
291 294
269 318
255 335
314 272
241 354
277 307
266 319
243 347
270 312
303 278
345 244
238 353
349 240
326 255
253 328
363 227
358 230
319 258
235 349
232 353
242 336
374 217
236 343
353 229
332 243
281 287
343 235
258 311
342 232
324 244
240 329
216 363
208 375
216 361
364 214
365 212
307 251
222 347
211 365
216 356
247 310
361 212
318 240
372 205
267 283
236 320
215 351
318 237
236 318
258 290
266 280
205 363
367 202
292 253
252 293
301 245
278 265
361 204
315 231
297 245
303 240
226 321
310 234
355 204
216 335
241 297
198 361
309 231
282 253
310 230
291 245
191 373
334 212
311 227
224 315
373 189
226 311
331 212
296 237
275 255
216 321
283 245
248 279
375 184
256 267
205 333
218 313
361 189
259 263
190 358
281 242
184 369
255 265
200 337
184 366
251 268
328 205
191 352
285 234
291 229
285 232
219 301
284 232
211 310
373 175
204 319
284 229
205 315
371 174
284 227
327 197
253 254
192 334
171 373
253 252
173 367
247 255
193 326
353 178
330 189
188 331
184 338
285 218
258 239
248 248
186 327
205 296
282 215
188 322
260 232
269 224
346 174
173 348
209 288
193 311
169 353
245 243
305 195
271 218
214 276
259 227
160 366
247 237
194 301
342 170
263 221
289 201
322 179
169 341
171 337
246 234
319 180
165 347
340 168
334 171
235 243
243 234
157 362
340 167
188 302
232 242
175 320
237 236
225 248
254 219
201 275
254 217
211 260
338 162
218 251
203 269
168 325
193 282
147 370
337 160
179 301
183 293
334 160
260 203
312 169
156 338
144 366
189 278
249 211
159 329
223 234
199 261
193 269
203 254
201 256
276 186
256 198
259 195
239 211
252 200
143 352
137 367
178 281
316 157
276 179
365 135
288 171
145 339
221 222
331 148
314 156
155 316
184 266
152 322
242 202
251 194
277 175
192 252
304 159
366 132
194 249
352 137
204 236
167 288
232 206
175 272
134 355
323 147
181 262
226 208
267 176
317 148
269 174
335 139
226 206
320 145
225 206
164 282
338 136
258 178
273 168
209 219
169 270
283 160
237 191
180 251
282 160
181 249
336 134
147 306
193 233
227 198
129 347
322 139
205 218
227 196
245 181
365 121
313 141
208 211
342 127
123 353
162 268
116 373
320 135
198 218
267 161
308 139
237 180
297 143
122 348
292 145
122 347
239 177
267 158
173 243
375 112
132 318
355 118
245 170
199 209
128 324
229 181
129 321
115 360
131 316
242 170
235 173
150 270
191 210
222 179
231 172
167 236
339 116
182 214
208 186
112 345
183 211
254 152
225 170
106 360
331 115
355 107
131 289
238 159
291 130
158 239
162 233
196 192
191 197
147 255
174 215
252 148
330 113
108 345
353 105
209 177
281 131
204 180
243 151
190 193
308 119
211 173
231 158
134 272
371 98
285 127
306 117
134 267
111 322
277 129
197 181
136 262
274 130
258 138
185 192
115 308
258 137
277 127
325 108
210 167
103 340
174 201
140 249
193 180
173 200
132 262
258 134
274 126
118 292
219 157
358 96
296 116
109 315
129 266
101 339
349 98
171 200
201 170
295 115
278 122
325 104
105 321
337 100
327 103
127 264
185 181
186 180
140 239
352 95
288 116
91 366
130 256
193 172
150 221
103 320
233 141
205 160
252 130
92 356
88 371
125 261
265 123
100 324
365 88
167 192
98 326
155 206
145 220
124 256
261 121
312 101
207 152
324 97
200 156
331 94
114 272
369 84
144 215
214 144
164 187
218 140
146 208
109 278
127 238
81 372
353 85
164 181
280 106
85 348
147 201
242 122
268 110
254 116
127 232
203 145
169 174
134 219
188 156
85 345
169 173
174 168
309 94
185 157
106 273
198 146
141 205
127 226
142 202
263 109
293 97
113 251
126 225
88 321
360 78
168 167
118 237
154 181
109 255
177 157
158 175
148 185
76 360
190 144
74 368
185 147
97 280
256 106
211 128
157 172
99 271
297 90
170 157
124 215
72 370
71 375
368 72
179 148
109 243
240 110
172 153
190 138
179 146
141 185
343 76
127 205
159 163
74 350
297 87
113 228
143 180
136 189
135 190
231 110
116 219
130 194
151 167
229 110
129 195
118 213
139 180
147 170
135 185
211 118
168 148
71 348
177 139
183 134
69 355
254 95
208 116
201 120
103 234
173 139
131 183
275 87
204 117
259 92
66 361
78 305
69 343
166 142
83 284
300 78
284 82
245 95
230 101
313 74
356 65
156 148
240 96
139 165
234 98
86 266
257 89
169 135
114 198
91 248
92 245
85 265
68 327
106 209
81 272
62 355
297 74
261 84
292 75
112 195
135 160
273 79
97 221
258 83
139 154
89 240
187 114
105 203
263 81
308 69
96 221
59 359
145 146
345 61
79 266
178 118
70 299
63 331
302 69
168 124
107 194
247 84
167 124
65 317
64 321
84 244
173 118
340 60
77 264
205 99
195 104
122 166
57 355
222 91
201 100
81 247
253 79
89 223
155 128
139 142
69 286
243 81
54 364
74 265
200 98
53 369
98 199
246 79
195 99
64 301
208 92
109 175
123 155
99 192
58 327
80 237
243 78
186 101
156 120
135 137
323 57
71 259
139 132
247 74
169 108
57 320
122 149
64 284
49 370
120 151
246 73
57 315
82 218
251 71
88 202
51 347
68 260
147 120
320 55
48 365
67 261
115 152
239 73
342 51
111 157
111 156
302 57
57 301
113 151
153 111
303 56
72 235
119 142
152 111
73 231
250 67
180 93
113 148
118 141
213 78
210 79
94 176
104 159
253 65
316 52
111 148
65 250
80 201
135 119
198 81
56 286
125 127
137 114
112 138
62 248
122 126
84 183
71 216
203 75
213 71
196 77
279 54
59 255
63 238
168 89
107 139
143 104
99 150
106 139
361 40
51 283
63 229
45 320
39 369
326 44
135 106
133 106
79 178
260 54
169 83
86 163
50 279
45 309
118 117
220 62
98 139
209 65
37 366
70 193
142 95
207 65
92 146
283 47
102 130
136 97
73 180
99 132
250 52
351 37
300 43
338 38
132 97
54 237
121 105
149 85
172 73
369 34
46 272
76 164
88 141
93 132
157 78
94 130
89 136
44 275
113 107
77 157
51 237
165 73
77 154
38 312
268 44
119 99
113 104
33 355
76 154
91 128
115 101
47 245
34 337
152 75
65 175
94 121
171 66
274 41
374 30
42 265
130 85
261 42
65 168
286 38
56 191
61 175
304 35
189 56
263 40
206 51
183 57
105 98
110 91
115 85
244 40
47 207
38 256
92 105
87 111
108 89
170 56
29 328
182 52
294 32
36 260
26 359
291 32
227 41
109 84
57 160
96 95
216 41
36 246
81 109
27 324
49 178
27 321
41 211
54 159
35 245
150 57
37 230
57 149
45 188
28 302
140 59
258 32
70 117
44 185
31 262
26 309
37 216
221 36
106 75
227 35
36 220
144 55
56 141
315 25
46 171
231 34
73 107
242 32
31 249
94 81
61 124
63 120
128 59
130 58
249 30
248 30
29 254
222 33
55 133
112 65
61 119
176 41
71 99
30 234
70 100
27 258
114 61
57 121
33 207
113 60
46 147
62 108
27 246
263 25
32 205
128 51
260 25
52 125
68 95
25 256
211 30
43 147
67 94
36 172
65 95
105 58
28 217
25 243
208 29
52 115
39 153
34 174
77 76
43 133
30 190
154 37
63 90
120 47
187 30
214 26
175 31
34 159
115 47
61 88
183 29
104 51
85 62
193 27
64 81
89 58
161 32
27 190
35 146
37 136
49 102
50 94
99 46
162 28
81 56
116 39
76 58
152 29
110 40
86 50
45 95
35 121
155 27
118 35
98 41
69 58
26 153
32 124
37 106
141 27
72 50
43 81
137 25
26 130
41 82
39 86
100 33
54 59
44 72
30 105
55 57
84 37
36 86
83 36
62 48
89 32
79 35
100 27
30 87
60 43
60 42
79 29
50 45
45 43
42 45
34 55
46 36
28 58
59 27
56 28
54 28
46 31
47 30
39 36
56 25
28 42
