1000 40165
1000
375 361
368 365
369 357
373 341
371 338
354 353
351 349
325 375
347 343
343 346
369 321
318 372
336 352
359 328
366 319
312 374
351 330
342 335
324 348
304 370
337 332
304 366
328 339
349 317
300 368
297 368
371 294
357 303
294 366
332 320
324 327
287 369
306 345
323 326
290 363
352 295
342 302
359 284
341 295
344 290
328 304
350 284
272 365
295 335
303 326
326 301
277 354
314 312
263 372
288 339
266 366
354 275
317 306
272 356
352 274
287 331
291 326
308 308
263 360
286 330
273 345
327 288
280 335
361 259
319 292
374 248
301 308
278 330
310 295
360 254
333 274
260 350
333 273
317 286
247 366
260 347
244 369
272 331
274 327
362 247
306 292
372 240
298 299
262 340
246 362
289 308
309 288
314 283
330 267
239 368
252 349
252 346
371 233
276 313
301 286
248 347
241 357
321 268
256 336
293 293
334 257
367 233
228 375
324 263
362 235
288 295
262 323
271 312
308 274
322 262
251 332
318 260
248 333
256 322
245 336
357 230
293 280
296 277
312 262
242 337
303 269
253 322
235 346
290 280
339 239
312 259
328 246
290 278
356 226
342 235
304 264
305 263
243 329
337 237
277 288
289 273
326 242
252 313
247 317
221 354
360 217
276 281
234 331
207 374
313 247
337 229
294 262
274 281
230 333
275 278
209 365
204 373
266 286
333 228
372 204
256 296
227 333
345 219
340 222
248 304
230 327
323 231
350 213
227 328
205 363
272 273
263 281
264 279
349 210
250 293
280 261
224 325
225 323
235 309
216 335
225 321
284 254
323 223
283 253
365 196
261 273
253 281
216 329
243 292
190 372
328 215
263 268
207 340
267 263
262 268
198 354
218 321
338 207
268 261
231 302
188 371
221 315
349 199
342 203
273 254
265 261
229 302
362 191
238 290
296 233
312 221
214 322
285 241
252 271
279 244
256 264
198 338
288 231
191 346
207 319
293 225
259 253
228 287
217 301
347 185
328 195
180 355
189 337
315 200
260 242
197 315
364 170
349 177
292 211
176 349
189 323
322 189
227 268
238 255
359 169
163 372
252 240
253 239
297 203
352 171
222 271
251 239
214 280
298 201
367 163
197 301
204 290
362 163
195 302
320 184
173 340
371 158
230 254
190 307
201 290
297 196
183 318
163 357
167 347
204 284
306 189
358 161
218 264
213 270
168 342
290 198
247 232
241 237
154 370
293 194
192 296
288 197
217 261
357 158
298 189
190 296
233 241
156 359
253 221
209 267
353 158
185 300
188 295
277 199
343 160
211 260
156 349
176 304
163 327
329 162
157 339
178 297
174 303
201 262
223 236
272 193
276 190
150 348
249 209
191 271
231 224
342 151
155 333
243 212
209 246
249 206
140 365
311 164
136 370
155 324
241 208
221 226
153 326
305 163
298 166
159 311
161 307
144 343
225 219
278 177
284 173
321 153
143 343
227 216
319 153
134 363
333 146
226 215
352 138
232 209
220 220
186 260
133 363
323 149
128 375
243 196
192 248
140 340
206 231
190 250
216 219
363 130
253 186
272 173
309 152
328 143
224 209
253 185
357 131
164 285
251 186
279 167
321 145
242 191
241 191
142 324
287 160
273 168
315 145
283 161
204 223
184 247
153 297
291 155
375 120
124 362
158 284
175 256
144 311
361 124
161 277
270 165
359 124
120 368
178 248
247 178
187 235
117 375
129 339
337 129
207 209
244 177
258 166
186 229
182 234
167 255
166 255
141 300
182 232
346 122
335 126
337 125
125 336
155 270
191 219
329 127
128 325
148 281
138 299
261 158
142 290
235 175
121 339
198 206
374 109
227 179
114 355
152 266
313 129
252 160
300 134
118 340
303 132
341 117
115 346
215 185
118 336
111 356
124 318
315 125
240 164
264 149
113 347
359 109
318 123
289 135
291 134
215 181
304 128
341 114
370 105
166 234
199 195
224 173
305 127
229 169
345 112
115 335
138 278
152 252
124 308
111 343
296 128
112 338
102 370
124 302
369 101
280 133
315 118
344 108
151 246
253 146
136 271
113 326
375 98
108 340
197 186
370 99
257 142
133 274
112 325
146 248
354 102
313 115
115 312
200 179
149 240
364 98
346 103
375 95
178 200
316 112
107 330
299 118
131 269
117 301
325 108
136 258
283 123
182 191
233 149
203 171
95 365
347 99
293 117
164 208
337 101
231 146
193 174
132 254
266 126
198 169
123 272
223 150
288 115
352 94
337 98
210 156
167 195
234 139
256 126
310 104
373 86
137 234
327 98
179 179
86 372
344 93
233 137
354 90
115 276
291 109
223 142
244 129
233 135
108 291
161 195
249 126
189 166
87 359
208 149
269 115
203 152
97 318
233 132
283 108
91 335
182 167
228 133
102 297
156 194
110 275
293 103
112 269
369 81
142 210
208 143
100 297
112 264
135 218
90 327
104 281
245 119
86 337
297 97
264 109
93 309
293 98
190 151
235 122
144 199
159 180
130 220
212 133
198 142
105 267
80 350
86 325
186 150
101 275
102 272
170 163
90 307
98 281
357 77
95 289
240 114
127 215
81 337
229 119
89 306
371 73
326 83
152 178
161 168
146 185
292 92
235 114
72 372
186 144
92 291
87 307
278 96
107 249
197 134
156 169
201 131
81 325
142 184
81 321
243 107
273 95
105 245
130 197
174 147
178 143
205 124
150 169
120 211
110 230
76 332
98 257
185 136
107 233
193 129
68 364
215 115
119 207
203 121
204 120
77 316
130 187
242 100
114 211
95 253
97 247
118 203
87 274
66 361
69 345
187 127
105 226
71 333
88 268
327 72
177 133
255 92
129 181
90 256
264 87
283 81
62 368
215 106
230 99
130 175
291 78
125 181
127 177
195 115
83 269
248 90
149 149
179 124
82 269
185 119
258 85
75 292
371 59
295 74
236 92
81 268
163 133
176 123
106 204
175 123
285 75
339 63
323 66
65 327
72 294
68 311
271 78
182 116
342 61
302 69
242 86
135 154
123 169
101 205
61 339
321 64
277 74
160 128
77 265
60 340
137 147
141 142
198 101
254 78
67 295
165 119
99 198
109 179
170 114
68 285
155 125
53 364
354 54
87 219
113 167
330 57
148 127
116 161
93 199
85 217
66 279
91 202
117 156
55 331
158 115
71 255
374 48
77 233
85 211
143 125
135 131
49 359
204 86
49 356
67 260
140 124
141 123
82 211
184 94
86 200
49 351
46 373
134 127
119 142
307 55
291 58
65 259
183 91
64 260
141 118
213 78
313 53
67 247
119 139
70 236
222 74
190 85
336 48
130 124
373 43
243 66
119 134
261 61
164 97
212 75
140 113
48 328
356 44
226 69
142 109
77 200
232 66
143 107
110 139
65 234
150 101
53 285
47 320
120 125
163 92
47 319
127 118
51 291
45 329
74 200
93 158
70 209
50 289
234 61
144 99
114 125
42 339
51 279
56 253
119 119
95 149
128 110
204 69
115 122
73 192
350 40
49 285
75 186
40 344
43 319
59 231
316 43
48 283
83 163
85 159
81 166
56 240
136 98
104 128
164 81
107 124
63 210
82 161
240 55
171 77
99 133
151 87
355 37
296 44
58 224
351 37
94 137
211 61
47 273
48 266
224 57
86 147
165 76
54 232
55 227
57 218
174 71
62 198
85 144
70 173
354 34
36 334
45 266
57 210
66 181
119 100
97 121
279 42
100 117
156 75
37 315
157 74
96 120
337 34
39 293
272 42
132 86
373 30
145 77
64 173
89 124
81 136
220 50
43 254
140 78
144 75
48 225
93 116
53 203
369 29
243 44
144 74
273 39
76 140
105 99
146 71
66 156
119 86
52 196
31 323
277 36
46 216
174 57
365 27
74 130
192 50
47 203
39 243
221 42
49 189
47 197
26 354
85 108
65 141
60 152
90 101
30 301
205 44
84 107
199 45
36 248
247 36
174 51
167 53
57 154
43 204
98 88
58 148
132 65
37 229
40 210
81 103
27 307
60 138
26 316
59 139
35 234
262 31
198 41
286 28
26 308
62 128
66 120
33 235
242 32
264 29
255 30
212 36
131 58
42 180
167 45
39 192
36 208
61 122
172 43
90 82
57 129
27 263
134 52
173 40
41 167
97 70
50 135
108 62
252 26
37 177
216 30
84 77
125 51
201 31
206 30
81 76
81 75
199 30
169 35
71 83
147 40
85 67
43 132
166 34
194 29
70 80
112 50
199 28
40 139
48 115
25 220
81 67
75 72
63 85
171 31
86 61
92 57
68 74
37 134
52 93
35 138
36 133
46 100
82 56
27 167
87 51
110 40
66 66
60 71
157 27
74 57
132 31
48 85
74 54
118 33
64 60
83 46
33 113
36 101
77 47
95 37
36 91
42 75
32 98
72 43
101 30
87 34
91 32
99 29
53 52
38 72
92 29
32 83
106 25
47 54
56 45
65 38
70 35
90 26
33 68
29 77
32 66
37 56
65 31
62 30
67 26
31 39
33 35
42 26
