1000 2500
1000
75 74
74 74
75 73
73 74
72 75
74 72
73 72
71 74
74 70
69 75
73 70
75 68
71 71
72 70
68 74
67 75
71 70
72 69
73 68
75 66
70 70
72 68
67 73
66 74
75 65
68 71
66 73
75 64
69 69
70 68
67 71
65 73
74 64
75 63
69 68
70 67
66 71
73 64
68 68
67 69
70 66
72 64
73 63
75 61
67 68
66 69
70 65
72 63
61 74
60 75
68 66
65 69
70 64
71 63
62 72
60 74
75 59
67 66
68 65
64 69
63 70
62 71
61 72
74 59
67 65
68 64
58 75
62 70
61 71
72 60
66 65
64 67
63 68
62 69
57 75
61 70
60 71
59 72
73 58
66 64
63 67
74 57
69 61
60 70
75 56
59 71
72 58
73 57
65 64
62 67
61 68
74 56
69 60
70 59
55 75
58 71
57 72
64 64
65 63
62 66
67 61
68 60
59 69
70 58
57 71
72 56
64 63
66 61
59 68
74 54
57 70
75 53
62 64
61 65
66 60
72 55
59 67
73 54
74 53
70 56
62 63
71 55
64 61
75 52
65 60
72 54
58 67
68 57
53 73
69 56
74 52
62 62
63 61
64 60
65 59
54 71
58 66
51 75
53 72
68 56
69 55
61 62
60 63
74 51
57 66
72 52
55 68
69 54
73 51
61 61
60 62
63 59
58 64
57 65
50 74
66 56
55 67
54 68
51 72
60 61
62 59
69 53
58 63
57 64
66 55
49 74
71 51
53 68
75 48
72 50
60 60
61 59
58 62
63 57
49 73
55 65
70 51
54 66
48 74
50 71
61 58
52 68
62 57
56 63
47 75
55 64
69 51
54 65
73 48
70 50
53 66
67 52
59 59
60 58
49 71
47 74
51 68
54 64
48 72
50 69
75 46
65 53
66 52
49 70
59 58
55 62
71 48
64 53
47 72
69 49
75 45
66 51
58 58
57 59
73 46
61 55
67 50
62 54
63 53
71 47
68 49
45 74
52 64
72 46
48 69
58 57
56 59
50 66
55 60
61 54
70 47
53 62
73 45
49 67
63 52
51 64
68 48
74 44
50 65
58 56
59 55
47 69
54 60
45 72
49 66
53 61
43 75
70 46
51 63
73 44
64 50
68 47
45 71
56 57
58 55
54 59
49 65
60 53
52 61
72 44
45 70
75 42
47 67
73 43
49 64
55 57
58 54
46 68
59 53
44 71
52 60
65 48
42 74
69 45
66 47
50 62
72 43
49 63
55 56
44 70
57 54
41 75
58 53
64 48
59 52
73 42
45 68
60 51
71 43
61 50
49 62
44 69
66 46
41 74
72 42
48 63
53 57
58 52
67 45
70 43
64 47
60 50
40 75
41 73
68 44
65 46
71 42
62 48
66 45
54 55
56 53
43 69
52 57
40 74
58 51
41 72
59 50
44 67
46 64
70 42
61 48
39 75
54 54
53 55
62 47
52 56
71 41
51 57
46 63
69 42
59 49
39 74
40 72
41 70
61 47
54 53
65 44
52 55
42 68
51 56
46 62
38 75
50 57
49 58
71 40
63 45
59 48
41 69
42 67
74 38
72 39
52 54
51 55
40 70
56 50
49 57
62 45
58 48
37 75
42 66
71 39
46 60
69 40
52 53
54 51
41 67
45 61
49 56
38 72
57 48
39 70
42 65
44 62
58 47
68 40
46 59
43 63
66 41
52 52
51 53
37 73
75 36
60 45
50 54
71 38
55 49
39 69
64 42
40 67
47 57
46 58
62 43
72 37
36 74
38 70
39 68
51 52
50 53
49 54
42 63
48 55
66 40
44 60
36 73
71 37
75 35
39 67
58 45
62 42
52 50
65 40
54 48
72 36
35 74
70 37
38 68
63 41
56 46
66 39
61 42
40 64
71 36
37 69
44 58
75 34
49 52
67 38
53 48
41 62
47 54
59 43
65 39
46 55
40 63
36 70
72 35
60 42
34 74
44 57
41 61
51 49
39 64
48 52
43 58
35 71
54 46
69 36
62 40
37 67
42 59
75 33
55 45
38 65
56 44
60 41
57 43
35 70
36 68
48 51
52 47
33 74
61 40
58 42
45 54
55 44
41 59
39 62
35 69
71 34
67 36
33 73
43 56
65 37
49 49
60 40
48 50
51 47
38 63
57 42
52 46
68 35
39 61
41 58
33 72
36 66
54 44
48 49
56 42
47 50
46 51
67 35
60 39
45 52
57 41
32 73
53 44
75 31
43 54
58 40
38 61
34 68
42 55
35 66
36 64
32 72
47 49
39 59
41 56
45 51
62 37
31 74
44 52
57 40
53 43
34 67
69 33
65 35
71 32
42 54
63 36
73 31
39 58
37 61
47 48
46 49
30 75
50 45
51 44
34 66
59 38
64 35
70 32
43 52
36 62
42 53
39 57
37 60
30 74
54 41
67 33
34 65
47 47
32 69
48 46
35 63
45 49
58 38
71 31
44 50
55 40
43 51
30 73
42 52
37 59
33 66
68 32
75 29
41 53
62 35
70 31
47 46
60 36
30 72
45 48
40 54
44 49
50 43
58 37
74 29
39 55
65 33
67 32
42 51
63 34
31 69
35 61
41 52
71 30
59 36
73 29
47 45
33 64
48 44
66 32
37 57
31 68
34 62
54 39
42 50
60 35
30 70
51 41
36 58
52 40
65 32
33 63
61 34
28 74
69 30
47 44
35 59
29 71
49 42
50 41
31 66
51 40
34 60
35 58
29 70
39 52
75 27
44 46
47 43
72 28
31 65
53 38
33 61
30 67
29 69
54 37
35 57
39 51
28 71
32 62
66 30
46 43
52 38
42 47
73 27
48 41
37 53
49 40
28 70
63 31
61 32
65 30
39 50
67 29
34 57
44 44
45 43
28 69
42 46
35 55
52 37
31 62
30 64
48 40
60 32
27 71
29 66
39 49
53 36
68 28
50 38
26 73
43 44
70 27
42 45
59 32
46 41
65 29
33 57
47 40
28 67
75 25
48 39
26 72
55 34
69 27
49 38
62 30
32 58
50 37
43 43
42 44
71 26
40 46
51 36
27 68
47 39
31 59
29 63
25 73
48 38
57 32
35 52
26 70
28 65
55 33
37 49
41 44
53 34
60 30
36 50
29 62
39 46
69 26
28 64
32 56
47 38
33 54
48 37
25 71
30 59
68 26
52 34
57 31
49 36
63 28
43 41
44 40
32 55
45 39
65 27
35 50
25 70
53 33
38 46
29 60
31 56
51 34
48 36
32 54
27 64
42 41
43 40
66 26
39 44
33 52
30 57
61 28
31 55
37 46
27 63
68 25
50 34
32 53
36 47
26 65
33 51
42 40
35 48
28 60
56 30
43 39
62 27
31 54
38 44
49 34
45 37
64 26
29 57
59 28
66 25
50 33
55 30
61 27
53 31
41 40
26 63
39 42
43 38
51 32
37 44
65 25
58 28
60 27
45 36
49 33
62 26
31 52
46 35
25 64
40 40
32 50
47 34
42 38
27 59
43 37
61 26
48 33
51 31
25 63
35 45
49 32
28 56
27 58
29 54
46 34
26 60
40 39
30 52
42 37
33 47
50 31
25 62
43 36
44 35
27 57
48 32
26 59
30 51
34 45
61 25
39 39
38 40
31 49
33 46
37 41
56 27
42 36
54 28
52 29
35 43
32 47
30 50
25 60
31 48
53 28
38 39
40 37
29 51
41 36
25 59
46 32
43 34
54 27
31 47
26 56
28 52
33 44
29 50
58 25
38 38
39 37
45 32
40 36
48 30
41 35
42 34
51 28
46 31
57 25
29 49
43 33
30 47
32 44
38 37
27 52
39 36
45 31
34 41
42 33
30 46
26 53
27 51
32 43
49 28
37 37
38 36
35 39
31 44
29 47
34 40
41 33
52 26
30 45
54 25
50 27
42 32
31 43
38 35
39 34
26 51
25 53
27 49
30 44
33 40
28 47
41 32
42 31
52 25
36 36
27 48
38 34
30 43
39 33
32 40
29 44
25 51
41 31
27 47
28 45
37 34
33 38
25 50
32 39
48 26
29 43
46 27
31 40
49 25
34 36
26 47
33 37
29 42
27 45
31 39
43 28
40 30
46 26
27 44
37 32
31 38
42 28
45 26
27 43
29 40
34 34
33 35
46 25
28 41
31 37
26 44
27 42
45 25
33 34
35 32
26 43
36 31
37 30
29 38
44 25
39 28
26 42
32 34
35 31
27 40
30 36
43 25
29 37
41 26
28 38
33 32
31 34
39 27
36 29
26 40
28 37
32 32
30 34
29 35
26 39
28 36
37 27
32 31
33 30
38 26
29 34
35 28
37 26
30 32
29 33
38 25
27 35
36 26
30 31
29 32
25 37
28 33
27 34
30 30
25 36
29 31
27 33
35 25
29 30
31 28
27 32
33 26
29 29
28 30
27 31
26 32
33 25
28 29
30 27
31 26
27 29
26 30
31 25
30 25
28 26
25 29
26 27
25 28
27 25
25 26
25 25
