1000 2264
1000
90 87
90 86
90 83
88 84
88 83
90 81
84 86
87 83
90 80
86 83
82 86
79 88
84 82
79 87
88 78
84 81
76 89
80 84
88 76
79 84
85 78
77 86
87 76
81 81
83 79
78 84
77 85
87 75
89 73
79 82
84 77
76 85
84 76
72 88
89 71
90 70
84 75
85 74
86 73
70 89
79 78
81 76
89 69
73 84
74 82
77 78
71 84
70 85
90 66
74 80
68 87
75 78
74 79
73 80
72 81
82 71
66 88
75 77
73 79
67 86
90 64
74 77
67 85
78 73
80 71
81 69
88 63
71 78
65 85
86 64
87 63
66 83
80 68
63 86
69 78
80 67
62 86
75 71
78 68
63 84
88 60
71 74
75 70
76 69
77 68
58 90
59 88
68 76
86 60
59 87
64 80
69 74
76 67
57 89
78 65
84 60
70 72
68 74
88 57
65 77
78 64
63 79
69 72
68 73
85 58
88 56
60 82
62 79
67 73
66 74
56 87
54 90
85 57
55 88
67 72
74 65
60 80
68 70
73 65
87 54
69 68
70 67
57 82
73 64
80 58
65 71
63 73
79 58
88 52
55 83
66 69
51 89
81 56
55 82
67 67
64 70
56 80
63 71
52 86
53 84
50 89
87 51
56 79
66 67
83 53
86 51
60 73
49 89
50 87
58 75
83 52
56 77
88 49
81 53
74 58
70 61
49 87
56 76
74 57
81 52
70 60
55 76
87 48
65 64
50 83
61 68
69 60
78 53
54 76
64 64
56 73
60 68
83 49
90 45
72 56
59 68
48 83
49 81
66 60
90 44
59 67
76 52
50 79
56 70
46 85
55 71
78 50
79 49
71 54
45 85
67 57
70 54
64 59
53 71
46 81
69 54
49 76
61 61
79 47
77 48
52 71
75 49
54 68
47 78
62 59
63 58
44 83
50 73
48 76
51 71
86 42
43 84
68 53
48 75
72 50
58 62
57 63
41 87
44 81
79 45
52 68
63 56
40 88
44 80
76 46
60 58
71 49
39 89
46 75
65 53
82 42
43 80
66 52
62 55
46 74
42 81
50 68
64 53
75 45
70 48
46 73
53 63
40 83
69 48
45 73
41 80
52 63
43 76
38 86
44 74
55 59
85 38
39 82
56 57
38 84
59 54
65 49
43 74
40 79
39 81
42 75
35 90
87 36
80 39
89 35
84 37
43 72
39 79
57 54
38 81
53 58
37 83
59 52
42 73
45 68
61 50
41 74
72 42
48 63
36 84
67 45
43 70
51 59
46 65
69 43
76 39
80 37
70 42
39 75
73 40
81 36
49 59
85 34
74 39
48 60
47 61
56 51
50 57
58 49
40 71
81 35
83 34
64 44
67 42
37 76
39 72
51 55
33 85
50 56
49 57
90 31
39 71
46 60
81 34
41 67
45 61
48 57
70 39
35 78
58 47
40 68
63 43
52 52
53 51
31 87
77 35
39 69
48 56
84 32
34 79
44 61
57 47
41 65
51 52
63 42
49 54
40 66
64 41
51 51
52 50
36 72
81 32
35 74
47 55
41 63
30 86
78 33
39 66
71 36
88 29
85 30
34 75
49 52
31 82
33 77
59 43
32 79
90 28
45 56
84 30
37 68
41 61
51 49
71 35
36 69
59 42
45 55
60 41
63 39
36 68
84 29
42 58
87 28
64 38
78 31
62 39
35 69
36 67
86 28
43 56
83 29
49 49
48 50
80 30
85 28
82 29
27 88
30 79
43 55
38 62
48 49
50 47
36 65
73 32
75 31
28 83
27 86
38 61
70 33
77 30
45 51
85 27
31 74
69 33
35 65
58 39
87 26
29 78
49 46
50 45
90 25
33 68
59 38
27 83
26 86
52 43
36 62
74 30
33 67
46 48
25 88
27 81
52 42
68 32
41 53
80 27
36 60
24 90
28 77
58 37
89 24
33 64
66 32
57 37
62 34
68 31
43 49
51 41
36 58
65 32
40 52
67 31
46 45
90 23
53 39
43 48
54 38
76 27
41 50
28 73
40 51
35 58
46 44
84 24
56 36
59 34
80 25
62 32
36 55
22 90
66 30
46 43
26 76
42 47
89 22
85 23
39 50
30 65
27 72
29 67
84 23
25 77
31 62
24 80
64 30
71 27
36 53
43 44
45 42
59 32
46 41
57 33
26 72
27 69
49 38
35 53
77 24
45 41
23 80
34 54
43 42
41 44
25 72
46 39
35 51
27 66
37 48
61 29
52 34
31 57
63 28
21 84
22 80
44 40
45 39
24 73
35 50
23 76
21 83
87 20
31 56
64 27
40 43
86 20
39 44
26 66
33 52
30 57
55 31
32 53
33 51
40 42
56 30
20 84
39 43
27 62
45 37
64 26
24 69
19 87
22 75
33 50
27 61
20 82
21 78
68 24
22 74
65 25
56 29
58 28
27 60
49 33
35 46
80 20
64 25
26 61
66 24
44 36
72 22
63 25
21 75
29 54
87 18
23 68
34 46
52 30
19 82
41 38
74 21
47 33
62 25
70 22
29 53
21 73
34 45
61 25
39 39
40 38
20 76
19 80
31 49
69 22
23 66
84 18
26 58
29 52
47 32
19 79
71 21
23 64
21 70
19 77
22 66
60 24
36 40
90 16
72 20
17 84
49 29
24 59
47 30
16 88
37 38
27 52
28 50
25 56
35 40
58 24
16 87
48 29
22 63
23 60
20 69
17 81
57 24
22 62
80 17
33 41
25 54
90 15
27 50
64 21
79 17
29 46
37 36
34 39
53 25
63 21
33 40
88 15
22 60
47 28
15 87
45 29
52 25
24 54
35 37
43 30
28 46
64 20
22 58
67 19
41 31
23 55
79 16
28 45
17 73
20 62
59 21
65 19
49 25
17 72
47 26
23 53
29 42
64 19
43 28
40 30
85 14
70 17
33 36
27 44
59 20
28 42
17 69
13 90
14 83
13 89
72 16
50 23
46 25
19 60
20 57
81 14
47 24
32 35
70 16
37 30
15 74
41 27
46 24
15 73
78 14
52 21
26 42
68 16
21 51
19 56
20 53
88 12
16 66
34 31
15 70
26 40
37 28
24 43
21 49
57 18
19 54
16 64
85 12
68 15
29 35
23 44
63 16
40 25
55 18
43 23
19 52
35 28
16 61
25 39
75 13
12 81
57 17
11 88
42 23
14 69
32 30
11 87
79 12
15 63
45 21
20 47
14 67
39 24
18 52
11 85
25 37
28 33
51 18
24 38
26 35
53 17
30 30
10 90
36 25
15 60
31 29
74 12
10 88
44 20
35 25
19 46
62 14
72 12
24 36
22 39
13 66
33 26
14 61
71 12
53 16
11 77
70 12
42 20
24 35
44 19
13 64
34 24
17 48
14 58
27 30
73 11
25 32
47 17
14 57
61 13
33 24
88 9
22 36
56 14
46 17
11 71
12 65
25 31
86 9
55 14
13 59
17 45
51 15
20 38
42 18
13 58
10 75
22 34
11 68
9 83
31 24
12 62
14 53
43 17
27 27
13 56
26 28
11 66
33 22
25 29
10 72
40 18
48 15
17 42
23 31
10 71
44 16
9 78
28 25
87 8
63 11
53 13
18 38
19 36
40 17
74 9
51 13
20 33
60 11
10 66
55 12
14 47
13 50
72 9
27 24
23 28
20 32
40 16
8 79
18 35
14 45
19 33
39 16
26 24
69 9
62 10
20 31
8 77
15 41
47 13
32 19
43 14
46 13
26 23
27 22
11 54
31 19
10 58
29 20
34 17
18 32
36 16
22 26
13 43
31 18
69 8
25 22
39 14
78 7
13 42
32 17
90 6
45 12
20 27
67 8
76 7
59 9
24 22
88 6
11 48
7 75
52 10
40 13
8 65
26 20
74 7
10 51
23 22
24 21
28 18
20 25
50 10
83 6
31 16
11 45
12 41
27 18
6 81
7 69
32 15
60 8
12 40
34 14
28 17
79 6
11 43
59 8
12 39
29 16
11 42
6 77
14 33
20 23
24 19
6 76
41 11
8 56
28 16
14 32
12 37
9 49
22 20
48 9
72 6
10 43
13 33
30 14
15 28
18 23
9 46
34 12
8 51
27 15
16 25
44 9
6 66
36 11
12 33
65 6
24 16
38 10
7 54
6 63
34 11
6 61
14 26
33 11
30 12
10 36
6 60
7 51
9 39
15 23
34 10
12 28
10 33
47 7
54 6
10 32
53 6
17 18
30 10
6 50
23 13
9 33
49 6
10 29
11 26
19 15
47 6
6 46
11 25
34 8
16 17
30 9
10 27
12 22
6 43
42 6
7 35
30 8
21 11
23 10
6 38
25 9
21 10
14 15
19 11
7 29
9 22
7 28
8 24
27 7
11 17
10 18
15 12
11 16
10 17
21 8
27 6
23 7
21 7
13 11
6 23
17 8
9 15
11 12
14 9
9 13
16 7
12 9
18 6
10 10
9 11
6 16
8 10
9 8
12 6
11 6
6 10
6 7
6 6
