1000 2345
1000
89 88
87 89
89 86
88 86
89 84
83 89
82 88
89 81
83 86
81 88
83 85
81 87
80 88
89 79
88 79
85 81
78 88
80 85
87 78
76 89
79 85
87 77
85 78
76 87
74 89
84 78
75 87
77 84
72 89
88 72
81 78
74 85
73 86
72 87
79 79
80 78
76 82
83 75
70 88
80 77
81 76
83 74
79 77
83 73
84 72
74 81
88 68
67 89
66 90
87 68
89 66
69 85
76 77
75 77
90 64
80 72
75 76
77 74
66 86
82 69
75 75
63 89
70 80
81 69
63 88
66 84
78 71
70 79
81 68
82 67
63 87
75 73
65 84
86 63
66 82
76 71
83 65
62 87
70 77
64 84
68 79
66 81
60 89
69 77
70 75
63 83
87 60
80 65
72 72
70 74
76 68
72 71
70 73
63 81
67 76
57 89
87 58
69 73
67 75
85 59
65 77
89 56
69 72
84 59
65 76
64 77
70 70
59 83
89 55
61 80
90 54
85 57
55 88
82 59
71 68
61 79
58 83
60 80
87 55
59 81
85 56
71 67
82 58
64 74
58 81
69 68
70 67
65 72
73 64
63 74
56 83
54 86
87 53
54 85
74 62
88 52
53 86
65 70
59 77
51 89
73 62
78 58
85 53
79 57
60 75
68 66
69 65
54 83
77 58
53 84
50 89
60 74
68 65
69 64
90 49
53 83
61 72
51 86
73 60
49 89
65 67
75 58
50 87
53 82
72 60
90 48
65 66
84 51
57 75
48 89
85 50
83 51
48 88
74 57
78 54
52 81
72 58
87 48
57 73
83 50
74 56
46 90
64 64
89 46
62 66
77 53
54 75
86 47
84 48
56 72
51 79
55 73
77 52
87 46
69 58
80 50
83 48
51 78
71 56
61 65
44 90
46 86
59 67
70 56
46 85
71 55
64 61
60 65
66 59
48 81
76 51
84 46
47 82
70 55
75 51
47 81
50 76
52 73
44 86
63 60
82 46
72 52
68 55
85 44
89 42
81 46
73 51
79 47
70 53
88 42
84 44
55 67
72 51
62 59
83 44
66 55
75 48
57 63
64 56
47 76
66 54
74 48
60 59
56 63
69 51
65 54
42 83
85 41
43 81
60 58
40 87
61 57
54 64
53 65
84 41
70 49
57 60
76 45
62 55
53 64
77 44
42 80
70 48
46 73
71 47
46 72
69 48
58 57
37 89
67 49
41 80
42 78
84 39
64 51
44 74
50 65
47 69
83 39
49 66
85 38
46 70
48 67
89 36
76 42
58 55
59 54
86 37
60 53
48 66
51 62
40 79
39 81
77 41
70 45
85 37
49 64
36 87
52 60
82 38
89 35
74 42
77 40
83 37
45 68
65 47
71 43
87 35
62 49
36 84
53 57
58 52
67 45
35 86
38 79
65 46
85 35
53 56
76 39
58 51
67 44
42 70
84 35
33 89
75 39
54 54
55 53
62 47
56 52
83 35
39 74
32 90
48 60
36 80
87 33
52 55
51 56
50 57
58 49
63 45
44 64
54 52
56 50
65 43
87 32
58 48
33 84
46 60
53 52
34 81
32 86
64 43
45 61
49 56
74 37
48 57
76 36
39 70
44 62
52 52
60 45
49 55
33 81
31 86
35 76
34 78
50 53
44 60
37 71
64 41
38 69
31 84
51 51
52 50
65 40
37 70
68 38
86 30
66 39
61 42
64 40
71 36
69 37
30 85
62 41
43 59
65 39
90 28
63 40
56 45
74 34
81 31
38 66
61 41
50 50
51 49
48 52
89 28
47 53
30 83
46 54
40 62
80 31
65 38
85 29
82 30
51 48
47 52
61 40
87 28
32 76
81 30
59 41
78 31
53 45
70 34
39 61
66 36
30 79
56 42
65 36
41 57
31 75
61 38
89 26
77 30
70 33
48 48
50 46
51 45
31 74
29 79
26 88
40 57
67 34
65 35
32 71
54 42
36 63
84 27
64 35
62 36
28 79
85 26
76 29
55 40
81 27
59 37
34 64
68 32
53 41
47 46
72 30
83 26
74 29
33 65
32 67
35 61
82 26
28 76
85 25
47 45
68 31
78 27
81 26
25 84
75 28
40 52
77 27
25 83
34 61
69 30
44 47
49 42
26 79
23 89
60 34
68 30
37 55
88 23
84 24
72 28
33 61
49 41
69 29
57 35
28 71
62 32
23 86
52 38
79 25
40 49
89 22
25 78
39 50
27 72
29 67
51 38
22 88
25 76
24 79
22 86
43 44
54 35
32 59
29 65
81 23
30 62
77 24
28 66
40 46
47 39
29 63
70 26
34 53
20 90
78 23
69 26
89 20
74 24
25 71
26 68
28 63
41 43
80 22
27 65
26 67
58 30
42 41
86 20
78 22
35 49
59 29
51 33
21 80
35 48
67 25
19 88
20 83
72 23
19 87
28 59
30 55
50 33
82 20
78 21
24 68
65 25
58 28
35 46
50 32
34 47
29 55
53 30
61 26
33 48
18 88
75 21
27 58
23 68
82 19
41 38
74 21
86 18
20 77
29 53
32 48
59 26
80 19
31 49
69 22
37 41
17 89
84 18
27 56
21 72
58 26
20 75
44 34
31 48
57 26
38 39
46 32
52 28
56 26
44 33
58 25
30 48
28 51
46 31
62 23
25 57
24 59
88 16
38 37
18 78
35 40
41 34
48 29
24 58
20 69
17 81
49 28
36 38
57 24
19 72
21 65
68 20
71 19
21 64
16 84
24 56
61 22
89 15
23 58
18 74
34 39
17 78
63 21
15 88
40 33
28 47
18 73
23 57
19 69
42 31
52 25
72 18
81 16
19 68
30 43
39 33
29 44
22 58
51 25
53 24
84 15
60 21
70 18
34 37
25 50
78 16
24 52
83 15
46 27
73 17
19 65
28 44
16 77
88 14
49 25
34 36
68 18
24 51
17 72
47 26
23 53
18 67
15 80
16 75
34 35
27 44
79 15
59 20
62 19
56 21
25 47
23 51
17 69
30 39
16 73
33 35
41 28
30 38
19 60
17 67
21 54
63 18
13 87
29 39
23 49
25 45
26 43
27 41
17 65
85 13
48 23
46 24
19 58
20 55
50 22
73 15
52 21
39 28
33 33
35 31
49 22
89 12
41 26
14 76
19 56
66 16
81 13
55 19
17 61
69 15
86 12
19 54
27 38
16 64
85 12
15 68
30 34
63 16
72 14
15 67
50 20
40 25
19 52
70 14
89 11
61 16
54 18
46 21
48 20
53 18
19 50
13 73
27 35
14 67
39 24
49 19
62 15
37 25
11 84
13 71
26 35
13 70
17 53
36 25
45 20
56 16
19 47
27 33
81 11
59 15
63 14
10 88
46 19
12 72
21 41
10 86
33 26
39 22
57 15
10 85
18 47
29 29
84 10
27 31
32 26
64 13
83 10
69 12
23 36
33 25
15 55
20 41
82 10
18 45
31 26
23 35
89 9
14 57
18 44
87 9
34 23
11 71
13 60
41 19
22 35
16 48
24 32
13 59
51 15
45 17
10 75
25 30
17 44
31 24
13 57
19 39
11 67
46 16
49 15
81 9
56 13
28 26
25 29
38 19
9 80
36 20
90 8
16 45
14 51
15 47
44 16
19 37
26 27
14 50
25 28
24 29
87 8
11 63
69 10
22 31
68 10
17 40
85 8
48 14
20 33
18 36
17 38
43 15
10 64
13 49
21 30
33 19
16 39
48 13
15 41
9 68
87 7
11 55
30 20
50 12
10 60
46 13
10 59
12 49
13 45
17 34
52 11
13 44
15 38
27 21
7 80
21 26
42 13
16 34
8 68
12 45
27 20
18 30
7 77
67 8
14 38
9 59
33 16
88 6
52 10
16 32
64 8
17 30
23 22
63 8
21 24
20 25
50 10
31 16
38 13
10 49
54 9
11 44
69 7
48 10
60 8
40 12
9 53
34 14
43 11
67 7
18 26
39 12
78 6
58 8
66 7
77 6
46 10
24 19
75 6
30 15
7 63
11 40
31 14
18 24
36 12
16 27
39 11
13 33
6 71
22 19
31 13
18 22
33 12
6 64
32 12
6 63
14 27
13 29
47 8
15 25
34 11
17 22
46 8
16 23
24 15
8 45
8 44
22 16
9 39
29 12
58 6
9 38
31 11
20 17
13 26
9 37
30 11
15 22
8 41
36 9
23 14
29 11
9 35
6 52
11 28
19 16
38 8
50 6
42 7
36 8
16 18
32 9
41 7
26 11
28 10
20 14
30 9
18 15
14 19
37 7
42 6
19 13
9 27
7 34
9 26
6 39
8 29
7 33
9 25
24 9
14 15
11 18
6 33
28 7
32 6
16 12
7 27
21 9
13 14
9 20
10 17
12 14
24 7
6 28
21 8
9 18
16 10
17 9
25 6
21 7
24 6
7 20
17 8
9 15
13 10
7 18
16 7
18 6
7 15
10 10
7 14
8 12
14 6
12 7
9 9
10 7
8 8
7 8
8 6
