1000 2302
1000
89 89
89 86
85 89
86 87
83 90
85 87
86 85
87 84
88 83
84 86
84 85
88 81
84 84
85 83
80 87
88 79
78 89
83 83
80 86
77 89
84 81
86 79
88 77
89 76
81 83
76 88
83 80
76 87
74 89
83 79
86 75
74 87
79 81
82 78
84 76
86 74
88 72
76 83
84 75
74 85
88 71
82 76
70 89
72 86
80 77
72 85
87 70
81 75
83 73
68 89
72 84
85 71
78 77
84 71
67 89
80 74
68 87
82 72
75 78
90 65
74 79
71 82
79 73
72 80
82 70
77 74
73 78
72 79
64 88
67 84
73 77
79 71
80 70
81 69
74 75
72 77
66 84
68 81
86 64
82 67
86 63
66 82
73 74
77 70
78 69
61 88
66 81
73 73
74 72
87 61
68 78
67 79
66 80
81 65
67 78
90 58
89 58
60 86
90 57
64 80
73 70
67 76
63 80
56 90
81 62
66 76
65 77
86 58
73 68
87 57
59 84
90 55
81 61
76 65
85 58
82 60
59 83
55 89
73 67
84 58
68 71
66 73
56 86
65 74
63 76
89 53
77 61
70 67
60 78
72 65
90 52
88 53
79 59
57 81
73 63
85 54
76 60
69 66
71 64
81 56
85 53
79 57
75 60
88 51
64 70
80 56
53 84
57 78
82 54
65 68
86 51
73 60
58 75
53 82
48 90
49 88
86 50
51 84
54 79
60 71
76 56
59 72
58 73
51 83
88 48
57 74
52 81
75 56
59 71
65 64
67 62
83 50
52 79
66 62
56 73
67 61
51 80
48 85
81 50
54 75
57 71
64 63
65 62
60 67
46 87
74 54
57 70
83 48
56 71
49 81
76 52
47 84
82 48
57 69
46 85
83 47
54 72
57 68
49 79
45 86
53 73
70 55
52 74
62 62
48 80
59 65
89 43
57 67
68 56
47 81
50 76
73 52
55 69
86 44
60 63
64 59
74 51
77 49
47 80
50 75
43 87
42 89
49 76
70 53
88 42
71 52
67 55
49 75
68 54
42 87
83 44
50 73
41 89
81 45
46 79
66 55
42 86
88 41
48 75
51 70
54 66
74 48
71 50
90 39
78 45
41 85
52 67
59 59
49 71
56 62
51 68
40 86
39 88
73 47
61 56
89 38
52 65
58 58
59 57
40 84
42 80
88 38
44 76
53 63
37 90
74 45
52 64
51 65
44 75
89 37
67 49
82 40
63 52
86 38
51 64
88 37
81 40
77 42
49 66
85 38
43 75
51 63
82 39
42 76
61 52
40 79
35 90
45 70
56 56
49 64
78 40
60 52
35 89
51 61
74 42
47 66
39 79
44 70
37 82
34 89
55 55
51 59
47 64
44 68
88 34
49 61
42 71
45 66
76 39
40 74
34 87
50 59
58 50
82 35
52 55
65 44
42 68
58 49
71 40
63 45
59 48
78 36
72 39
46 61
57 49
37 75
46 60
86 32
55 50
57 48
72 38
42 65
88 31
32 85
46 59
52 52
53 51
37 73
56 48
44 61
40 67
89 30
43 62
38 70
45 59
34 78
56 47
71 37
46 57
69 38
77 34
79 33
52 50
44 59
36 72
70 37
29 89
86 30
56 46
39 66
31 83
45 57
64 40
44 58
49 52
47 54
59 43
74 34
38 66
44 57
51 49
52 48
28 89
30 83
36 69
73 34
29 85
44 56
82 30
49 50
34 72
53 46
32 76
41 59
35 69
86 28
83 29
48 50
60 40
57 42
28 85
36 66
64 37
40 59
49 48
29 81
33 71
53 44
37 63
43 54
66 35
49 47
39 59
50 46
52 44
38 60
43 53
69 33
35 65
28 81
27 84
29 78
47 48
55 41
49 46
45 50
33 68
51 44
36 62
31 72
57 39
82 27
79 28
65 34
47 47
29 76
71 31
88 25
61 36
59 37
34 64
32 68
87 25
35 62
46 47
90 24
26 83
86 25
43 50
58 37
65 33
24 89
27 79
26 82
52 41
29 73
47 45
44 48
37 57
54 39
70 30
75 28
87 24
40 52
44 47
50 41
23 89
33 62
70 29
58 35
27 75
46 44
84 24
33 61
59 34
54 37
51 39
66 30
45 44
26 76
79 25
24 82
38 51
42 46
84 23
35 55
25 77
37 52
31 62
32 60
83 23
50 38
24 79
72 26
31 60
58 32
35 53
37 50
77 24
84 22
42 44
88 21
23 79
27 67
43 42
34 53
40 45
26 69
46 39
78 23
47 38
33 54
89 20
25 71
30 59
55 32
44 40
20 88
23 76
26 67
37 47
21 82
39 44
19 90
57 30
61 28
55 31
24 71
74 23
63 27
22 77
35 48
60 28
73 23
37 45
24 69
36 46
72 23
22 75
25 66
33 50
40 41
21 78
19 86
43 38
68 24
32 51
37 44
33 49
19 85
35 46
73 22
84 19
42 38
35 45
87 18
41 38
42 37
36 43
64 24
90 17
39 39
38 40
80 19
31 49
66 23
22 69
32 47
21 71
39 38
19 78
37 40
18 82
46 32
23 64
22 66
19 76
32 45
65 22
17 84
75 19
20 71
43 33
64 22
54 26
70 20
41 34
22 63
77 18
60 23
30 46
32 43
36 38
57 24
19 72
76 18
35 39
31 44
47 29
40 34
16 85
20 68
59 23
90 15
56 24
32 42
61 22
15 89
29 46
43 31
51 26
88 15
24 55
47 28
18 73
17 76
56 23
28 46
21 61
58 22
75 17
25 51
55 23
79 16
21 60
36 35
74 17
66 19
50 25
26 48
16 78
52 24
32 39
43 29
14 89
69 18
17 73
62 20
88 14
16 77
44 28
17 72
36 34
53 23
21 58
29 42
81 15
45 27
86 14
66 18
79 15
59 20
28 42
26 45
90 13
13 89
34 34
21 55
33 35
36 32
82 14
44 26
15 76
30 38
71 16
18 63
24 47
23 49
34 33
59 19
80 14
32 35
40 28
62 18
23 48
20 55
22 50
15 73
35 31
90 12
49 22
14 77
43 25
51 21
13 82
15 71
76 14
28 38
59 18
20 53
12 88
34 31
25 42
58 18
26 40
61 17
37 28
69 15
14 73
20 51
30 34
22 46
23 44
21 48
14 72
63 16
53 19
15 67
20 50
37 27
62 16
55 18
38 26
29 34
24 41
20 49
89 11
12 81
27 36
11 88
46 21
69 14
74 13
12 80
20 48
86 11
27 35
16 59
67 14
49 19
58 16
84 11
54 17
18 51
24 38
41 22
30 30
39 23
69 13
56 16
19 47
33 27
12 74
26 34
43 20
86 10
78 11
50 17
47 18
21 40
60 14
52 16
13 64
10 83
23 36
46 18
48 17
11 74
81 10
30 27
31 26
23 35
73 11
80 10
13 61
33 24
11 72
14 56
11 71
60 13
52 15
85 9
33 23
63 12
28 27
13 58
30 25
57 13
74 10
23 32
16 46
35 21
28 26
33 22
19 38
45 16
20 36
80 9
51 14
8 89
79 9
12 59
15 47
8 88
44 16
70 10
14 50
21 33
10 69
10 68
27 25
75 9
16 42
21 32
12 56
28 24
83 8
39 17
51 13
33 20
41 16
50 13
26 25
72 9
17 38
34 19
8 80
10 64
9 71
11 58
15 42
35 18
57 11
13 48
23 27
10 62
44 14
7 88
17 36
51 12
21 29
55 11
10 60
46 13
22 27
11 54
37 16
45 13
53 11
10 58
64 9
82 7
11 52
38 15
7 81
47 12
16 35
14 40
9 62
79 7
46 12
10 55
14 39
10 54
30 18
49 11
19 28
59 9
44 12
87 6
18 29
8 65
7 74
37 14
86 6
22 23
11 46
14 36
84 6
12 42
10 50
11 45
29 17
18 27
7 69
37 13
17 28
68 7
25 19
11 43
7 66
35 13
10 45
50 9
13 34
49 9
8 55
10 44
16 27
24 18
14 30
7 60
35 12
22 19
11 37
29 14
6 67
11 36
33 12
66 6
14 28
17 23
9 43
11 35
10 38
7 54
14 27
42 9
13 29
47 8
15 25
53 7
9 40
36 10
16 22
11 32
13 27
9 39
23 15
7 49
57 6
11 31
34 10
17 20
56 6
16 21
48 7
9 37
55 6
33 10
11 30
8 41
16 20
9 35
7 45
8 38
7 43
25 12
7 42
14 21
10 29
12 24
26 11
6 47
6 46
21 13
34 8
45 6
7 38
6 44
11 24
29 9
43 6
11 23
7 36
21 12
6 41
9 27
30 8
24 10
12 20
9 26
6 38
25 9
16 14
6 37
7 31
14 15
26 8
13 16
25 8
24 8
12 16
6 32
9 21
8 23
15 12
28 6
7 24
12 14
8 21
23 7
25 6
6 24
8 18
16 9
23 6
6 22
10 13
8 16
6 21
12 10
20 6
7 16
6 18
9 12
11 9
6 16
7 13
9 10
15 6
11 8
14 6
9 9
7 11
12 6
8 8
8 7
9 6
7 6
